1      0.0634781        1939.91        1939.97        1939.97    5.53903e-05    -6.2273e-05
2       0.245315        1939.73        1939.97        1939.97     0.00017293   -0.000234923
3       0.521053        1939.45        1939.97        1939.97    0.000244065   -0.000477366
4       0.854182        1939.11        1939.97        1939.97    0.000190152   -0.000728054
5        1.20184        1938.76        1939.96        1939.96    5.10185e-05   -0.000912636
6        1.52155        1938.44        1939.96        1939.96    1.78426e-05   -0.000953512
7        1.77783        1938.18        1939.96        1939.96    0.000386615   -0.000779323
8        1.94761        1938.01        1939.96        1939.96     0.00145268   -0.000332868
9        2.02346        1937.93        1939.96        1939.96     0.00339916    0.000423748
10        2.01407        1937.94        1939.95        1939.96     0.00623479     0.00150745
11        1.94194        1938.01        1939.95        1939.96     0.00980944     0.00291616
12        1.83868        1938.11        1939.95        1939.97      0.0138967     0.00463375
13        1.73902         1938.2        1939.94        1939.97      0.0183037     0.00663719
14        1.67447        1938.26        1939.94        1939.97      0.0229633     0.00890422
15        1.66796        1938.26        1939.93        1939.97      0.0279824      0.0114204
16        1.73032        1938.19        1939.92        1939.97      0.0336418      0.0141843
17        1.85909        1938.05        1939.91        1939.97      0.0403632      0.0172098
18        2.03988        1937.86         1939.9        1939.97       0.048657      0.0205256
19        2.24982        1937.63        1939.88        1939.97      0.0590601      0.0241721
20        2.46247         1937.4        1939.86        1939.96      0.0720651       0.028196
21        2.65313        1937.19        1939.84        1939.96      0.0880467      0.0326447
22        2.80366        1937.01        1939.82        1939.96         0.1072      0.0375607
23        2.90569        1936.88        1939.79        1939.96       0.129518      0.0429774
24        2.96186         1936.8        1939.76        1939.96       0.154822      0.0489175
25        2.98472        1936.74        1939.73        1939.96       0.182858      0.0553932
26        2.99371         1936.7        1939.69        1939.97       0.213429      0.0624094
27        3.01082        1936.64        1939.65        1939.97       0.246541      0.0699676
28        3.05586        1936.55        1939.61        1939.97         0.2825      0.0780713
29        3.14228        1936.42        1939.56        1939.97       0.321951      0.0867298
30        3.27433        1936.23        1939.51        1939.97       0.365834      0.0959618
31        3.44609           1936        1939.45        1939.97       0.415267       0.105796
32        3.64252        1935.74        1939.38        1939.97       0.471377       0.116269
33        3.84231        1935.46         1939.3        1939.97       0.535101       0.127424
34          4.022         1935.2        1939.22        1939.96       0.606999       0.139305
35        4.16049        1934.96        1939.12        1939.96       0.687104       0.151948
36        4.24318        1934.78        1939.02        1939.96       0.774866       0.165383
37        4.26481        1934.65        1938.91        1939.96        0.86921       0.179625
38        4.23062        1934.57         1938.8        1939.96       0.968722       0.194677
39         4.1554        1934.53        1938.68        1939.96        1.07194       0.210525
40        4.06082         1934.5        1938.56        1939.97        1.17768       0.227151
41        3.97146        1934.47        1938.44        1939.97        1.28533       0.244526
42        3.91034         1934.4        1938.31        1939.97        1.39504       0.262626
43        3.89482        1934.28        1938.18        1939.97        1.50774       0.281431
44        3.93352        1934.11        1938.04        1939.97        1.62503        0.30093
45        4.02484        1933.87         1937.9        1939.97        1.74887       0.321124
46        4.15734        1933.59        1937.74        1939.97        1.88125       0.342024
47        4.31172        1933.27        1937.58        1939.97         2.0238        0.36365
48        4.46423        1932.94         1937.4        1939.96        2.17744       0.386026
49        4.59068        1932.62        1937.21        1939.96        2.34216       0.409174
50        4.67047        1932.34        1937.01        1939.96        2.51687       0.433109
51        4.68985        1932.11         1936.8        1939.96        2.69952       0.457832
52        4.64398        1931.95        1936.59        1939.96        2.88727       0.483333
53        4.53734        1931.84        1936.37        1939.96        3.07691       0.509582
54        4.38263        1931.78        1936.16        1939.96        3.26533       0.536538
55        4.19827        1931.75        1935.95        1939.96        3.44989       0.564144
56        4.00527        1931.74        1935.74        1939.96        3.62885       0.592339
57        3.82373        1931.72        1935.54        1939.96         3.8015       0.621057
58        3.66989        1931.68        1935.35        1939.97        3.96814       0.650233
59        3.55391         1931.6        1935.16        1939.97        4.12994        0.67981
60        3.47884        1931.49        1934.97        1939.97        4.28854       0.709738
61        3.44082        1931.34        1934.78        1939.97        4.44572       0.739975
62        3.43037        1931.16        1934.59        1939.96        4.60301       0.770487
63        3.43441        1930.97         1934.4        1939.96         4.7614       0.801246
64        3.43876        1930.77        1934.21        1939.96        4.92117       0.832228
65        3.43065        1930.59        1934.02        1939.96        5.08183       0.863406
66         3.4007        1930.42        1933.82        1939.96        5.24228       0.894754
67        3.34428        1930.29        1933.63        1939.96        5.40098       0.926238
68        3.26197        1930.19        1933.45        1939.96        5.55623        0.95782
69        3.15908        1930.11        1933.27        1939.96        5.70648       0.989456
70        3.04448        1930.05        1933.09        1939.96        5.85059         1.0211
71        2.92887        1929.99        1932.92        1939.96        5.98799         1.0527
72        2.82288        1929.94        1932.76        1939.96        6.11875        1.08421
73        2.73536        1929.87         1932.6        1939.96        6.24352        1.11559
74          2.672        1929.78        1932.45        1939.96        6.36339         1.1468
75        2.63458        1929.67        1932.31        1939.96        6.47968         1.1778
76        2.62093        1929.54        1932.16        1939.96        6.59372        1.20858
77        2.62546        1929.39        1932.02        1939.96        6.70661        1.23911
78        2.64028        1929.23        1931.87        1939.96        6.81907        1.26939
79        2.65652        1929.07        1931.73        1939.96        6.93139         1.2994
80        2.66585        1928.92        1931.59        1939.96        7.04336        1.32914
81        2.66172        1928.79        1931.45        1939.96        7.15442        1.35861
82        2.64032        1928.67        1931.31        1939.96        7.26374        1.38779
83        2.60103        1928.57        1931.17        1939.96        7.37036        1.41668
84        2.54632         1928.5        1931.04        1939.96        7.47344        1.44526
85        2.48117        1928.43        1930.92        1939.96        7.57232        1.47352
86        2.41219        1928.38        1930.79        1939.96        7.66666        1.50145
87        2.34643        1928.33        1930.68        1939.96        7.75648        1.52902
88        2.29028        1928.27        1930.56        1939.96        7.84215        1.55624
89        2.24846        1928.21        1930.46        1939.96         7.9243        1.58308
90        2.22336        1928.13        1930.35        1939.96        8.00373        1.60955
91         2.2148        1928.03        1930.25        1939.96        8.08124        1.63565
92        2.22011        1927.92        1930.14        1939.96        8.15759        1.66138
93        2.23472        1927.81        1930.04        1939.96        8.23334        1.68676
94        2.25289        1927.69        1929.94        1939.96        8.30878        1.71179
95        2.26868        1927.57        1929.84        1939.96        8.38398         1.7365
96        2.27685        1927.46        1929.74        1939.96        8.45874        1.76089
97        2.27368        1927.37        1929.64        1939.96        8.53266        1.78497
98        2.25742        1927.29        1929.55        1939.96        8.60526        1.80877
99        2.22852        1927.22        1929.45        1939.96        8.67604        1.83228
100        2.18945        1927.17        1929.36        1939.96        8.74457        1.85551
101        2.14422        1927.13        1929.27        1939.96        8.81054        1.87847
102        2.09772        1927.09        1929.19        1939.96        8.87386        1.90115
103        2.05493        1927.05         1929.1        1939.96        8.93464        1.92357
104        2.02016           1927        1929.02        1939.96        8.99316        1.94572
105        1.99644        1926.95        1928.94        1939.96        9.04984        1.96761
106        1.98511        1926.88        1928.87        1939.96        9.10518        1.98924
107        1.98573        1926.81        1928.79        1939.96         9.1597        2.01063
108        1.99622        1926.72        1928.72        1939.96        9.21384         2.0318
109        2.01329        1926.63        1928.64        1939.96        9.26794        2.05275
110        2.03298        1926.53        1928.57        1939.96        9.32221         2.0735
111        2.05132        1926.44        1928.49        1939.96        9.37669        2.09407
112        2.06488        1926.35        1928.41        1939.96         9.4313        2.11447
113        2.07132        1926.27        1928.34        1939.96        9.48586        2.13472
114        2.06961         1926.2        1928.27        1939.96        9.54012        2.15483
115        2.06012        1926.13        1928.19        1939.96        9.59381        2.17481
116        2.04441        1926.07        1928.12        1939.96        9.64672        2.19467
117        2.02492        1926.02        1928.05        1939.96        9.69868         2.2144
118        2.00449        1925.97        1927.98        1939.96        9.74965        2.23403
119         1.9858        1925.92        1927.91        1939.96        9.79965        2.25355
120        1.97098        1925.87        1927.84        1939.96         9.8488        2.27297
121        1.96122        1925.81        1927.77        1939.96        9.89727        2.29228
122        1.95664        1925.75         1927.7        1939.96        9.94526        2.31151
123        1.95628        1925.68        1927.64        1939.96        9.99294        2.33064
124         1.9583        1925.61        1927.57        1939.96        10.0405         2.3497
125        1.96036        1925.54         1927.5        1939.96        10.0879        2.36869
126        1.95999        1925.48        1927.44        1939.96        10.1351        2.38761
127        1.95508        1925.42        1927.37        1939.96        10.1822        2.40647
128        1.94419        1925.36        1927.31        1939.96        10.2288        2.42528
129        1.92683        1925.31        1927.24        1939.96        10.2748        2.44404
130        1.90356        1925.27        1927.18        1939.96          10.32        2.46274
131        1.87588        1925.24        1927.11        1939.96        10.3643         2.4814
132        1.84602        1925.21        1927.05        1939.96        10.4075        2.50001
133        1.81659        1925.18        1926.99        1939.96        10.4495        2.51856
134        1.79017        1925.14        1926.93        1939.96        10.4906        2.53705
135        1.76892        1925.11        1926.87        1939.96        10.5307        2.55549
136        1.75427        1925.06        1926.82        1939.96        10.5701        2.57387
137        1.74671        1925.01        1926.76        1939.96         10.609        2.59219
138        1.74573        1924.96         1926.7        1939.96        10.6477        2.61046
139        1.74989         1924.9        1926.65        1939.96        10.6863        2.62867
140        1.75708        1924.83        1926.59        1939.96         10.725        2.64683
141        1.76482        1924.77        1926.53        1939.96        10.7638        2.66496
142        1.77064         1924.7        1926.47        1939.96        10.8028        2.68304
143        1.77242        1924.64        1926.42        1939.96        10.8418        2.70108
144        1.76868        1924.59        1926.36        1939.96        10.8807        2.71909
145        1.75878        1924.54         1926.3        1939.96        10.9193        2.73707
146        1.74298         1924.5        1926.25        1939.96        10.9575        2.75502
147        1.72236        1924.47        1926.19        1939.96         10.995        2.77294
148        1.69861        1924.44        1926.14        1939.96        11.0317        2.79082
149        1.67383        1924.41        1926.08        1939.96        11.0676        2.80865
150        1.65014        1924.38        1926.03        1939.96        11.1026        2.82645
151        1.62941        1924.35        1925.98        1939.96        11.1368        2.84419
152        1.61304        1924.32        1925.93        1939.96        11.1703        2.86188
153        1.60175        1924.28        1925.88        1939.96        11.2033        2.87952
154        1.59552        1924.23        1925.83        1939.96        11.2359        2.89711
155        1.59367        1924.18        1925.78        1939.96        11.2682        2.91464
156        1.59494        1924.13        1925.73        1939.96        11.3005        2.93211
157        1.59777        1924.08        1925.68        1939.96        11.3327        2.94954
158        1.60046        1924.03        1925.63        1939.96         11.365        2.96691
159        1.60146        1923.98        1925.58        1939.96        11.3972        2.98423
160        1.59957        1923.93        1925.53        1939.96        11.4292        3.00151
161        1.59405        1923.89        1925.48        1939.96        11.4611        3.01874
162         1.5847        1923.85        1925.43        1939.96        11.4927        3.03591
163        1.57185        1923.81        1925.38        1939.96        11.5238        3.05304
164        1.55625        1923.78        1925.34        1939.96        11.5544        3.07012
165        1.53891        1923.75        1925.29        1939.96        11.5844        3.08714
166        1.52096        1923.72        1925.24        1939.96        11.6138         3.1041
167        1.50348        1923.69         1925.2        1939.96        11.6425          3.121
168        1.48731        1923.66        1925.15        1939.96        11.6706        3.13783
169          1.473        1923.63        1925.11        1939.96        11.6981         3.1546
170        1.46077         1923.6        1925.06        1939.96        11.7251         3.1713
171        1.45048        1923.57        1925.02        1939.96        11.7517        3.18792
172        1.44176        1923.54        1924.98        1939.96        11.7779        3.20447
173        1.43407         1923.5        1924.94        1939.96        11.8037        3.22095
174        1.42683        1923.47        1924.89        1939.96        11.8292        3.23735
175        1.41953        1923.43        1924.85        1939.96        11.8543        3.25367
176        1.41182         1923.4        1924.81        1939.96        11.8791        3.26991
177        1.40355        1923.37        1924.77        1939.96        11.9035        3.28608
178        1.39479        1923.34        1924.73        1939.96        11.9276        3.30217
179        1.38577         1923.3        1924.69        1939.96        11.9513        3.31817
180        1.37685        1923.27        1924.65        1939.96        11.9747        3.33409
181        1.36842        1923.24        1924.61        1939.96        11.9976        3.34993
182        1.36079        1923.21        1924.57        1939.96        12.0202        3.36569
183        1.35415        1923.18        1924.54        1939.96        12.0425        3.38136
184         1.3485        1923.15         1924.5        1939.96        12.0645        3.39694
185        1.34365        1923.12        1924.46        1939.96        12.0862        3.41244
186        1.33923        1923.09        1924.42        1939.96        12.1077        3.42786
187        1.33473        1923.05        1924.39        1939.96        12.1289        3.44318
188        1.32961        1923.02        1924.35        1939.96        12.1499        3.45842
189        1.32338        1922.99        1924.32        1939.96        12.1706        3.47358
190        1.31563        1922.96        1924.28        1939.96         12.191        3.48865
191        1.30618        1922.94        1924.25        1939.96        12.2111        3.50363
192        1.29503        1922.92        1924.21        1939.96        12.2307        3.51852
193        1.28244        1922.89        1924.18        1939.96          12.25        3.53333
194        1.26884        1922.87        1924.14        1939.96        12.2687        3.54804
195        1.25481        1922.86        1924.11        1939.96         12.287        3.56266
196        1.24099        1922.84        1924.08        1939.96        12.3048        3.57718
197        1.22797        1922.82        1924.05        1939.96        12.3222        3.59161
198        1.21623         1922.8        1924.02        1939.96        12.3391        3.60594
199         1.2061        1922.78        1923.98        1939.96        12.3556        3.62017
200        1.19766        1922.76        1923.95        1939.96        12.3717         3.6343
201        1.19079        1922.73        1923.92        1939.96        12.3876        3.64833
202        1.18513        1922.71        1923.89        1939.96        12.4031        3.66226
203        1.18022        1922.69        1923.87        1939.96        12.4185        3.67609
204        1.17548        1922.66        1923.84        1939.96        12.4336        3.68982
205        1.17035        1922.64        1923.81        1939.96        12.4485        3.70345
206        1.16432        1922.62        1923.78        1939.96        12.4631        3.71698
207        1.15706        1922.59        1923.75        1939.96        12.4775        3.73041
208        1.14839        1922.58        1923.72        1939.96        12.4915        3.74374
209        1.13836        1922.56         1923.7        1939.96        12.5053        3.75698
210         1.1272        1922.54        1923.67        1939.96        12.5186        3.77011
211         1.1153        1922.53        1923.65        1939.96        12.5317        3.78315
212        1.10316        1922.52        1923.62        1939.96        12.5443        3.79608
213         1.0913         1922.5        1923.59        1939.96        12.5566        3.80891
214        1.08022        1922.49        1923.57        1939.96        12.5685        3.82164
215        1.07034        1922.48        1923.55        1939.96          12.58        3.83427
216        1.06191        1922.46        1923.52        1939.96        12.5913        3.84679
217        1.05504        1922.44         1923.5        1939.96        12.6023        3.85921
218        1.04966        1922.43        1923.48        1939.96        12.6131        3.87152
219        1.04554        1922.41        1923.45        1939.96        12.6237        3.88373
220        1.04235        1922.39        1923.43        1939.96        12.6341        3.89584
221        1.03967        1922.37        1923.41        1939.96        12.6443        3.90785
222        1.03706        1922.35        1923.39        1939.96        12.6545        3.91976
223        1.03411        1922.33        1923.36        1939.96        12.6644        3.93157
224        1.03051        1922.31        1923.34        1939.96        12.6743        3.94329
225        1.02601         1922.3        1923.32        1939.96        12.6839        3.95491
226        1.02052        1922.28         1923.3        1939.96        12.6934        3.96643
227        1.01405        1922.27        1923.28        1939.96        12.7027        3.97786
228        1.00672        1922.25        1923.26        1939.96        12.7118         3.9892
229       0.998727        1922.24        1923.24        1939.96        12.7206        4.00044
230       0.990333        1922.23        1923.22        1939.96        12.7292        4.01159
231       0.981805        1922.22         1923.2        1939.96        12.7375        4.02264
232         0.9734        1922.21        1923.18        1939.96        12.7457         4.0336
233       0.965332         1922.2        1923.16        1939.96        12.7535        4.04447
234       0.957759        1922.19        1923.14        1939.96        12.7612        4.05524
235       0.950772        1922.17        1923.13        1939.96        12.7687        4.06592
236       0.944397        1922.16        1923.11        1939.96        12.7759        4.07651
237       0.938604        1922.15        1923.09        1939.96         12.783        4.08701
238        0.93332        1922.14        1923.07        1939.96          12.79        4.09741
239       0.928446        1922.13        1923.06        1939.96        12.7967        4.10772
240       0.923875        1922.11        1923.04        1939.96        12.8034        4.11794
241        0.91951         1922.1        1923.02        1939.96        12.8099        4.12808
242       0.915269        1922.09        1923.01        1939.96        12.8162        4.13812
243       0.911097        1922.08        1922.99        1939.96        12.8224        4.14808
244       0.906967        1922.07        1922.97        1939.96        12.8285        4.15794
245       0.902877        1922.05        1922.96        1939.96        12.8345        4.16773
246       0.898842        1922.04        1922.94        1939.96        12.8403        4.17742
247       0.894887        1922.03        1922.93        1939.96        12.8461        4.18704
248       0.891039        1922.02        1922.91        1939.96        12.8517        4.19657
249       0.887316        1922.01         1922.9        1939.96        12.8572        4.20601
250       0.883724           1922        1922.88        1939.96        12.8625        4.21538
251       0.880249        1921.99        1922.87        1939.96        12.8678        4.22466
252        0.87686        1921.98        1922.85        1939.96         12.873        4.23387
253       0.873513        1921.97        1922.84        1939.96        12.8781        4.24299
254       0.870151        1921.95        1922.82        1939.96        12.8831        4.25204
255       0.866716        1921.94        1922.81        1939.96        12.8879        4.26101
256       0.863155        1921.93         1922.8        1939.96        12.8927         4.2699
257        0.85943        1921.92        1922.78        1939.96        12.8974        4.27872
258        0.85552        1921.91        1922.77        1939.96         12.902        4.28747
259        0.85143        1921.91        1922.76        1939.96        12.9065        4.29614
260       0.847192         1921.9        1922.74        1939.96        12.9109        4.30473
261       0.842858        1921.89        1922.73        1939.96        12.9151        4.31326
262         0.8385        1921.88        1922.72        1939.96        12.9193        4.32171
263       0.834197        1921.87        1922.71        1939.96        12.9234        4.33009
264       0.830027        1921.86        1922.69        1939.96        12.9274         4.3384
265       0.826057        1921.86        1922.68        1939.96        12.9312        4.34663
266       0.822328        1921.85        1922.67        1939.96         12.935         4.3548
267       0.818851        1921.84        1922.66        1939.96        12.9387         4.3629
268       0.815599        1921.83        1922.65        1939.96        12.9424        4.37093
269       0.812511        1921.82        1922.63        1939.96        12.9459        4.37889
270       0.809493        1921.81        1922.62        1939.96        12.9494        4.38679
271       0.806426        1921.81        1922.61        1939.96        12.9528        4.39462
272       0.803187         1921.8         1922.6        1939.96        12.9561        4.40238
273       0.799657        1921.79        1922.59        1939.96        12.9594        4.41007
274       0.795743        1921.78        1922.58        1939.96        12.9626        4.41771
275       0.791389        1921.78        1922.57        1939.96        12.9657        4.42528
276        0.78659        1921.77        1922.56        1939.96        12.9687        4.43278
277       0.781395        1921.77        1922.55        1939.96        12.9716        4.44022
278       0.775908        1921.76        1922.54        1939.96        12.9744         4.4476
279       0.770277        1921.76        1922.53        1939.96        12.9771        4.45491
280       0.764683        1921.75        1922.52        1939.96        12.9798        4.46216
281       0.759315        1921.75        1922.51        1939.96        12.9823        4.46935
282       0.754353        1921.74         1922.5        1939.96        12.9848        4.47647
283       0.749943        1921.74        1922.49        1939.96        12.9871        4.48354
284        0.74618        1921.73        1922.48        1939.96        12.9894        4.49053
285       0.743092        1921.73        1922.47        1939.96        12.9916        4.49747
286       0.740638        1921.72        1922.46        1939.96        12.9938        4.50434
287        0.73871        1921.71        1922.45        1939.96        12.9959        4.51116
288       0.737148        1921.71        1922.44        1939.96         12.998        4.51791
289       0.735753         1921.7        1922.44        1939.96        13.0001         4.5246
290       0.734317        1921.69        1922.43        1939.96        13.0021        4.53124
291       0.732647        1921.69        1922.42        1939.96        13.0041        4.53782
292       0.730586        1921.68        1922.41        1939.96         13.006        4.54434
293       0.728037        1921.67         1922.4        1939.96        13.0079         4.5508
294       0.724969        1921.67        1922.39        1939.96        13.0097        4.55721
295       0.721419        1921.66        1922.38        1939.96        13.0115        4.56356
296       0.717486        1921.66        1922.38        1939.96        13.0133        4.56986
297       0.713316        1921.66        1922.37        1939.96        13.0149         4.5761
298       0.709075        1921.65        1922.36        1939.96        13.0166        4.58228
299       0.704925        1921.65        1922.35        1939.96        13.0181        4.58842
300       0.701004        1921.64        1922.35        1939.96        13.0196        4.59449
301       0.697403        1921.64        1922.34        1939.96         13.021        4.60052
302       0.694154        1921.64        1922.33        1939.96        13.0224        4.60649
303       0.691231        1921.63        1922.32        1939.96        13.0238         4.6124
304       0.688554        1921.63        1922.32        1939.96        13.0251        4.61826
305       0.686006        1921.62        1922.31        1939.96        13.0263        4.62407
306       0.683455        1921.62         1922.3        1939.96        13.0276        4.62983
307        0.68078        1921.61         1922.3        1939.96        13.0287        4.63553
308        0.67789        1921.61        1922.29        1939.96        13.0299        4.64118
309       0.674747        1921.61        1922.28        1939.96         13.031        4.64678
310       0.671372         1921.6        1922.28        1939.96        13.0321        4.65233
311       0.667848         1921.6        1922.27        1939.96        13.0331        4.65783
312       0.664305         1921.6        1922.26        1939.96         13.034        4.66327
313       0.660905         1921.6        1922.26        1939.96         13.035        4.66867
314       0.657817        1921.59        1922.25        1939.96        13.0359        4.67402
315       0.655185        1921.59        1922.24        1939.96        13.0367        4.67931
316       0.653108        1921.58        1922.24        1939.96        13.0376        4.68455
317       0.651618        1921.58        1922.23        1939.96        13.0384        4.68975
318       0.650671        1921.58        1922.23        1939.96        13.0391        4.69489
319       0.650151        1921.57        1922.22        1939.96        13.0399        4.69999
320        0.64988        1921.56        1922.21        1939.96        13.0407        4.70504
321       0.649643        1921.56        1922.21        1939.96        13.0414        4.71004
322       0.649219        1921.55         1922.2        1939.96        13.0421          4.715
323        0.64841        1921.55         1922.2        1939.96        13.0429        4.71991
324       0.647075        1921.54        1922.19        1939.96        13.0436        4.72477
325       0.645148        1921.54        1922.19        1939.96        13.0442        4.72959
326       0.642653        1921.54        1922.18        1939.96        13.0449        4.73437
327       0.639703        1921.54        1922.18        1939.96        13.0455         4.7391
328       0.636482        1921.53        1922.17        1939.96        13.0461        4.74379
329       0.633224        1921.53        1922.16        1939.96        13.0467        4.74844
330       0.630178        1921.53        1922.16        1939.96        13.0472        4.75304
331       0.627568        1921.53        1922.15        1939.96        13.0477         4.7576
332       0.625566        1921.52        1922.15        1939.96        13.0482        4.76211
333        0.62426        1921.52        1922.14        1939.96        13.0487        4.76658
334       0.623638        1921.52        1922.14        1939.96        13.0491        4.77101
335       0.623591        1921.51        1922.13        1939.96        13.0496         4.7754
336       0.623923        1921.51        1922.13        1939.96          13.05        4.77974
337       0.624375         1921.5        1922.13        1939.96        13.0504        4.78405
338       0.624664         1921.5        1922.12        1939.96        13.0509        4.78831
339       0.624521        1921.49        1922.12        1939.96        13.0513        4.79254
340       0.623726        1921.49        1922.11        1939.96        13.0517        4.79673
341       0.622145        1921.48        1922.11        1939.96        13.0521        4.80088
342       0.619742        1921.48         1922.1        1939.96        13.0525        4.80499
343       0.616592        1921.48         1922.1        1939.96        13.0529        4.80906
344       0.612866        1921.48        1922.09        1939.96        13.0532         4.8131
345       0.608811        1921.48        1922.09        1939.96        13.0535        4.81709
346       0.604715        1921.48        1922.08        1939.96        13.0538        4.82105
347        0.60087        1921.48        1922.08        1939.96         13.054        4.82497
348        0.59753        1921.48        1922.08        1939.96        13.0543        4.82886
349       0.594879        1921.48        1922.07        1939.96        13.0545         4.8327
350        0.59301        1921.48        1922.07        1939.96        13.0546         4.8365
351       0.591911        1921.47        1922.06        1939.96        13.0548        4.84027
352       0.591474        1921.47        1922.06        1939.96        13.0549          4.844
353        0.59151        1921.47        1922.06        1939.96        13.0551        4.84768
354       0.591781        1921.46        1922.05        1939.96        13.0553        4.85134
355       0.592031        1921.46        1922.05        1939.96        13.0554        4.85495
356       0.592027        1921.45        1922.05        1939.96        13.0556        4.85853
357       0.591587        1921.45        1922.04        1939.96        13.0557        4.86207
358       0.590602        1921.45        1922.04        1939.96        13.0558        4.86558
359       0.589051        1921.45        1922.03        1939.96         13.056        4.86906
360       0.586995        1921.44        1922.03        1939.96        13.0561         4.8725
361       0.584561        1921.44        1922.03        1939.96        13.0562         4.8759
362       0.581921        1921.44        1922.02        1939.96        13.0563        4.87927
363       0.579263        1921.44        1922.02        1939.96        13.0563        4.88261
364       0.576756        1921.44        1922.02        1939.96        13.0564        4.88591
365       0.574526        1921.44        1922.01        1939.96        13.0564        4.88918
366       0.572638        1921.44        1922.01        1939.96        13.0564        4.89241
367        0.57109        1921.44        1922.01        1939.96        13.0565        4.89561
368       0.569813        1921.43           1922        1939.96        13.0565        4.89877
369        0.56869        1921.43           1922        1939.96        13.0565         4.9019
370       0.567575        1921.43           1922        1939.96        13.0564          4.905
371       0.566324        1921.43           1922        1939.96        13.0564        4.90806
372       0.564819        1921.43        1921.99        1939.96        13.0564        4.91109
373        0.56299        1921.43        1921.99        1939.96        13.0564        4.91408
374       0.560826        1921.43        1921.99        1939.96        13.0563        4.91705
375       0.558381        1921.43        1921.98        1939.96        13.0563        4.91997
376       0.555765        1921.42        1921.98        1939.96        13.0562        4.92287
377       0.553123        1921.42        1921.98        1939.96        13.0561        4.92573
378       0.550613        1921.42        1921.98        1939.96         13.056        4.92856
379       0.548381        1921.42        1921.97        1939.96        13.0559        4.93136
380       0.546529        1921.42        1921.97        1939.96        13.0558        4.93412
381       0.545104        1921.42        1921.97        1939.96        13.0557        4.93685
382       0.544083        1921.42        1921.96        1939.96        13.0556        4.93954
383       0.543376        1921.42        1921.96        1939.96        13.0554         4.9422
384        0.54284        1921.42        1921.96        1939.96        13.0553        4.94483
385         0.5423        1921.41        1921.96        1939.96        13.0552        4.94743
386       0.541577        1921.41        1921.95        1939.96         13.055        4.94999
387       0.540517        1921.41        1921.95        1939.96        13.0549        4.95252
388       0.539019        1921.41        1921.95        1939.96        13.0547        4.95502
389       0.537051        1921.41        1921.95        1939.96        13.0546        4.95749
390       0.534662        1921.41        1921.95        1939.96        13.0544        4.95993
391       0.531978        1921.41        1921.94        1939.96        13.0543        4.96233
392       0.529184        1921.41        1921.94        1939.96        13.0541        4.96471
393         0.5265        1921.41        1921.94        1939.96        13.0539        4.96705
394       0.524149        1921.41        1921.94        1939.96        13.0537        4.96935
395       0.522322        1921.41        1921.93        1939.96        13.0535        4.97163
396       0.521152        1921.41        1921.93        1939.96        13.0533        4.97387
397       0.520689        1921.41        1921.93        1939.96        13.0531        4.97609
398       0.520889        1921.41        1921.93        1939.96        13.0529        4.97826
399       0.521616        1921.41        1921.93        1939.96        13.0527        4.98041
400       0.522662         1921.4        1921.92        1939.96        13.0525        4.98253
401       0.523767         1921.4        1921.92        1939.96        13.0523        4.98462
402       0.524656         1921.4        1921.92        1939.96        13.0521        4.98667
403       0.525074        1921.39        1921.92        1939.96        13.0519         4.9887
404       0.524821        1921.39        1921.92        1939.96        13.0518         4.9907
405       0.523777        1921.39        1921.92        1939.96        13.0516        4.99267
406        0.52192        1921.39        1921.91        1939.96        13.0514        4.99461
407       0.519325        1921.39        1921.91        1939.96        13.0512        4.99653
408       0.516154        1921.39        1921.91        1939.96         13.051        4.99841
409       0.512636         1921.4        1921.91        1939.96        13.0508        5.00027
410       0.509033         1921.4        1921.91        1939.96        13.0506         5.0021
411       0.505608         1921.4        1921.91        1939.96        13.0504        5.00389
412       0.502589         1921.4         1921.9        1939.96        13.0501        5.00566
413       0.500141         1921.4         1921.9        1939.96        13.0499         5.0074
414       0.498349         1921.4         1921.9        1939.96        13.0497        5.00911
415       0.497208         1921.4         1921.9        1939.96        13.0494        5.01078
416       0.496631         1921.4         1921.9        1939.96        13.0492        5.01243
417       0.496465         1921.4         1921.9        1939.96         13.049        5.01404
418       0.496512         1921.4         1921.9        1939.96        13.0487        5.01563
419       0.496563         1921.4        1921.89        1939.96        13.0485        5.01718
420       0.496427         1921.4        1921.89        1939.96        13.0483        5.01871
421       0.495952         1921.4        1921.89        1939.96        13.0481         5.0202
422        0.49505         1921.4        1921.89        1939.96        13.0478        5.02167
423       0.493699         1921.4        1921.89        1939.96        13.0476        5.02311
424       0.491946         1921.4        1921.89        1939.96        13.0474        5.02452
425       0.489891         1921.4        1921.89        1939.96        13.0472        5.02591
426        0.48767         1921.4        1921.89        1939.96         13.047        5.02726
427        0.48543         1921.4        1921.88        1939.96        13.0467        5.02859
428       0.483306         1921.4        1921.88        1939.96        13.0465        5.02988
429       0.481398         1921.4        1921.88        1939.96        13.0463        5.03115
430       0.479761         1921.4        1921.88        1939.96        13.0461        5.03239
431       0.478394         1921.4        1921.88        1939.96        13.0458        5.03359
432       0.477244         1921.4        1921.88        1939.96        13.0456        5.03477
433       0.476218         1921.4        1921.88        1939.96        13.0454        5.03592
434       0.475202         1921.4        1921.88        1939.96        13.0452        5.03704
435       0.474075         1921.4        1921.88        1939.96         13.045        5.03813
436       0.472736         1921.4        1921.88        1939.96        13.0447        5.03919
437       0.471117         1921.4        1921.87        1939.96        13.0445        5.04023
438       0.469195         1921.4        1921.87        1939.96        13.0443        5.04123
439       0.466996        1921.41        1921.87        1939.96        13.0441         5.0422
440       0.464589        1921.41        1921.87        1939.96        13.0439        5.04315
441       0.462076        1921.41        1921.87        1939.96        13.0437        5.04407
442       0.459574        1921.41        1921.87        1939.96        13.0435        5.04495
443       0.457195        1921.41        1921.87        1939.96        13.0433        5.04581
444       0.455029        1921.41        1921.87        1939.96        13.0431        5.04663
445       0.453129        1921.42        1921.87        1939.96        13.0429        5.04743
446       0.451498        1921.42        1921.87        1939.96        13.0427        5.04819
447       0.450094        1921.42        1921.87        1939.96        13.0425        5.04893
448        0.44883        1921.42        1921.87        1939.96        13.0423        5.04963
449       0.447593        1921.42        1921.87        1939.96        13.0421         5.0503
450       0.446257        1921.42        1921.87        1939.96         13.042        5.05094
451       0.444706        1921.42        1921.87        1939.96        13.0418        5.05155
452       0.442852        1921.42        1921.87        1939.96        13.0416        5.05214
453       0.440652        1921.42        1921.87        1939.96        13.0414        5.05269
454       0.438113        1921.43        1921.87        1939.96        13.0413        5.05321
455         0.4353        1921.43        1921.86        1939.96        13.0411        5.05369
456       0.432321        1921.43        1921.86        1939.96         13.041        5.05415
457       0.429323        1921.43        1921.86        1939.96        13.0408        5.05458
458       0.426462        1921.44        1921.86        1939.96        13.0407        5.05497
459       0.423893        1921.44        1921.86        1939.96        13.0406        5.05533
460       0.421738        1921.44        1921.86        1939.96        13.0404        5.05566
461       0.420077        1921.44        1921.86        1939.96        13.0403        5.05595
462       0.418932        1921.44        1921.86        1939.96        13.0402        5.05622
463       0.418262        1921.44        1921.86        1939.96        13.0401        5.05645
464       0.417972        1921.45        1921.86        1939.96          13.04        5.05664
465       0.417921        1921.45        1921.86        1939.96        13.0399        5.05681
466       0.417942        1921.44        1921.86        1939.96        13.0398        5.05694
467       0.417861        1921.44        1921.86        1939.96        13.0398        5.05704
468       0.417522        1921.45        1921.86        1939.96        13.0397        5.05711
469       0.416806        1921.45        1921.86        1939.96        13.0397        5.05715
470       0.415643        1921.45        1921.86        1939.96        13.0396        5.05715
471       0.414022        1921.45        1921.86        1939.96        13.0396        5.05713
472       0.411993        1921.45        1921.86        1939.96        13.0395        5.05707
473       0.409651        1921.45        1921.86        1939.96        13.0395        5.05699
474       0.407131        1921.46        1921.86        1939.96        13.0395        5.05687
475        0.40458        1921.46        1921.86        1939.96        13.0395        5.05672
476       0.402146        1921.46        1921.86        1939.96        13.0395        5.05654
477       0.399949        1921.46        1921.86        1939.96        13.0395        5.05632
478       0.398072        1921.47        1921.86        1939.96        13.0395        5.05607
479       0.396551        1921.47        1921.86        1939.96        13.0396        5.05579
480       0.395369        1921.47        1921.86        1939.96        13.0396        5.05548
481       0.394464        1921.47        1921.86        1939.96        13.0397        5.05513
482       0.393739        1921.47        1921.87        1939.96        13.0398        5.05475
483       0.393078        1921.47        1921.87        1939.96        13.0398        5.05434
484       0.392364        1921.47        1921.87        1939.96        13.0399         5.0539
485       0.391498        1921.47        1921.87        1939.96          13.04        5.05343
486        0.39041        1921.48        1921.87        1939.96        13.0401        5.05292
487       0.389076        1921.48        1921.87        1939.96        13.0403        5.05238
488        0.38751        1921.48        1921.87        1939.96        13.0404        5.05181
489       0.385773        1921.48        1921.87        1939.96        13.0405         5.0512
490       0.383953        1921.48        1921.87        1939.96        13.0407        5.05057
491       0.382157        1921.49        1921.87        1939.96        13.0408         5.0499
492        0.38049        1921.49        1921.87        1939.96         13.041         5.0492
493       0.379043        1921.49        1921.87        1939.96        13.0412        5.04846
494       0.377876        1921.49        1921.87        1939.96        13.0414         5.0477
495       0.377006        1921.49        1921.87        1939.96        13.0416         5.0469
496       0.376411         1921.5        1921.87        1939.96        13.0419        5.04607
497       0.376027         1921.5        1921.87        1939.96        13.0421         5.0452
498        0.37576         1921.5        1921.87        1939.96        13.0424        5.04431
499         0.3755         1921.5        1921.87        1939.96        13.0426        5.04338
500       0.375137         1921.5        1921.87        1939.96        13.0429        5.04242
501       0.374578         1921.5        1921.88        1939.96        13.0432        5.04143
502       0.373761         1921.5        1921.88        1939.96        13.0435         5.0404
503       0.372665         1921.5        1921.88        1939.96        13.0438        5.03935
504       0.371313        1921.51        1921.88        1939.96        13.0441        5.03827
505       0.369766        1921.51        1921.88        1939.96        13.0444        5.03715
506       0.368119        1921.51        1921.88        1939.96        13.0448          5.036
507       0.366481        1921.51        1921.88        1939.96        13.0452        5.03482
508       0.364959        1921.52        1921.88        1939.96        13.0455        5.03361
509       0.363645        1921.52        1921.88        1939.96        13.0459        5.03237
510       0.362593        1921.52        1921.88        1939.96        13.0463        5.03109
511       0.361817        1921.52        1921.88        1939.96        13.0468        5.02978
512       0.361282        1921.52        1921.88        1939.96        13.0472        5.02845
513       0.360913        1921.52        1921.88        1939.96        13.0476        5.02708
514       0.360597        1921.53        1921.89        1939.96        13.0481        5.02567
515       0.360209        1921.53        1921.89        1939.96        13.0486        5.02424
516       0.359623        1921.53        1921.89        1939.96         13.049        5.02278
517       0.358736        1921.53        1921.89        1939.96        13.0495        5.02128
518       0.357481        1921.53        1921.89        1939.96          13.05        5.01976
519       0.355846        1921.54        1921.89        1939.96        13.0506         5.0182
520        0.35387        1921.54        1921.89        1939.96        13.0511        5.01662
521       0.351648        1921.54        1921.89        1939.96        13.0517          5.015
522       0.349316        1921.54        1921.89        1939.96        13.0522        5.01335
523       0.347038        1921.55         1921.9        1939.96        13.0528        5.01167
524       0.344981        1921.55         1921.9        1939.96        13.0534        5.00995
525       0.343299        1921.55         1921.9        1939.96        13.0541        5.00821
526       0.342107        1921.56         1921.9        1939.96        13.0547        5.00643
527       0.341469        1921.56         1921.9        1939.96        13.0554        5.00462
528        0.34139        1921.56         1921.9        1939.96        13.0561        5.00278
529       0.341811        1921.56         1921.9        1939.96        13.0567        5.00091
530       0.342624        1921.56         1921.9        1939.96        13.0574          4.999
531       0.343677        1921.56         1921.9        1939.96        13.0582        4.99706
532       0.344801        1921.56        1921.91        1939.96        13.0589         4.9951
533        0.34583        1921.56        1921.91        1939.96        13.0596         4.9931
534       0.346621        1921.56        1921.91        1939.96        13.0603        4.99107
535       0.347072        1921.56        1921.91        1939.96        13.0611        4.98902
536       0.347134        1921.56        1921.91        1939.96        13.0618        4.98693
537       0.346813        1921.57        1921.91        1939.96        13.0626        4.98482
538       0.346169        1921.57        1921.91        1939.96        13.0634        4.98267
539       0.345304        1921.57        1921.92        1939.96        13.0641         4.9805
540       0.344347        1921.57        1921.92        1939.96        13.0649         4.9783
541       0.343431        1921.57        1921.92        1939.96        13.0658        4.97608
542       0.342679        1921.58        1921.92        1939.96        13.0666        4.97382
543       0.342186        1921.58        1921.92        1939.96        13.0674        4.97154
544       0.342008        1921.58        1921.92        1939.96        13.0683        4.96922
545       0.342156        1921.58        1921.92        1939.96        13.0692        4.96688
546         0.3426        1921.58        1921.93        1939.96          13.07        4.96451
547       0.343275        1921.58        1921.93        1939.96        13.0709        4.96212
548       0.344096        1921.58        1921.93        1939.96        13.0718        4.95969
549       0.344972        1921.58        1921.93        1939.96        13.0727        4.95724
550       0.345821        1921.59        1921.93        1939.96        13.0736        4.95476
551       0.346583        1921.59        1921.93        1939.96        13.0745        4.95226
552       0.347229        1921.59        1921.93        1939.96        13.0755        4.94973
553       0.347764        1921.59        1921.94        1939.96        13.0764        4.94718
554       0.348221        1921.59        1921.94        1939.96        13.0773         4.9446
555       0.348659        1921.59        1921.94        1939.96        13.0783          4.942
556       0.349144        1921.59        1921.94        1939.96        13.0792        4.93937
557       0.349743        1921.59        1921.94        1939.96        13.0802        4.93672
558       0.350504        1921.59        1921.94        1939.96        13.0811        4.93404
559       0.351455        1921.59        1921.95        1939.96        13.0821        4.93134
560       0.352591         1921.6        1921.95        1939.96        13.0831        4.92862
561        0.35388         1921.6        1921.95        1939.96         13.084        4.92588
562       0.355268         1921.6        1921.95        1939.96         13.085        4.92311
563       0.356685         1921.6        1921.95        1939.96         13.086        4.92032
564       0.358064         1921.6        1921.96        1939.96        13.0869        4.91751
565       0.359349         1921.6        1921.96        1939.96        13.0879        4.91468
566        0.36051         1921.6        1921.96        1939.96        13.0889        4.91183
567        0.36155         1921.6        1921.96        1939.96        13.0899        4.90896
568       0.362506         1921.6        1921.96        1939.96        13.0908        4.90607
569       0.363447         1921.6        1921.96        1939.96        13.0918        4.90316
570       0.364465         1921.6        1921.97        1939.96        13.0928        4.90023
571       0.365661         1921.6        1921.97        1939.96        13.0938        4.89729
572       0.367128         1921.6        1921.97        1939.96        13.0947        4.89432
573       0.368939         1921.6        1921.97        1939.96        13.0957        4.89134
574       0.371126         1921.6        1921.97        1939.96        13.0967        4.88834
575       0.373678         1921.6        1921.98        1939.96        13.0977        4.88533
576       0.376533         1921.6        1921.98        1939.96        13.0986         4.8823
577       0.379586         1921.6        1921.98        1939.96        13.0995        4.87925
578       0.382695         1921.6        1921.98        1939.96        13.1005        4.87619
579         0.3857         1921.6        1921.99        1939.96        13.1014        4.87312
580       0.388443         1921.6        1921.99        1939.96        13.1023        4.87003
581       0.390784         1921.6        1921.99        1939.96        13.1032        4.86693
582       0.392625         1921.6        1921.99        1939.96        13.1041        4.86382
583       0.393918         1921.6        1921.99        1939.96         13.105         4.8607
584       0.394678         1921.6           1922        1939.96        13.1058        4.85757
585       0.394981         1921.6           1922        1939.96        13.1067        4.85443
586       0.394958        1921.61           1922        1939.96        13.1076        4.85128
587       0.394778        1921.61           1922        1939.96        13.1085        4.84812
588       0.394634        1921.61        1922.01        1939.96        13.1093        4.84495
589       0.394718        1921.61        1922.01        1939.96        13.1102        4.84177
590         0.3952        1921.61        1922.01        1939.96        13.1111        4.83858
591       0.396209        1921.62        1922.01        1939.96         13.112        4.83538
592       0.397821        1921.62        1922.01        1939.96        13.1129        4.83217
593       0.400047        1921.62        1922.02        1939.96        13.1138        4.82895
594       0.402837        1921.62        1922.02        1939.96        13.1146        4.82572
595       0.406086        1921.62        1922.02        1939.96        13.1155        4.82249
596       0.409647        1921.61        1922.02        1939.96        13.1163        4.81925
597       0.413349        1921.61        1922.03        1939.96        13.1171          4.816
598       0.417015        1921.61        1922.03        1939.96        13.1179        4.81274
599       0.420489        1921.61        1922.03        1939.96        13.1187        4.80949
600       0.423644        1921.61        1922.03        1939.96        13.1194        4.80623
601       0.426402        1921.61        1922.04        1939.96        13.1202        4.80296
602       0.428738        1921.61        1922.04        1939.96        13.1209         4.7997
603       0.430683        1921.61        1922.04        1939.96        13.1216        4.79643
604       0.432312        1921.61        1922.04        1939.96        13.1223        4.79316
605       0.433742        1921.61        1922.05        1939.96         13.123        4.78989
606       0.435107        1921.61        1922.05        1939.96        13.1236        4.78662
607       0.436549        1921.62        1922.05        1939.96        13.1243        4.78335
608       0.438195        1921.62        1922.05        1939.96         13.125        4.78008
609       0.440146        1921.62        1922.06        1939.96        13.1256        4.77681
610       0.442463        1921.62        1922.06        1939.96        13.1262        4.77354
611       0.445164        1921.62        1922.06        1939.96        13.1269        4.77027
612       0.448221        1921.62        1922.07        1939.96        13.1275        4.76701
613       0.451569        1921.62        1922.07        1939.96        13.1281        4.76375
614       0.455112        1921.62        1922.07        1939.96        13.1286        4.76049
615       0.458736        1921.61        1922.07        1939.96        13.1292        4.75723
616       0.462327        1921.61        1922.08        1939.96        13.1297        4.75398
617       0.465783        1921.61        1922.08        1939.96        13.1302        4.75073
618       0.469027        1921.61        1922.08        1939.96        13.1306        4.74749
619       0.472013        1921.61        1922.08        1939.96        13.1311        4.74426
620       0.474733        1921.61        1922.09        1939.96        13.1315        4.74104
621       0.477214        1921.61        1922.09        1939.96         13.132        4.73782
622       0.479512        1921.61        1922.09        1939.96        13.1324        4.73461
623       0.481704        1921.61         1922.1        1939.96        13.1328        4.73141
624       0.483874        1921.61         1922.1        1939.96        13.1331        4.72822
625       0.486103        1921.62         1922.1        1939.96        13.1335        4.72504
626       0.488458        1921.62         1922.1        1939.96        13.1339        4.72188
627       0.490982        1921.62        1922.11        1939.96        13.1342        4.71872
628       0.493691        1921.62        1922.11        1939.96        13.1345        4.71557
629       0.496575        1921.62        1922.11        1939.96        13.1348        4.71243
630       0.499602        1921.62        1922.12        1939.96        13.1351        4.70931
631       0.502729        1921.62        1922.12        1939.96        13.1354         4.7062
632       0.505908        1921.62        1922.12        1939.96        13.1356         4.7031
633       0.509102        1921.61        1922.12        1939.96        13.1358        4.70002
634       0.512288        1921.61        1922.13        1939.96         13.136        4.69695
635        0.51547        1921.61        1922.13        1939.96        13.1362        4.69389
636       0.518672        1921.61        1922.13        1939.96        13.1364        4.69085
637       0.521943        1921.61        1922.14        1939.96        13.1365        4.68783
638       0.525339        1921.61        1922.14        1939.96        13.1367        4.68482
639       0.528919        1921.61        1922.14        1939.96        13.1368        4.68184
640       0.532727        1921.61        1922.14        1939.96        13.1369        4.67886
641       0.536779        1921.61        1922.15        1939.96        13.1369        4.67591
642       0.541053        1921.61        1922.15        1939.96         13.137        4.67298
643       0.545487        1921.61        1922.15        1939.96         13.137        4.67007
644       0.549977        1921.61        1922.16        1939.96         13.137        4.66718
645       0.554387         1921.6        1922.16        1939.96        13.1369        4.66431
646       0.558564         1921.6        1922.16        1939.96        13.1369        4.66146
647       0.562356         1921.6        1922.16        1939.96        13.1368        4.65864
648       0.565636         1921.6        1922.17        1939.96        13.1367        4.65584
649       0.568322         1921.6        1922.17        1939.96        13.1366        4.65307
650       0.570389         1921.6        1922.17        1939.96        13.1365        4.65032
651       0.571884         1921.6        1922.18        1939.96        13.1364         4.6476
652        0.57292        1921.61        1922.18        1939.96        13.1362         4.6449
653        0.57367        1921.61        1922.18        1939.96        13.1361        4.64222
654       0.574343        1921.61        1922.18        1939.96         13.136        4.63958
655       0.575163        1921.61        1922.19        1939.96        13.1358        4.63695
656       0.576337        1921.61        1922.19        1939.96        13.1357        4.63436
657       0.578023        1921.61        1922.19        1939.96        13.1355        4.63178
658       0.580314        1921.61         1922.2        1939.96        13.1354        4.62924
659       0.583215        1921.61         1922.2        1939.96        13.1352        4.62672
660       0.586642        1921.61         1922.2        1939.96         13.135        4.62422
661       0.590432        1921.61         1922.2        1939.96        13.1348        4.62175
662        0.59436        1921.61        1922.21        1939.96        13.1346        4.61931
663       0.598173        1921.61        1922.21        1939.96        13.1344         4.6169
664       0.601618        1921.61        1922.21        1939.96        13.1341        4.61452
665       0.604487        1921.61        1922.21        1939.96        13.1339        4.61216
666       0.606637        1921.61        1922.22        1939.96        13.1336        4.60984
667        0.60802        1921.61        1922.22        1939.96        13.1334        4.60754
668       0.608688        1921.61        1922.22        1939.96        13.1331        4.60527
669       0.608788        1921.62        1922.22        1939.96        13.1328        4.60304
670       0.608543        1921.62        1922.23        1939.96        13.1326        4.60083
671       0.608221        1921.62        1922.23        1939.96        13.1323        4.59865
672       0.608098        1921.62        1922.23        1939.96         13.132         4.5965
673       0.608418        1921.63        1922.23        1939.96        13.1318        4.59438
674       0.609358        1921.63        1922.24        1939.96        13.1315        4.59229
675       0.611004        1921.63        1922.24        1939.96        13.1313        4.59023
676       0.613334        1921.63        1922.24        1939.96         13.131        4.58819
677       0.616226        1921.63        1922.24        1939.96        13.1307        4.58619
678       0.619472        1921.63        1922.25        1939.96        13.1305        4.58421
679       0.622809        1921.62        1922.25        1939.96        13.1302        4.58226
680       0.625957        1921.62        1922.25        1939.96        13.1299        4.58034
681       0.628663        1921.62        1922.25        1939.96        13.1296        4.57846
682       0.630734        1921.62        1922.25        1939.96        13.1293         4.5766
683       0.632064        1921.62        1922.26        1939.96         13.129        4.57478
684       0.632653        1921.63        1922.26        1939.96        13.1286        4.57298
685       0.632598        1921.63        1922.26        1939.96        13.1283        4.57122
686       0.632084        1921.63        1922.26        1939.96         13.128        4.56949
687       0.631347        1921.63        1922.26        1939.96        13.1278        4.56779
688       0.630638        1921.64        1922.27        1939.96        13.1275        4.56612
689       0.630183        1921.64        1922.27        1939.96        13.1272        4.56448
690       0.630149        1921.64        1922.27        1939.96        13.1269        4.56286
691       0.630613        1921.64        1922.27        1939.96        13.1266        4.56128
692       0.631556        1921.64        1922.27        1939.96        13.1264        4.55973
693       0.632862        1921.64        1922.28        1939.96        13.1261         4.5582
694       0.634344        1921.64        1922.28        1939.96        13.1258         4.5567
695       0.635772        1921.64        1922.28        1939.96        13.1256        4.55524
696       0.636916        1921.64        1922.28        1939.96        13.1253         4.5538
697       0.637587        1921.64        1922.28        1939.96         13.125        4.55239
698       0.637673        1921.65        1922.28        1939.96        13.1248        4.55101
699       0.637159        1921.65        1922.29        1939.96        13.1245        4.54966
700       0.636142        1921.65        1922.29        1939.96        13.1242        4.54833
701       0.634814        1921.65        1922.29        1939.96         13.124        4.54704
702       0.633441        1921.66        1922.29        1939.96        13.1238        4.54577
703       0.632322        1921.66        1922.29        1939.96        13.1235        4.54453
704       0.631741        1921.66        1922.29        1939.96        13.1233        4.54331
705       0.631927        1921.66        1922.29        1939.96        13.1231        4.54213
706       0.633008        1921.66         1922.3        1939.96        13.1228        4.54096
707       0.634988        1921.66         1922.3        1939.96        13.1226        4.53983
708       0.637743        1921.66         1922.3        1939.96        13.1224        4.53872
709       0.641029        1921.66         1922.3        1939.96        13.1222        4.53763
710       0.644514        1921.66         1922.3        1939.96        13.1219        4.53658
711       0.647823        1921.65         1922.3        1939.96        13.1217        4.53555
712       0.650588        1921.65         1922.3        1939.96        13.1215        4.53455
713       0.652503        1921.65         1922.3        1939.96        13.1212        4.53358
714       0.653368        1921.65        1922.31        1939.96         13.121        4.53264
715       0.653117        1921.65        1922.31        1939.96        13.1208        4.53172
716       0.651833        1921.66        1922.31        1939.96        13.1206        4.53084
717       0.649731        1921.66        1922.31        1939.96        13.1204        4.52998
718       0.647136        1921.66        1922.31        1939.96        13.1202        4.52915
719       0.644431        1921.67        1922.31        1939.96          13.12        4.52835
720       0.642004        1921.67        1922.31        1939.96        13.1198        4.52757
721       0.640194        1921.67        1922.31        1939.96        13.1196        4.52681
722       0.639244        1921.68        1922.31        1939.96        13.1194        4.52609
723       0.639263        1921.68        1922.32        1939.96        13.1192        4.52538
724       0.640215        1921.68        1922.32        1939.96        13.1191         4.5247
725       0.641926        1921.67        1922.32        1939.96        13.1189        4.52404
726       0.644111        1921.67        1922.32        1939.96        13.1187        4.52341
727       0.646419        1921.67        1922.32        1939.96        13.1186         4.5228
728       0.648482        1921.67        1922.32        1939.96        13.1184        4.52222
729       0.649977        1921.67        1922.32        1939.96        13.1183        4.52166
730       0.650665        1921.67        1922.32        1939.96        13.1181        4.52112
731       0.650433        1921.67        1922.32        1939.96        13.1179        4.52062
732       0.649303        1921.67        1922.32        1939.96        13.1178        4.52013
733       0.647431        1921.67        1922.32        1939.96        13.1177        4.51967
734       0.645078        1921.68        1922.32        1939.96        13.1175        4.51924
735       0.642571        1921.68        1922.32        1939.96        13.1174        4.51882
736       0.640249        1921.68        1922.32        1939.96        13.1173        4.51843
737       0.638417        1921.69        1922.32        1939.96        13.1171        4.51806
738       0.637296        1921.69        1922.33        1939.96         13.117        4.51771
739       0.636994        1921.69        1922.33        1939.96        13.1169        4.51739
740        0.63749        1921.69        1922.33        1939.96        13.1168        4.51708
741       0.638645        1921.69        1922.33        1939.96        13.1167        4.51679
742       0.640222        1921.69        1922.33        1939.96        13.1166        4.51653
743        0.64193        1921.69        1922.33        1939.96        13.1165        4.51628
744       0.643472        1921.68        1922.33        1939.96        13.1164        4.51606
745        0.64459        1921.68        1922.33        1939.96        13.1163        4.51585
746       0.645109        1921.68        1922.33        1939.96        13.1162        4.51567
747       0.644964        1921.68        1922.33        1939.96        13.1161        4.51551
748       0.644209        1921.68        1922.33        1939.96         13.116        4.51537
749       0.643008        1921.69        1922.33        1939.96        13.1159        4.51525
750       0.641603        1921.69        1922.33        1939.96        13.1158        4.51515
751       0.640276        1921.69        1922.33        1939.96        13.1157        4.51507
752       0.639301        1921.69        1922.33        1939.96        13.1157        4.51501
753       0.638896        1921.69        1922.33        1939.96        13.1156        4.51497
754       0.639184        1921.69        1922.33        1939.96        13.1155        4.51494
755        0.64017        1921.69        1922.33        1939.96        13.1155        4.51494
756       0.641737        1921.69        1922.33        1939.96        13.1154        4.51495
757       0.643665        1921.69        1922.33        1939.96        13.1153        4.51499
758       0.645656        1921.68        1922.33        1939.96        13.1153        4.51504
759       0.647389        1921.68        1922.33        1939.96        13.1152        4.51511
760       0.648565        1921.68        1922.33        1939.96        13.1152         4.5152
761       0.648961        1921.68        1922.33        1939.96        13.1151        4.51531
762       0.648468        1921.68        1922.33        1939.96        13.1151        4.51545
763       0.647112        1921.68        1922.33        1939.96         13.115         4.5156
764       0.645061        1921.68        1922.33        1939.96         13.115        4.51577
765       0.642603        1921.69        1922.33        1939.96        13.1149        4.51596
766        0.64011        1921.69        1922.33        1939.96        13.1149        4.51616
767       0.637986        1921.69        1922.33        1939.96        13.1149        4.51639
768       0.636614        1921.69        1922.33        1939.96        13.1148        4.51663
769       0.636299        1921.69        1922.33        1939.96        13.1148        4.51688
770        0.63722        1921.69        1922.33        1939.96        13.1148        4.51716
771       0.639411        1921.69        1922.33        1939.96        13.1147        4.51745
772       0.642746        1921.68        1922.33        1939.96        13.1147        4.51775
773        0.64696        1921.68        1922.33        1939.96        13.1147        4.51807
774       0.651684        1921.67        1922.33        1939.96        13.1147        4.51841
775       0.656493        1921.67        1922.33        1939.96        13.1147        4.51877
776       0.660967        1921.66        1922.33        1939.96        13.1147        4.51915
777       0.664748        1921.66        1922.33        1939.96        13.1147        4.51955
778       0.667586        1921.66        1922.32        1939.96        13.1147        4.51997
779       0.669377        1921.66        1922.32        1939.96        13.1147        4.52041
780        0.67017        1921.65        1922.32        1939.96        13.1147        4.52088
781       0.670159        1921.65        1922.32        1939.96        13.1148        4.52137
782       0.669654        1921.65        1922.32        1939.96        13.1148        4.52187
783       0.669033        1921.65        1922.32        1939.96        13.1148         4.5224
784       0.668688        1921.65        1922.32        1939.96        13.1149        4.52296
785       0.668969        1921.65        1922.32        1939.96        13.1149        4.52353
786       0.670135        1921.65        1922.32        1939.96         13.115        4.52412
787        0.67232        1921.65        1922.32        1939.96         13.115        4.52474
788       0.675515        1921.64        1922.32        1939.96        13.1151        4.52538
789       0.679574        1921.64        1922.32        1939.96        13.1151        4.52603
790       0.684241        1921.63        1922.32        1939.96        13.1152        4.52672
791       0.689181        1921.63        1922.32        1939.96        13.1153        4.52742
792        0.69404        1921.62        1922.32        1939.96        13.1154        4.52815
793       0.698488        1921.62        1922.32        1939.96        13.1155        4.52891
794       0.702268        1921.61        1922.31        1939.96        13.1157        4.52969
795        0.70523        1921.61        1922.31        1939.96        13.1158         4.5305
796       0.707343        1921.61        1922.31        1939.96        13.1159        4.53133
797       0.708704         1921.6        1922.31        1939.96        13.1161         4.5322
798       0.709506         1921.6        1922.31        1939.96        13.1163        4.53309
799       0.710016         1921.6        1922.31        1939.96        13.1164        4.53401
800       0.710527         1921.6        1922.31        1939.96        13.1166        4.53496
801       0.711313         1921.6        1922.31        1939.96        13.1168        4.53593
802       0.712595        1921.59        1922.31        1939.96         13.117        4.53694
803       0.714507        1921.59         1922.3        1939.96        13.1172        4.53797
804       0.717081        1921.59         1922.3        1939.96        13.1175        4.53903
805       0.720254        1921.58         1922.3        1939.96        13.1177        4.54012
806       0.723877        1921.58         1922.3        1939.96         13.118        4.54123
807        0.72775        1921.57         1922.3        1939.96        13.1182        4.54238
808       0.731655        1921.57         1922.3        1939.96        13.1185        4.54356
809       0.735393        1921.56         1922.3        1939.96        13.1188        4.54476
810       0.738819        1921.56        1922.29        1939.96        13.1191          4.546
811       0.741861        1921.55        1922.29        1939.96        13.1195        4.54728
812       0.744531        1921.55        1922.29        1939.96        13.1198        4.54858
813       0.746919        1921.54        1922.29        1939.96        13.1202        4.54992
814       0.749175        1921.54        1922.29        1939.96        13.1206        4.55129
815       0.751478        1921.53        1922.29        1939.96         13.121        4.55269
816          0.754        1921.53        1922.28        1939.96        13.1214        4.55413
817       0.756879        1921.53        1922.28        1939.96        13.1219         4.5556
818       0.760183        1921.52        1922.28        1939.96        13.1223        4.55711
819       0.763899        1921.51        1922.28        1939.96        13.1228        4.55865
820       0.767926        1921.51        1922.28        1939.96        13.1233        4.56023
821       0.772089         1921.5        1922.27        1939.96        13.1238        4.56184
822       0.776159         1921.5        1922.27        1939.96        13.1244        4.56349
823       0.779893        1921.49        1922.27        1939.96         13.125        4.56518
824       0.783066        1921.48        1922.27        1939.96        13.1256        4.56691
825       0.785508        1921.48        1922.26        1939.96        13.1262        4.56867
826       0.787136        1921.48        1922.26        1939.96        13.1269        4.57048
827        0.78797        1921.47        1922.26        1939.96        13.1276        4.57232
828       0.788134        1921.47        1922.26        1939.96        13.1282         4.5742
829       0.787841        1921.47        1922.25        1939.96         13.129        4.57612
830       0.787374        1921.46        1922.25        1939.96        13.1297        4.57808
831       0.787041        1921.46        1922.25        1939.96        13.1304        4.58008
832       0.787137        1921.46        1922.25        1939.96        13.1312        4.58212
833       0.787903        1921.46        1922.24        1939.96        13.1319        4.58419
834        0.78949        1921.45        1922.24        1939.96        13.1327         4.5863
835       0.791941        1921.45        1922.24        1939.96        13.1335        4.58845
836       0.795183        1921.44        1922.23        1939.96        13.1344        4.59064
837       0.799032        1921.43        1922.23        1939.96        13.1353        4.59286
838       0.803223        1921.43        1922.23        1939.96        13.1362        4.59513
839       0.807443        1921.42        1922.23        1939.96        13.1371        4.59743
840       0.811371        1921.41        1922.22        1939.96        13.1381        4.59977
841       0.814726         1921.4        1922.22        1939.96        13.1391        4.60216
842       0.817299         1921.4        1922.21        1939.96        13.1401        4.60459
843       0.818983        1921.39        1922.21        1939.96        13.1412        4.60705
844       0.819785        1921.39        1922.21        1939.96        13.1423        4.60956
845       0.819825        1921.38         1922.2        1939.96        13.1434        4.61212
846       0.819317        1921.38         1922.2        1939.96        13.1445        4.61471
847       0.818536        1921.38         1922.2        1939.96        13.1457        4.61734
848       0.817785        1921.38        1922.19        1939.96        13.1468        4.62002
849        0.81735        1921.37        1922.19        1939.96         13.148        4.62273
850       0.817463        1921.37        1922.19        1939.96        13.1492        4.62549
851       0.818273        1921.36        1922.18        1939.96        13.1504        4.62828
852       0.819828        1921.36        1922.18        1939.96        13.1516        4.63112
853        0.82207        1921.35        1922.17        1939.96        13.1529        4.63399
854       0.824846        1921.34        1922.17        1939.96        13.1542        4.63691
855       0.827931        1921.34        1922.16        1939.96        13.1555        4.63986
856        0.83106        1921.33        1922.16        1939.96        13.1569        4.64285
857       0.833963        1921.32        1922.16        1939.96        13.1583        4.64589
858       0.836401        1921.31        1922.15        1939.96        13.1598        4.64897
859       0.838191        1921.31        1922.15        1939.96        13.1612        4.65208
860        0.83923         1921.3        1922.14        1939.96        13.1627        4.65524
861       0.839504         1921.3        1922.14        1939.96        13.1643        4.65845
862       0.839076        1921.29        1922.13        1939.96        13.1658        4.66169
863       0.838082        1921.29        1922.13        1939.96        13.1674        4.66497
864       0.836698        1921.29        1922.12        1939.96         13.169         4.6683
865       0.835118        1921.28        1922.12        1939.96        13.1705        4.67166
866       0.833522        1921.28        1922.11        1939.96        13.1721        4.67507
867       0.832055        1921.28        1922.11        1939.96        13.1737        4.67851
868       0.830809        1921.27         1922.1        1939.96        13.1754        4.68199
869       0.829815        1921.27         1922.1        1939.96         13.177        4.68551
870       0.829045        1921.26        1922.09        1939.96        13.1786        4.68907
871       0.828423        1921.26        1922.09        1939.96        13.1803        4.69266
872       0.827846        1921.25        1922.08        1939.96         13.182        4.69629
873       0.827199        1921.25        1922.08        1939.96        13.1836        4.69995
874       0.826381        1921.24        1922.07        1939.96        13.1853        4.70365
875       0.825324        1921.24        1922.07        1939.96         13.187        4.70739
876       0.823999        1921.24        1922.06        1939.96        13.1888        4.71116
877       0.822426        1921.23        1922.05        1939.96        13.1905        4.71496
878       0.820667        1921.23        1922.05        1939.96        13.1922         4.7188
879       0.818811        1921.22        1922.04        1939.96        13.1939        4.72267
880       0.816961        1921.22        1922.04        1939.96        13.1957        4.72657
881       0.815213        1921.22        1922.03        1939.96        13.1974         4.7305
882       0.813636        1921.21        1922.03        1939.96        13.1991        4.73447
883        0.81226        1921.21        1922.02        1939.96        13.2009        4.73846
884       0.811064         1921.2        1922.01        1939.96        13.2026        4.74249
885       0.809978         1921.2        1922.01        1939.96        13.2044        4.74654
886       0.808891        1921.19           1922        1939.96        13.2061        4.75062
887       0.807662        1921.19           1922        1939.96        13.2079        4.75473
888       0.806144        1921.19        1921.99        1939.96        13.2097        4.75887
889       0.804202        1921.18        1921.99        1939.96        13.2114        4.76304
890       0.801733        1921.18        1921.98        1939.96        13.2132        4.76723
891       0.798685        1921.17        1921.97        1939.96        13.2149        4.77145
892       0.795063        1921.17        1921.97        1939.96        13.2166        4.77569
893       0.790931        1921.17        1921.96        1939.96        13.2184        4.77996
894       0.786406        1921.17        1921.96        1939.96        13.2201        4.78425
895        0.78164        1921.17        1921.95        1939.96        13.2217        4.78856
896       0.776805        1921.17        1921.94        1939.96        13.2234        4.79289
897       0.772065        1921.17        1921.94        1939.96         13.225        4.79724
898       0.767559        1921.16        1921.93        1939.96        13.2265        4.80161
899       0.763381        1921.16        1921.93        1939.96        13.2281        4.80599
900       0.759568        1921.16        1921.92        1939.96        13.2296         4.8104
901       0.756096        1921.16        1921.91        1939.96        13.2311        4.81481
902       0.752886        1921.15        1921.91        1939.96        13.2326        4.81924
903       0.749816        1921.15         1921.9        1939.96        13.2341        4.82368
904       0.746736        1921.15         1921.9        1939.96        13.2355        4.82814
905       0.743494        1921.15        1921.89        1939.96        13.2369         4.8326
906       0.739955        1921.14        1921.88        1939.96        13.2383        4.83708
907        0.73602        1921.14        1921.88        1939.96        13.2397        4.84157
908        0.73164        1921.14        1921.87        1939.96         13.241        4.84606
909       0.726823        1921.14        1921.87        1939.96        13.2423        4.85056
910       0.721632        1921.14        1921.86        1939.96        13.2436        4.85507
911       0.716177        1921.14        1921.86        1939.96        13.2448        4.85959
912       0.710596        1921.14        1921.85        1939.96         13.246         4.8641
913       0.705042        1921.14        1921.84        1939.96        13.2471        4.86862
914       0.699659        1921.14        1921.84        1939.96        13.2482        4.87314
915       0.694563        1921.14        1921.83        1939.96        13.2493        4.87766
916       0.689829        1921.14        1921.83        1939.96        13.2503        4.88218
917       0.685482        1921.14        1921.82        1939.96        13.2513         4.8867
918       0.681496        1921.13        1921.82        1939.96        13.2522        4.89122
919       0.677799        1921.13        1921.81        1939.96        13.2531        4.89573
920       0.674285        1921.13        1921.81        1939.96         13.254        4.90023
921        0.67083        1921.13         1921.8        1939.96        13.2549        4.90473
922        0.66731        1921.13        1921.79        1939.96        13.2557        4.90922
923       0.663615        1921.13        1921.79        1939.96        13.2565        4.91371
924       0.659667        1921.12        1921.78        1939.96        13.2572        4.91818
925       0.655427        1921.12        1921.78        1939.96         13.258        4.92265
926       0.650895        1921.12        1921.77        1939.96        13.2587        4.92711
927       0.646111        1921.12        1921.77        1939.96        13.2593        4.93156
928       0.641142        1921.12        1921.76        1939.96        13.2599        4.93599
929       0.636072        1921.12        1921.76        1939.96        13.2605        4.94041
930       0.630989        1921.12        1921.75        1939.96         13.261        4.94482
931       0.625967        1921.12        1921.75        1939.96        13.2615        4.94922
932       0.621057        1921.12        1921.74        1939.96         13.262        4.95359
933       0.616281        1921.12        1921.74        1939.96        13.2624        4.95795
934       0.611628        1921.12        1921.73        1939.96        13.2627        4.96229
935        0.60706        1921.12        1921.73        1939.96        13.2631        4.96662
936       0.602519        1921.12        1921.73        1939.96        13.2634        4.97092
937       0.597938        1921.12        1921.72        1939.96        13.2636         4.9752
938       0.593256        1921.12        1921.72        1939.96        13.2639        4.97946
939       0.588431        1921.12        1921.71        1939.96         13.264         4.9837
940       0.583445        1921.12        1921.71        1939.96        13.2642        4.98791
941       0.578315        1921.12         1921.7        1939.96        13.2643         4.9921
942        0.57309        1921.13         1921.7        1939.96        13.2644        4.99626
943       0.567846        1921.13        1921.69        1939.96        13.2644         5.0004
944       0.562676        1921.13        1921.69        1939.96        13.2644        5.00451
945       0.557679        1921.13        1921.69        1939.96        13.2643        5.00859
946       0.552942        1921.13        1921.68        1939.96        13.2643        5.01264
947       0.548529        1921.13        1921.68        1939.96        13.2642        5.01666
948       0.544467        1921.13        1921.68        1939.96         13.264        5.02065
949       0.540744        1921.13        1921.67        1939.96        13.2639        5.02461
950       0.537306        1921.13        1921.67        1939.96        13.2637        5.02854
951       0.534061        1921.13        1921.66        1939.96        13.2634        5.03243
952       0.530893        1921.13        1921.66        1939.96        13.2632        5.03629
953       0.527673        1921.13        1921.66        1939.96         13.263        5.04011
954       0.524278        1921.13        1921.65        1939.96        13.2627         5.0439
955       0.520607        1921.13        1921.65        1939.96        13.2624        5.04766
956       0.516591        1921.13        1921.65        1939.96        13.2621        5.05138
957       0.512209        1921.13        1921.64        1939.96        13.2617        5.05507
958       0.507487        1921.13        1921.64        1939.96        13.2614        5.05871
959       0.502495        1921.13        1921.64        1939.96         13.261        5.06232
960       0.497341        1921.14        1921.63        1939.96        13.2605        5.06589
961       0.492155        1921.14        1921.63        1939.96        13.2601        5.06943
962       0.487073        1921.14        1921.63        1939.96        13.2596        5.07292
963       0.482219        1921.14        1921.62        1939.96        13.2591        5.07637
964       0.477689        1921.14        1921.62        1939.96        13.2586        5.07978
965        0.47354        1921.14        1921.62        1939.96         13.258        5.08314
966        0.46978        1921.15        1921.62        1939.96        13.2575        5.08647
967       0.466368        1921.15        1921.61        1939.96        13.2569        5.08975
968       0.463221        1921.15        1921.61        1939.96        13.2563        5.09298
969       0.460222        1921.15        1921.61        1939.96        13.2557        5.09617
970       0.457239        1921.15        1921.61        1939.96        13.2551        5.09932
971       0.454138        1921.15         1921.6        1939.96        13.2545        5.10242
972       0.450803        1921.15         1921.6        1939.96        13.2538        5.10548
973       0.447152        1921.15         1921.6        1939.96        13.2532        5.10848
974       0.443143        1921.15         1921.6        1939.96        13.2526        5.11145
975       0.438783        1921.15        1921.59        1939.96        13.2519        5.11436
976       0.434127        1921.16        1921.59        1939.96        13.2512        5.11723
977       0.429266        1921.16        1921.59        1939.96        13.2506        5.12005
978       0.424324        1921.16        1921.59        1939.96        13.2499        5.12282
979       0.419435        1921.17        1921.58        1939.96        13.2491        5.12555
980       0.414728        1921.17        1921.58        1939.96        13.2484        5.12822
981       0.410319        1921.17        1921.58        1939.96        13.2477        5.13084
982       0.406287        1921.17        1921.58        1939.96         13.247        5.13341
983       0.402677        1921.17        1921.58        1939.96        13.2462        5.13592
984        0.39949        1921.18        1921.58        1939.96        13.2455        5.13839
985       0.396688        1921.18        1921.57        1939.96        13.2448         5.1408
986       0.394201        1921.18        1921.57        1939.96         13.244        5.14315
987       0.391938        1921.18        1921.57        1939.96        13.2433        5.14546
988       0.389801        1921.18        1921.57        1939.96        13.2426        5.14771
989       0.387693        1921.18        1921.57        1939.96        13.2419        5.14991
990       0.385536        1921.18        1921.57        1939.96        13.2412        5.15205
991       0.383274        1921.18        1921.57        1939.96        13.2405        5.15414
992       0.380879        1921.18        1921.56        1939.96        13.2398        5.15618
993       0.378351        1921.18        1921.56        1939.96        13.2391        5.15816
994       0.375712        1921.19        1921.56        1939.96        13.2385        5.16009
995       0.373002        1921.19        1921.56        1939.96        13.2378        5.16196
996       0.370267        1921.19        1921.56        1939.96        13.2372        5.16378
997       0.367551        1921.19        1921.56        1939.96        13.2365        5.16555
998       0.364891        1921.19        1921.56        1939.96        13.2359        5.16726
999       0.362305        1921.19        1921.56        1939.96        13.2353        5.16892
1000       0.359797        1921.19        1921.55        1939.96        13.2347        5.17052
2000       0.452858        1920.49        1920.94        1939.96        13.2478        5.77362
3000       0.652344        1920.14         1920.8        1939.96         13.209        5.95367
4000       0.547312        1920.47        1921.01        1939.96        13.1693         5.7765
5000       0.531816        1920.58        1921.11        1939.96        13.1283        5.72131
6000       0.562359         1919.8        1920.36        1939.96        13.0868        6.51116
7000        0.56022        1919.27        1919.83        1939.96        13.0404        7.09303
8000       0.541117        1919.18        1919.72        1939.96        12.9877        7.25125
9000       0.600907        1919.43        1920.03        1939.96        12.9424         6.9845
10000       0.531863        1920.19        1920.72        1939.96        12.9063        6.33154
11000       0.542299        1919.92        1920.47        1939.96         12.874        6.61957
12000       0.562753        1919.07        1919.64        1939.96        12.8386        7.48405
13000       0.562465        1918.84         1919.4        1939.96        12.7867        7.77103
14000       0.545799         1919.2        1919.75        1939.96        12.7385         7.4749
15000        0.57332        1919.68        1920.25        1939.96        12.6896        7.01709
16000       0.524449        1919.81        1920.33        1939.96         12.639        6.98987
17000        0.55963        1920.62        1921.18        1939.96        12.6116        6.16935
18000       0.543424        1920.93        1921.47        1939.96        12.5634        5.92486
19000       0.576172        1920.08        1920.66        1939.96        12.5284        6.77318
20000       0.545718        1919.93        1920.47        1939.96        12.4751        7.01017
21000       0.565892        1919.42        1919.98        1939.96        12.4299        7.54579
22000       0.566657        1918.69        1919.26        1939.96        12.3882        8.31229
23000       0.566417         1918.1        1918.66        1939.96        12.3406        8.95442
24000       0.549171        1918.14        1918.69        1939.96         12.291        8.97942
25000       0.552185        1919.14        1919.69        1939.96         12.266        8.00373
