0 0 292.074 0 302.881 0 1337.36 0
0 0 292.074 0 302.881 0 1337.36 0
1 0.0640406 292.022 9.40736e-08 302.883 0 1337.34 5.32874e-05
2 0.247407 291.872 1.49799e-06 302.89 0 1337.3 0.000842703
3 0.525194 291.648 7.52524e-06 302.9 0 1337.23 0.00418381
4 0.860235 291.384 2.35395e-05 302.915 0 1337.13 0.0128658
5 1.20892 291.118 5.67571e-05 302.933 0 1337.01 0.0303201
6 1.52806 290.89 0.000116034 302.955 0 1336.87 0.0602025
7 1.78165 290.73 0.000211672 302.98 0 1336.7 0.10593
8 1.94635 290.655 0.000355254 303.008 0 1336.52 0.170224
9 2.0148 290.67 0.00055952 303.037 0 1336.32 0.254697
10 1.99605 290.761 0.000838266 303.067 0 1336.11 0.359548
11 1.91319 290.905 0.00120629 303.098 0 1335.89 0.483376
12 1.79851 291.069 0.00167935 303.128 0 1335.67 0.623145
13 1.68735 291.219 0.00227424 303.157 0 1335.44 0.774307
14 1.61165 291.326 0.00300889 303.184 0 1335.22 0.931064
15 1.5945 291.371 0.00390256 303.209 0 1335.01 1.08674
16 1.64649 291.347 0.00497606 303.231 0 1334.8 1.23425
17 1.76467 291.263 0.00625195 303.249 0 1334.6 1.36659
18 1.93386 291.137 0.00775465 303.264 0 1334.42 1.47734
19 2.13037 290.999 0.00951035 303.275 0 1334.25 1.56111
20 2.32697 290.876 0.0115468 303.281 0 1334.1 1.61395
21 2.49844 290.798 0.0138929 303.284 0 1333.96 1.63355
22 2.62646 290.782 0.0165778 303.283 0 1333.84 1.61941
23 2.70292 290.836 0.0196308 303.277 0 1333.73 1.57285
24 2.73116 290.953 0.0230798 303.268 0 1333.64 1.4968
25 2.7248 291.117 0.0269515 303.256 0 1333.57 1.39562
26 2.70456 291.303 0.0312706 303.241 0 1333.5 1.27468
27 2.69374 291.481 0.0360601 303.222 0 1333.45 1.14
28 2.71335 291.627 0.041341 303.202 0 1333.41 0.997816
29 2.77769 291.72 0.0471335 303.179 0 1333.37 0.854158
30 2.89146 291.75 0.0534566 303.155 0 1333.34 0.714505
31 3.0487 291.721 0.0603292 303.13 0 1333.31 0.583487
32 3.2339 291.645 0.0677701 303.104 0 1333.28 0.464685
33 3.42489 291.544 0.0757979 303.079 0 1333.25 0.360526
34 3.59719 291.442 0.0844307 303.055 0 1333.22 0.272266
35 3.72863 291.363 0.0936854 303.032 0 1333.17 0.200072
36 3.80375 291.326 0.103577 303.01 0 1333.12 0.143173
37 3.81681 291.341 0.114118 302.991 0 1333.06 0.100075
38 3.77302 291.408 0.125317 302.974 0 1332.98 0.0688043
39 3.68766 291.515 0.137178 302.961 0 1332.89 0.0471735
40 3.58331 291.643 0.149704 302.95 0 1332.78 0.0330321
41 3.48575 291.771 0.16289 302.942 0 1332.65 0.0244889
42 3.41927 291.873 0.17673 302.938 0 1332.51 0.0200886
43 3.40235 291.932 0.191216 302.936 0 1332.36 0.0189292
44 3.44431 291.937 0.206336 302.938 0 1332.19 0.0207157
45 3.54378 291.885 0.222077 302.942 0 1332 0.0257487
46 3.68886 291.786 0.238424 302.949 0 1331.8 0.0348521
47 3.85926 291.656 0.255361 302.959 0 1331.58 0.0492485
48 4.02979 291.517 0.272871 302.971 0 1331.36 0.0703954
49 4.17455 291.391 0.290932 302.986 0 1331.12 0.0997954
50 4.2713 291.3 0.309521 303.003 0 1330.88 0.138799
51 4.30496 291.258 0.328611 303.021 0 1330.63 0.188417
52 4.2699 291.27 0.348171 303.04 0 1330.38 0.249154
53 4.17043 291.334 0.368164 303.061 0 1330.12 0.320888
54 4.01974 291.439 0.388553 303.082 0 1329.87 0.402794
55 3.83734 291.566 0.409296 303.102 0 1329.62 0.493323
56 3.64558 291.696 0.430349 303.123 0 1329.37 0.590243
57 3.46604 291.808 0.451673 303.142 0 1329.13 0.690731
58 3.31617 291.886 0.473225 303.16 0 1328.9 0.791514
59 3.20691 291.92 0.494969 303.176 0 1328.69 0.889042
60 3.14156 291.907 0.516873 303.19 0 1328.48 0.979691
61 3.11585 291.853 0.538907 303.202 0 1328.3 1.05998
62 3.11936 291.769 0.561049 303.212 0 1328.12 1.12675
63 3.13775 291.67 0.583278 303.219 0 1327.96 1.17741
64 3.15546 291.574 0.605578 303.223 0 1327.82 1.21001
65 3.15845 291.495 0.627936 303.225 0 1327.7 1.22342
66 3.13646 291.446 0.650338 303.224 0 1327.59 1.21737
67 3.08455 291.434 0.672773 303.22 0 1327.5 1.19242
68 3.00354 291.459 0.695228 303.214 0 1327.42 1.14997
69 2.89955 291.514 0.717693 303.206 0 1327.36 1.0921
70 2.78261 291.589 0.740155 303.196 0 1327.31 1.02146
71 2.66479 291.67 0.762602 303.183 0 1327.28 0.941096
72 2.55799 291.744 0.785024 303.169 0 1327.25 0.854242
73 2.47201 291.798 0.807412 303.154 0 1327.23 0.764148
74 2.41303 291.823 0.829758 303.137 0 1327.22 0.673892
75 2.38277 291.815 0.852057 303.12 0 1327.22 0.586237
76 2.37841 291.774 0.874303 303.102 0 1327.22 0.503502
77 2.39335 291.705 0.896494 303.085 0 1327.22 0.427494
78 2.41835 291.619 0.918628 303.067 0 1327.22 0.359469
79 2.44326 291.524 0.940705 303.051 0 1327.22 0.300142
80 2.45859 291.434 0.962721 303.036 0 1327.21 0.249737
81 2.45706 291.356 0.984674 303.022 0 1327.2 0.208063
82 2.43462 291.298 1.00656 303.009 0 1327.18 0.174623
83 2.39091 291.263 1.02837 302.999 0 1327.16 0.148724
84 2.32916 291.251 1.05011 302.991 0 1327.12 0.129599
85 2.25544 291.256 1.07176 302.985 0 1327.07 0.116511
86 2.17759 291.274 1.09332 302.982 0 1327.02 0.10884
87 2.10382 291.295 1.11478 302.981 0 1326.95 0.10615
88 2.04143 291.312 1.13614 302.982 0 1326.87 0.108216
89 1.99569 291.32 1.15739 302.985 0 1326.79 0.115025
90 1.96908 291.314 1.17853 302.991 0 1326.69 0.126748
91 1.96102 291.293 1.19957 302.998 0 1326.58 0.143677
92 1.96812 291.258 1.22049 303.007 0 1326.47 0.166157
93 1.9848 291.213 1.24131 303.018 0 1326.35 0.194493
94 2.00427 291.164 1.26203 303.03 0 1326.23 0.228863
95 2.01964 291.117 1.28266 303.043 0 1326.1 0.26924
96 2.025 291.077 1.30318 303.057 0 1325.97 0.315323
97 2.01631 291.048 1.32362 303.071 0 1325.83 0.366498
98 1.99194 291.031 1.34397 303.085 0 1325.7 0.421818
99 1.95286 291.027 1.36423 303.099 0 1325.57 0.480021
100 1.90236 291.034 1.38439 303.112 0 1325.44 0.539571
101 1.84547 291.046 1.40446 303.125 0 1325.32 0.598725
102 1.78813 291.06 1.42444 303.136 0 1325.21 0.655618
103 1.73623 291.069 1.44432 303.147 0 1325.1 0.708369
104 1.69472 291.071 1.46411 303.156 0 1325 0.755179
105 1.66691 291.061 1.48379 303.163 0 1324.9 0.794438
106 1.65405 291.038 1.50338 303.168 0 1324.82 0.824811
107 1.65524 291.005 1.52288 303.172 0 1324.75 0.845314
108 1.66767 290.963 1.54228 303.174 0 1324.69 0.855363
109 1.68715 290.917 1.56161 303.174 0 1324.63 0.854801
110 1.70882 290.871 1.58086 303.172 0 1324.59 0.843893
111 1.72791 290.83 1.60003 303.168 0 1324.56 0.823301
112 1.7405 290.798 1.61914 303.163 0 1324.53 0.794033
113 1.744 290.776 1.63819 303.157 0 1324.52 0.757377
114 1.73752 290.765 1.65718 303.149 0 1324.5 0.714817
115 1.72185 290.764 1.67611 303.141 0 1324.5 0.667948
116 1.69924 290.77 1.695 303.132 0 1324.5 0.618391
117 1.67291 290.779 1.71383 303.122 0 1324.5 0.567712
118 1.64643 290.787 1.73262 303.111 0 1324.51 0.517353
119 1.62314 290.791 1.75138 303.101 0 1324.52 0.468581
120 1.60553 290.787 1.77009 303.09 0 1324.52 0.422447
121 1.59486 290.775 1.78878 303.08 0 1324.53 0.379777
122 1.59101 290.754 1.80745 303.07 0 1324.53 0.341163
123 1.59249 290.726 1.82611 303.062 0 1324.53 0.306984
124 1.59676 290.694 1.84477 303.053 0 1324.53 0.277429
125 1.60069 290.662 1.86343 303.046 0 1324.52 0.252537
126 1.60108 290.633 1.88212 303.04 0 1324.51 0.232231
127 1.59523 290.612 1.90084 303.036 0 1324.49 0.216364
128 1.58141 290.6 1.9196 303.032 0 1324.46 0.204752
129 1.55915 290.599 1.93839 303.03 0 1324.43 0.19721
130 1.52935 290.609 1.95724 303.03 0 1324.39 0.193569
131 1.49412 290.627 1.97614 303.031 0 1324.34 0.193694
132 1.4565 290.65 1.99509 303.033 0 1324.29 0.197488
133 1.41995 290.676 2.0141 303.036 0 1324.23 0.204884
134 1.38785 290.699 2.03315 303.041 0 1324.16 0.215835
135 1.36299 290.717 2.05226 303.046 0 1324.09 0.230295
136 1.34711 290.728 2.07141 303.052 0 1324.01 0.248197
137 1.34071 290.729 2.09061 303.059 0 1323.93 0.269431
138 1.34294 290.722 2.10985 303.067 0 1323.84 0.293817
139 1.35174 290.707 2.12914 303.075 0 1323.76 0.321096
140 1.3642 290.687 2.14846 303.084 0 1323.67 0.350908
141 1.37698 290.666 2.16783 303.093 0 1323.58 0.382794
142 1.38678 290.646 2.18724 303.101 0 1323.49 0.416189
143 1.39086 290.63 2.20668 303.11 0 1323.4 0.450437
144 1.38739 290.621 2.22616 303.118 0 1323.31 0.484807
145 1.3757 290.619 2.24567 303.126 0 1323.22 0.518509
146 1.35633 290.625 2.2652 303.134 0 1323.14 0.550731
147 1.33094 290.636 2.28475 303.14 0 1323.06 0.580659
148 1.30199 290.652 2.30432 303.146 0 1322.99 0.60752
149 1.27235 290.67 2.3239 303.152 0 1322.92 0.630605
150 1.24492 290.686 2.34349 303.156 0 1322.85 0.649301
151 1.22216 290.699 2.36307 303.159 0 1322.79 0.663121
152 1.20578 290.707 2.38265 303.161 0 1322.74 0.671716
153 1.1965 290.709 2.40223 303.163 0 1322.69 0.674896
154 1.19402 290.706 2.4218 303.163 0 1322.64 0.672633
155 1.19712 290.697 2.44137 303.162 0 1322.61 0.66506
156 1.20383 290.686 2.46093 303.16 0 1322.57 0.652466
157 1.21179 290.673 2.48049 303.157 0 1322.55 0.635278
158 1.2186 290.662 2.50005 303.154 0 1322.53 0.614045
159 1.22217 290.654 2.51962 303.149 0 1322.51 0.589409
160 1.22097 290.65 2.5392 303.144 0 1322.49 0.562082
161 1.21427 290.651 2.55879 303.139 0 1322.48 0.53281
162 1.20213 290.658 2.57839 303.133 0 1322.47 0.50235
163 1.18537 290.668 2.598 303.127 0 1322.47 0.471441
164 1.16538 290.681 2.61763 303.12 0 1322.46 0.440777
165 1.14387 290.695 2.63727 303.114 0 1322.46 0.410992
166 1.12261 290.707 2.65692 303.107 0 1322.45 0.38264
167 1.10312 290.718 2.67659 303.101 0 1322.45 0.356189
168 1.08649 290.725 2.69626 303.095 0 1322.44 0.332021
169 1.07323 290.728 2.71594 303.089 0 1322.43 0.310428
170 1.06328 290.728 2.73563 303.084 0 1322.42 0.291623
171 1.05603 290.725 2.75533 303.08 0 1322.4 0.275752
172 1.05051 290.721 2.77504 303.077 0 1322.38 0.262905
173 1.0456 290.717 2.79476 303.074 0 1322.36 0.253129
174 1.04021 290.714 2.81449 303.072 0 1322.33 0.246444
175 1.03348 290.713 2.83423 303.071 0 1322.3 0.242855
176 1.02497 290.716 2.85397 303.071 0 1322.26 0.242356
177 1.01468 290.721 2.87372 303.072 0 1322.22 0.244941
178 1.00303 290.728 2.89348 303.074 0 1322.17 0.250596
179 0.990811 290.737 2.91323 303.077 0 1322.12 0.259303
180 0.97897 290.746 2.93298 303.081 0 1322.07 0.271024
181 0.968467 290.755 2.95273 303.085 0 1322.01 0.285694
182 0.960073 290.761 2.97245 303.09 0 1321.95 0.303204
183 0.954217 290.765 2.99216 303.096 0 1321.88 0.323391
184 0.950895 290.765 3.01185 303.102 0 1321.81 0.34602
185 0.949648 290.762 3.0315 303.109 0 1321.74 0.370776
186 0.949616 290.757 3.05112 303.115 0 1321.68 0.397257
187 0.949665 290.751 3.07069 303.122 0 1321.61 0.424976
188 0.948554 290.745 3.09022 303.129 0 1321.54 0.453362
189 0.945134 290.741 3.10969 303.135 0 1321.47 0.481776
190 0.938523 290.738 3.12909 303.142 0 1321.41 0.509527
191 0.928252 290.739 3.14843 303.147 0 1321.34 0.535899
192 0.914346 290.743 3.1677 303.153 0 1321.28 0.560172
193 0.897329 290.75 3.18688 303.157 0 1321.23 0.581663
194 0.878156 290.76 3.20597 303.161 0 1321.18 0.599746
195 0.858075 290.771 3.22496 303.164 0 1321.13 0.61389
196 0.838454 290.783 3.24385 303.166 0 1321.09 0.62368
197 0.820577 290.794 3.26263 303.167 0 1321.06 0.628836
198 0.805466 290.803 3.28129 303.167 0 1321.03 0.629233
199 0.793733 290.81 3.29982 303.166 0 1321 0.6249
200 0.785496 290.814 3.31823 303.165 0 1320.98 0.616021
201 0.780368 290.815 3.3365 303.162 0 1320.97 0.602922
202 0.77752 290.815 3.35464 303.159 0 1320.96 0.586057
203 0.775805 290.813 3.37264 303.155 0 1320.95 0.565984
204 0.773932 290.812 3.3905 303.15 0 1320.95 0.543336
205 0.77065 290.811 3.40821 303.145 0 1320.95 0.518793
206 0.764936 290.813 3.42579 303.139 0 1320.96 0.493051
207 0.756134 290.817 3.44321 303.133 0 1320.96 0.466795
208 0.744049 290.823 3.46049 303.127 0 1320.97 0.440674
209 0.728968 290.832 3.47763 303.121 0 1320.97 0.415282
210 0.711616 290.843 3.49462 303.116 0 1320.98 0.391141
211 0.693043 290.854 3.51147 303.11 0 1320.99 0.368692
212 0.674474 290.865 3.52816 303.105 0 1320.99 0.348296
213 0.657136 290.874 3.54472 303.1 0 1320.99 0.330234
214 0.642084 290.881 3.56112 303.096 0 1320.99 0.314712
215 0.630065 290.885 3.57737 303.093 0 1320.99 0.301872
216 0.621415 290.886 3.59348 303.09 0 1320.98 0.291802
217 0.616035 290.884 3.60944 303.088 0 1320.97 0.284548
218 0.613409 290.88 3.62526 303.087 0 1320.96 0.280123
219 0.612697 290.874 3.64092 303.087 0 1320.94 0.278516
220 0.612856 290.868 3.65644 303.088 0 1320.92 0.279694
221 0.612794 290.862 3.6718 303.089 0 1320.9 0.283608
222 0.611521 290.859 3.68702 303.092 0 1320.87 0.290188
223 0.608277 290.857 3.70209 303.095 0 1320.83 0.299341
224 0.602625 290.858 3.717 303.098 0 1320.8 0.310946
225 0.594492 290.862 3.73175 303.103 0 1320.76 0.324845
226 0.584154 290.868 3.74635 303.107 0 1320.72 0.340837
227 0.572174 290.875 3.76078 303.112 0 1320.68 0.358675
228 0.559299 290.884 3.77504 303.118 0 1320.64 0.378057
229 0.54634 290.891 3.78913 303.123 0 1320.59 0.398633
230 0.534048 290.898 3.80305 303.129 0 1320.55 0.420002
231 0.523 290.904 3.81679 303.135 0 1320.51 0.44172
232 0.513534 290.907 3.83034 303.14 0 1320.47 0.463312
233 0.505706 290.908 3.84372 303.145 0 1320.43 0.484284
234 0.499308 290.908 3.85691 303.15 0 1320.39 0.504136
235 0.493921 290.906 3.86991 303.154 0 1320.35 0.522384
236 0.488999 290.905 3.88272 303.158 0 1320.32 0.538574
237 0.483972 290.903 3.89534 303.162 0 1320.29 0.552301
238 0.478347 290.902 3.90777 303.164 0 1320.27 0.563224
239 0.471793 290.903 3.92001 303.166 0 1320.24 0.57108
240 0.464198 290.905 3.93206 303.168 0 1320.22 0.575692
241 0.455688 290.909 3.94391 303.168 0 1320.21 0.576976
242 0.446599 290.914 3.95557 303.168 0 1320.2 0.574942
243 0.437429 290.92 3.96704 303.168 0 1320.19 0.569695
244 0.428745 290.925 3.97832 303.167 0 1320.19 0.561424
245 0.421095 290.93 3.9894 303.165 0 1320.19 0.550395
246 0.41491 290.934 4.00029 303.162 0 1320.19 0.536941
247 0.410433 290.936 4.01099 303.16 0 1320.2 0.521441
248 0.40767 290.936 4.0215 303.156 0 1320.2 0.504313
249 0.406387 290.934 4.03182 303.153 0 1320.21 0.485992
250 0.406135 290.932 4.04195 303.149 0 1320.23 0.466919
251 0.406314 290.928 4.0519 303.145 0 1320.24 0.447526
252 0.406263 290.924 4.06167 303.141 0 1320.25 0.428222
253 0.405353 290.921 4.07125 303.137 0 1320.27 0.409388
254 0.403083 290.918 4.08066 303.133 0 1320.28 0.391365
255 0.399154 290.917 4.0899 303.129 0 1320.29 0.374456
256 0.393511 290.918 4.09896 303.126 0 1320.3 0.358917
257 0.386356 290.92 4.10785 303.123 0 1320.31 0.344963
258 0.378114 290.923 4.11658 303.12 0 1320.32 0.332766
259 0.369369 290.927 4.12513 303.118 0 1320.33 0.322464
260 0.360784 290.93 4.13352 303.116 0 1320.33 0.314158
261 0.352995 290.934 4.14175 303.115 0 1320.33 0.307923
262 0.34652 290.936 4.14982 303.114 0 1320.33 0.30381
263 0.341686 290.938 4.15773 303.114 0 1320.32 0.301848
264 0.338576 290.938 4.16549 303.115 0 1320.31 0.302051
265 0.337019 290.937 4.1731 303.116 0 1320.3 0.304414
266 0.336617 290.935 4.18057 303.118 0 1320.29 0.308916
267 0.336799 290.933 4.18789 303.12 0 1320.27 0.315518
268 0.33691 290.932 4.19508 303.123 0 1320.25 0.32416
269 0.336299 290.931 4.20213 303.127 0 1320.23 0.334756
270 0.334416 290.932 4.20906 303.131 0 1320.21 0.347189
271 0.330891 290.934 4.21587 303.135 0 1320.18 0.36131
272 0.32558 290.938 4.22255 303.14 0 1320.15 0.376931
273 0.318588 290.943 4.22912 303.144 0 1320.12 0.393821
274 0.31025 290.949 4.23557 303.149 0 1320.09 0.411708
275 0.301079 290.956 4.24192 303.155 0 1320.06 0.430277
276 0.291693 290.963 4.24816 303.16 0 1320.04 0.449174
277 0.282728 290.969 4.25429 303.165 0 1320.01 0.468011
278 0.274749 290.974 4.26032 303.169 0 1319.98 0.486373
279 0.268174 290.977 4.26625 303.174 0 1319.95 0.503834
280 0.263225 290.978 4.27208 303.178 0 1319.93 0.519961
281 0.259901 290.977 4.27781 303.182 0 1319.91 0.534336
282 0.257995 290.975 4.28346 303.185 0 1319.89 0.546568
283 0.257129 290.973 4.28901 303.188 0 1319.87 0.556306
284 0.256824 290.97 4.29447 303.19 0 1319.86 0.563259
285 0.256572 290.968 4.29985 303.191 0 1319.85 0.567205
286 0.255915 290.966 4.30514 303.192 0 1319.85 0.568001
287 0.254516 290.966 4.31034 303.192 0 1319.85 0.565593
288 0.252203 290.967 4.31546 303.191 0 1319.85 0.560019
289 0.248986 290.969 4.3205 303.19 0 1319.85 0.551407
290 0.245051 290.973 4.32546 303.188 0 1319.86 0.539972
291 0.240716 290.978 4.33034 303.186 0 1319.87 0.526008
292 0.236378 290.982 4.33514 303.183 0 1319.88 0.509876
293 0.232435 290.986 4.33985 303.179 0 1319.9 0.491988
294 0.229223 290.99 4.34449 303.175 0 1319.92 0.472796
295 0.22695 290.992 4.34905 303.171 0 1319.94 0.452768
296 0.225661 290.993 4.35353 303.167 0 1319.96 0.432379
297 0.225225 290.993 4.35793 303.163 0 1319.98 0.412089
298 0.225351 290.992 4.36225 303.158 0 1320 0.392332
299 0.225633 290.991 4.36651 303.154 0 1320.02 0.373506
300 0.225611 290.989 4.37069 303.149 0 1320.03 0.355966
301 0.224844 290.988 4.3748 303.146 0 1320.05 0.340016
302 0.222986 290.989 4.37885 303.142 0 1320.07 0.325911
303 0.219839 290.99 4.38283 303.139 0 1320.08 0.313859
304 0.215398 290.993 4.38674 303.137 0 1320.09 0.304024
305 0.209856 290.998 4.3906 303.135 0 1320.09 0.296528
306 0.203589 291.003 4.39438 303.133 0 1320.1 0.291464
307 0.197105 291.009 4.39811 303.133 0 1320.1 0.288892
308 0.190983 291.016 4.40177 303.133 0 1320.09 0.288851
309 0.185788 291.022 4.40536 303.134 0 1320.08 0.291355
310 0.181999 291.027 4.40889 303.136 0 1320.07 0.296399
311 0.17994 291.031 4.41235 303.138 0 1320.06 0.303948
312 0.179733 291.033 4.41573 303.141 0 1320.04 0.313941
313 0.181284 291.033 4.41905 303.145 0 1320.02 0.32628
314 0.184294 291.032 4.4223 303.149 0 1320 0.340823
315 0.1883 291.029 4.42546 303.153 0 1319.97 0.357379
316 0.192741 291.026 4.42855 303.158 0 1319.94 0.375699
317 0.197032 291.023 4.43156 303.163 0 1319.91 0.395475
318 0.200647 291.019 4.43449 303.168 0 1319.88 0.41634
319 0.20319 291.017 4.43734 303.173 0 1319.86 0.437866
320 0.204444 291.015 4.44009 303.178 0 1319.83 0.459575
321 0.204398 291.014 4.44276 303.183 0 1319.8 0.480953
322 0.203245 291.014 4.44534 303.188 0 1319.77 0.501457
323 0.20135 291.014 4.44781 303.192 0 1319.75 0.520542
324 0.199192 291.015 4.45019 303.195 0 1319.73 0.537677
325 0.197295 291.016 4.45247 303.198 0 1319.71 0.552368
326 0.196152 291.016 4.45464 303.201 0 1319.69 0.564179
327 0.196154 291.016 4.45671 303.202 0 1319.68 0.572754
328 0.197539 291.014 4.45867 303.203 0 1319.68 0.577829
329 0.200359 291.012 4.46053 303.203 0 1319.67 0.579252
330 0.204477 291.01 4.46227 303.202 0 1319.67 0.57698
331 0.20959 291.007 4.46391 303.201 0 1319.68 0.571091
332 0.215277 291.004 4.46544 303.199 0 1319.68 0.561773
333 0.221058 291.002 4.46686 303.196 0 1319.69 0.549318
334 0.226463 291 4.46818 303.192 0 1319.71 0.534107
335 0.231097 290.999 4.46939 303.188 0 1319.73 0.516591
336 0.23469 290.999 4.4705 303.183 0 1319.75 0.497272
337 0.237128 291.001 4.47151 303.178 0 1319.77 0.476683
338 0.23846 291.003 4.47241 303.173 0 1319.79 0.455363
339 0.238882 291.005 4.47321 303.168 0 1319.82 0.433841
340 0.238699 291.008 4.47392 303.162 0 1319.84 0.412614
341 0.238274 291.01 4.47451 303.157 0 1319.86 0.39214
342 0.237971 291.012 4.47501 303.151 0 1319.89 0.372823
343 0.2381 291.013 4.4754 303.146 0 1319.91 0.355009
344 0.238875 291.013 4.47568 303.142 0 1319.93 0.338987
345 0.240393 291.012 4.47585 303.138 0 1319.95 0.324985
346 0.242626 291.011 4.47591 303.134 0 1319.96 0.31318
347 0.245438 291.009 4.47585 303.131 0 1319.98 0.303701
348 0.248623 291.007 4.47568 303.128 0 1319.99 0.296638
349 0.251949 291.005 4.47538 303.127 0 1319.99 0.292048
350 0.255203 291.004 4.47496 303.126 0 1319.99 0.289961
351 0.258236 291.004 4.47441 303.125 0 1319.99 0.290383
352 0.260996 291.004 4.47372 303.126 0 1319.99 0.293302
353 0.263535 291.005 4.47289 303.127 0 1319.98 0.298683
354 0.266006 291.007 4.47191 303.129 0 1319.97 0.306472
355 0.268634 291.009 4.47079 303.131 0 1319.95 0.316584
356 0.271676 291.01 4.4695 303.134 0 1319.94 0.328907
357 0.27537 291.011 4.46806 303.138 0 1319.92 0.343288
358 0.279886 291.011 4.46644 303.142 0 1319.9 0.359533
359 0.285285 291.01 4.46464 303.146 0 1319.87 0.3774
360 0.291496 291.008 4.46267 303.15 0 1319.85 0.396601
361 0.298312 291.005 4.46051 303.155 0 1319.82 0.416794
362 0.305406 291.001 4.45815 303.159 0 1319.8 0.437595
363 0.312373 290.996 4.4556 303.164 0 1319.78 0.458577
364 0.318783 290.992 4.45285 303.168 0 1319.75 0.479284
365 0.324244 290.989 4.44989 303.172 0 1319.73 0.49924
366 0.328464 290.987 4.44672 303.176 0 1319.71 0.517967
367 0.331296 290.986 4.44334 303.179 0 1319.69 0.534996
368 0.332774 290.987 4.43974 303.182 0 1319.68 0.549888
369 0.333116 290.988 4.43592 303.184 0 1319.67 0.562247
370 0.332701 290.991 4.43188 303.186 0 1319.66 0.571739
371 0.332029 290.995 4.42762 303.187 0 1319.66 0.578101
372 0.331656 290.999 4.42313 303.187 0 1319.66 0.581158
373 0.332115 291.002 4.41841 303.187 0 1319.66 0.580823
374 0.333849 291.004 4.41346 303.186 0 1319.67 0.577105
375 0.337143 291.006 4.40829 303.184 0 1319.68 0.570105
376 0.342084 291.006 4.40288 303.182 0 1319.69 0.560016
377 0.34854 291.005 4.39724 303.179 0 1319.71 0.547111
378 0.356181 291.003 4.39138 303.175 0 1319.73 0.531733
379 0.364514 291 4.38528 303.171 0 1319.76 0.514283
380 0.372947 290.996 4.37896 303.167 0 1319.78 0.495198
381 0.380878 290.994 4.37241 303.162 0 1319.81 0.474945
382 0.387765 290.991 4.36564 303.157 0 1319.84 0.453997
383 0.393213 290.99 4.35864 303.152 0 1319.87 0.432818
384 0.397024 290.99 4.35143 303.147 0 1319.91 0.411856
385 0.399231 290.991 4.344 303.142 0 1319.94 0.391525
386 0.400094 290.993 4.33635 303.137 0 1319.97 0.372198
387 0.400074 290.996 4.32849 303.132 0 1320 0.354205
388 0.399771 290.998 4.32043 303.127 0 1320.03 0.337827
389 0.399845 291 4.31215 303.123 0 1320.06 0.323298
390 0.400933 291.001 4.30367 303.12 0 1320.08 0.310807
391 0.403566 291.001 4.29499 303.116 0 1320.1 0.300503
392 0.408099 290.999 4.2861 303.114 0 1320.12 0.292501
393 0.414666 290.995 4.27702 303.112 0 1320.14 0.286885
394 0.423167 290.99 4.26775 303.111 0 1320.15 0.283718
395 0.433282 290.984 4.25829 303.111 0 1320.16 0.283044
396 0.444511 290.977 4.24864 303.111 0 1320.17 0.284889
397 0.456248 290.971 4.23881 303.112 0 1320.17 0.289264
398 0.46785 290.965 4.2288 303.114 0 1320.17 0.296163
399 0.478723 290.96 4.21861 303.116 0 1320.16 0.305557
400 0.488389 290.957 4.20824 303.12 0 1320.15 0.317388
401 0.496539 290.955 4.19771 303.123 0 1320.14 0.331566
402 0.503059 290.955 4.187 303.128 0 1320.13 0.347953
403 0.508029 290.955 4.17613 303.132 0 1320.11 0.366362
404 0.511694 290.957 4.16509 303.137 0 1320.1 0.386546
405 0.514421 290.959 4.15388 303.143 0 1320.08 0.408196
406 0.516633 290.961 4.14252 303.148 0 1320.06 0.430938
407 0.518744 290.962 4.13099 303.153 0 1320.05 0.454333
408 0.521107 290.962 4.11931 303.159 0 1320.03 0.477889
409 0.523962 290.961 4.10747 303.164 0 1320.01 0.501066
410 0.52742 290.958 4.09547 303.169 0 1320 0.523292
411 0.531458 290.955 4.08333 303.173 0 1319.99 0.543983
412 0.535942 290.951 4.07103 303.177 0 1319.98 0.562566
413 0.540666 290.947 4.05859 303.18 0 1319.98 0.578497
414 0.545397 290.942 4.04601 303.183 0 1319.98 0.591288
415 0.549928 290.939 4.0333 303.185 0 1319.98 0.600529
416 0.55412 290.936 4.02045 303.186 0 1319.99 0.605908
417 0.557926 290.934 4.00747 303.186 0 1320 0.607225
418 0.561406 290.933 3.99438 303.186 0 1320.02 0.604406
419 0.564712 290.932 3.98116 303.185 0 1320.04 0.597503
420 0.568062 290.932 3.96783 303.183 0 1320.07 0.5867
421 0.571694 290.932 3.9544 303.18 0 1320.1 0.572299
422 0.575823 290.931 3.94087 303.176 0 1320.13 0.554708
423 0.580589 290.93 3.92725 303.172 0 1320.17 0.534425
424 0.586027 290.928 3.91354 303.167 0 1320.21 0.512014
425 0.592043 290.924 3.89976 303.162 0 1320.25 0.488079
426 0.598422 290.92 3.88591 303.156 0 1320.3 0.463243
427 0.604846 290.915 3.87201 303.151 0 1320.34 0.43812
428 0.61094 290.909 3.85805 303.145 0 1320.39 0.413294
429 0.616321 290.904 3.84405 303.139 0 1320.44 0.389304
430 0.620654 290.898 3.83002 303.133 0 1320.48 0.366627
431 0.623711 290.893 3.81597 303.128 0 1320.53 0.345672
432 0.625401 290.889 3.8019 303.123 0 1320.57 0.326774
433 0.625794 290.886 3.78783 303.118 0 1320.61 0.310202
434 0.625115 290.883 3.77376 303.114 0 1320.65 0.296156
435 0.623714 290.882 3.7597 303.111 0 1320.69 0.284784
436 0.622019 290.881 3.74566 303.109 0 1320.72 0.276184
437 0.620476 290.88 3.73164 303.107 0 1320.74 0.270421
438 0.619483 290.879 3.71765 303.107 0 1320.76 0.26753
439 0.61933 290.877 3.70369 303.107 0 1320.78 0.267527
440 0.620156 290.876 3.68977 303.108 0 1320.8 0.27041
441 0.621927 290.874 3.6759 303.109 0 1320.8 0.276158
442 0.624435 290.871 3.66208 303.112 0 1320.81 0.284732
443 0.627329 290.868 3.64832 303.116 0 1320.81 0.296063
444 0.630163 290.866 3.63461 303.12 0 1320.81 0.310046
445 0.632462 290.864 3.62096 303.124 0 1320.8 0.326528
446 0.633791 290.862 3.60738 303.129 0 1320.8 0.345303
447 0.633817 290.862 3.59386 303.135 0 1320.79 0.366095
448 0.632361 290.862 3.58041 303.141 0 1320.77 0.388563
449 0.629426 290.863 3.56703 303.147 0 1320.76 0.412291
450 0.625198 290.864 3.55371 303.153 0 1320.75 0.436797
451 0.620022 290.865 3.54047 303.158 0 1320.74 0.46154
452 0.614357 290.867 3.52729 303.164 0 1320.73 0.485933
453 0.60871 290.867 3.51418 303.169 0 1320.72 0.50936
454 0.603569 290.867 3.50115 303.174 0 1320.71 0.531204
455 0.599337 290.866 3.48818 303.178 0 1320.71 0.550865
456 0.596283 290.863 3.47528 303.181 0 1320.71 0.567787
457 0.594508 290.86 3.46246 303.184 0 1320.71 0.581484
458 0.593938 290.855 3.44971 303.186 0 1320.72 0.59156
459 0.594344 290.85 3.43704 303.187 0 1320.73 0.59773
460 0.595385 290.845 3.42445 303.187 0 1320.75 0.599827
461 0.596661 290.841 3.41194 303.186 0 1320.77 0.597816
462 0.597773 290.837 3.39952 303.185 0 1320.79 0.59179
463 0.598388 290.834 3.38718 303.182 0 1320.82 0.581964
464 0.59828 290.832 3.37494 303.179 0 1320.86 0.568668
465 0.59736 290.831 3.36279 303.176 0 1320.89 0.552324
466 0.595679 290.831 3.35073 303.171 0 1320.93 0.533432
467 0.593412 290.832 3.33878 303.167 0 1320.97 0.51254
468 0.590813 290.832 3.32693 303.161 0 1321.01 0.490228
469 0.588173 290.832 3.31518 303.156 0 1321.06 0.467079
470 0.585757 290.831 3.30354 303.15 0 1321.1 0.443662
471 0.583754 290.829 3.29202 303.144 0 1321.15 0.420511
472 0.582245 290.826 3.28061 303.138 0 1321.2 0.39811
473 0.581176 290.821 3.26931 303.133 0 1321.24 0.376887
474 0.58037 290.816 3.25814 303.127 0 1321.28 0.357206
475 0.579548 290.811 3.2471 303.122 0 1321.33 0.339364
476 0.578377 290.805 3.23618 303.118 0 1321.37 0.323599
477 0.576522 290.801 3.2254 303.114 0 1321.4 0.310087
478 0.573709 290.797 3.21475 303.11 0 1321.43 0.298957
479 0.569769 290.795 3.20424 303.107 0 1321.46 0.290296
480 0.564678 290.794 3.19387 303.105 0 1321.49 0.284158
481 0.558569 290.796 3.18364 303.104 0 1321.51 0.280569
482 0.551725 290.798 3.17356 303.103 0 1321.53 0.279537
483 0.54454 290.802 3.16362 303.103 0 1321.54 0.281052
484 0.537474 290.806 3.15382 303.104 0 1321.55 0.285089
485 0.530988 290.81 3.14417 303.106 0 1321.56 0.291609
486 0.525477 290.814 3.13466 303.108 0 1321.56 0.300549
487 0.521221 290.817 3.12529 303.111 0 1321.56 0.311825
488 0.518335 290.818 3.11606 303.114 0 1321.55 0.325321
489 0.516763 290.819 3.10698 303.118 0 1321.54 0.340883
490 0.516275 290.818 3.09803 303.122 0 1321.53 0.358316
491 0.516506 290.816 3.08922 303.127 0 1321.52 0.377375
492 0.517002 290.814 3.08055 303.132 0 1321.51 0.397765
493 0.517287 290.811 3.07201 303.137 0 1321.49 0.419139
494 0.516926 290.809 3.06361 303.141 0 1321.48 0.441105
495 0.515586 290.807 3.05533 303.146 0 1321.46 0.463225
496 0.51308 290.807 3.04718 303.151 0 1321.45 0.485031
497 0.509385 290.807 3.03916 303.155 0 1321.44 0.506033
498 0.504644 290.807 3.03126 303.159 0 1321.43 0.525734
499 0.499138 290.809 3.02348 303.163 0 1321.42 0.543647
500 0.493243 290.811 3.01582 303.165 0 1321.41 0.559313
501 0.487368 290.813 3.00826 303.168 0 1321.41 0.572317
502 0.481898 290.816 3.00081 303.17 0 1321.41 0.582304
503 0.477133 290.818 2.99347 303.171 0 1321.41 0.588995
504 0.473252 290.819 2.98622 303.171 0 1321.42 0.592197
505 0.470285 290.82 2.97908 303.171 0 1321.43 0.591813
506 0.468114 290.822 2.97202 303.17 0 1321.44 0.587847
507 0.466494 290.823 2.96506 303.168 0 1321.46 0.580403
508 0.465091 290.824 2.95818 303.166 0 1321.48 0.569681
509 0.463532 290.826 2.95139 303.163 0 1321.51 0.55597
510 0.46146 290.828 2.94468 303.159 0 1321.53 0.539637
511 0.458582 290.831 2.93806 303.155 0 1321.56 0.521108
512 0.454707 290.835 2.93151 303.15 0 1321.6 0.50086
513 0.44977 290.84 2.92504 303.145 0 1321.63 0.479393
514 0.443828 290.846 2.91865 303.14 0 1321.67 0.45722
515 0.437049 290.852 2.91233 303.135 0 1321.7 0.434845
516 0.429682 290.858 2.90608 303.13 0 1321.74 0.412751
517 0.42201 290.864 2.89991 303.124 0 1321.77 0.391386
518 0.41432 290.869 2.89381 303.119 0 1321.81 0.37115
519 0.406856 290.874 2.88778 303.114 0 1321.84 0.352397
520 0.399799 290.877 2.88182 303.109 0 1321.87 0.335423
521 0.393252 290.881 2.87594 303.105 0 1321.9 0.320474
522 0.387244 290.883 2.87012 303.102 0 1321.93 0.307746
523 0.381747 290.885 2.86437 303.099 0 1321.95 0.29739
524 0.3767 290.888 2.8587 303.096 0 1321.97 0.289519
525 0.372044 290.89 2.8531 303.095 0 1321.99 0.284217
526 0.367741 290.892 2.84758 303.094 0 1322 0.281543
527 0.363801 290.895 2.84213 303.094 0 1322.01 0.281535
528 0.360286 290.897 2.83677 303.094 0 1322.01 0.284214
529 0.357302 290.9 2.83148 303.096 0 1322.01 0.289583
530 0.354981 290.902 2.82627 303.098 0 1322.01 0.297626
531 0.353449 290.904 2.82114 303.101 0 1322 0.308297
532 0.352794 290.905 2.81609 303.105 0 1321.99 0.321521
533 0.353031 290.905 2.81113 303.109 0 1321.98 0.337176
534 0.354077 290.904 2.80625 303.114 0 1321.96 0.355091
535 0.355746 290.902 2.80146 303.119 0 1321.94 0.375033
536 0.357749 290.899 2.79675 303.124 0 1321.92 0.396705
537 0.359725 290.896 2.79214 303.13 0 1321.9 0.419738
538 0.361278 290.892 2.78761 303.136 0 1321.88 0.443694
539 0.36203 290.888 2.78317 303.141 0 1321.86 0.468073
540 0.361672 290.885 2.77882 303.147 0 1321.84 0.49232
541 0.360015 290.883 2.77457 303.152 0 1321.82 0.515841
542 0.357027 290.882 2.77041 303.157 0 1321.8 0.538025
543 0.352847 290.882 2.76634 303.161 0 1321.78 0.558264
544 0.34778 290.883 2.76237 303.165 0 1321.77 0.575975
545 0.342272 290.885 2.75849 303.168 0 1321.76 0.590631
546 0.336853 290.887 2.75471 303.171 0 1321.76 0.601782
547 0.332079 290.889 2.75103 303.172 0 1321.76 0.609076
548 0.32846 290.891 2.74745 303.173 0 1321.76 0.612276
549 0.326396 290.892 2.74397 303.173 0 1321.77 0.611274
550 0.326121 290.892 2.74059 303.172 0 1321.78 0.606095
551 0.327673 290.891 2.73731 303.17 0 1321.79 0.596895
552 0.330884 290.888 2.73415 303.168 0 1321.81 0.583958
553 0.335404 290.885 2.73108 303.165 0 1321.84 0.567677
554 0.340741 290.882 2.72813 303.161 0 1321.86 0.548537
555 0.346324 290.878 2.7253 303.156 0 1321.89 0.527096
556 0.351579 290.874 2.72257 303.151 0 1321.92 0.503953
557 0.355999 290.871 2.71997 303.146 0 1321.95 0.479732
558 0.359211 290.869 2.71749 303.141 0 1321.99 0.455047
559 0.361022 290.867 2.71514 303.135 0 1322.02 0.430489
560 0.361441 290.866 2.71291 303.13 0 1322.05 0.406603
561 0.360678 290.866 2.71082 303.124 0 1322.09 0.383875
562 0.359113 290.866 2.70886 303.119 0 1322.12 0.362723
563 0.357243 290.866 2.70703 303.115 0 1322.15 0.343495
564 0.355623 290.865 2.70535 303.11 0 1322.18 0.326468
565 0.354792 290.863 2.70382 303.107 0 1322.2 0.311856
566 0.355212 290.86 2.70243 303.104 0 1322.22 0.299811
567 0.357208 290.856 2.70119 303.102 0 1322.24 0.290439
568 0.360941 290.85 2.70011 303.1 0 1322.25 0.283808
569 0.366392 290.844 2.69918 303.099 0 1322.26 0.279954
570 0.373372 290.836 2.69842 303.099 0 1322.26 0.27889
571 0.381555 290.828 2.69781 303.1 0 1322.26 0.28061
572 0.390521 290.82 2.69738 303.102 0 1322.26 0.285091
573 0.399809 290.812 2.69711 303.105 0 1322.25 0.292289
574 0.408968 290.804 2.69702 303.108 0 1322.24 0.302137
575 0.417602 290.798 2.6971 303.112 0 1322.22 0.314539
576 0.425407 290.793 2.69736 303.117 0 1322.2 0.329357
577 0.432182 290.788 2.69779 303.122 0 1322.18 0.346411
578 0.437838 290.785 2.69841 303.127 0 1322.15 0.365464
579 0.442385 290.783 2.69922 303.133 0 1322.13 0.386222
580 0.445908 290.781 2.7002 303.139 0 1322.1 0.40833
581 0.448546 290.78 2.70138 303.145 0 1322.07 0.431372
582 0.450463 290.779 2.70275 303.152 0 1322.04 0.454877
583 0.451827 290.778 2.70431 303.157 0 1322.01 0.478333
584 0.452797 290.777 2.70607 303.163 0 1321.98 0.501191
585 0.453517 290.776 2.70803 303.168 0 1321.95 0.522891
586 0.454118 290.776 2.71019 303.173 0 1321.93 0.542875
587 0.454724 290.775 2.71255 303.178 0 1321.91 0.56061
588 0.455465 290.775 2.71512 303.181 0 1321.89 0.575609
589 0.456479 290.775 2.7179 303.184 0 1321.87 0.58745
590 0.45792 290.775 2.7209 303.186 0 1321.86 0.595795
591 0.459952 290.775 2.72411 303.188 0 1321.85 0.600401
592 0.462737 290.775 2.72755 303.189 0 1321.85 0.601135
593 0.466417 290.776 2.73121 303.189 0 1321.84 0.597977
594 0.471094 290.775 2.7351 303.188 0 1321.85 0.591018
595 0.476808 290.775 2.73922 303.186 0 1321.85 0.58046
596 0.483521 290.774 2.74358 303.184 0 1321.86 0.566605
597 0.491113 290.772 2.74817 303.181 0 1321.87 0.549838
598 0.499378 290.77 2.75301 303.177 0 1321.89 0.530618
599 0.508046 290.768 2.7581 303.173 0 1321.9 0.50945
600 0.516807 290.765 2.76343 303.169 0 1321.92 0.486872
601 0.525344 290.763 2.76902 303.164 0 1321.94 0.463433
602 0.533373 290.76 2.77487 303.159 0 1321.96 0.43967
603 0.540678 290.758 2.78098 303.154 0 1321.98 0.416099
604 0.547141 290.757 2.78736 303.148 0 1322 0.393195
605 0.552757 290.755 2.794 303.143 0 1322.02 0.371384
606 0.557635 290.755 2.80091 303.138 0 1322.04 0.351037
607 0.561987 290.754 2.80809 303.134 0 1322.05 0.332466
608 0.566098 290.754 2.81555 303.13 0 1322.06 0.315926
609 0.570284 290.754 2.82328 303.126 0 1322.07 0.301617
610 0.574854 290.754 2.83129 303.123 0 1322.08 0.289693
611 0.580063 290.753 2.83957 303.121 0 1322.08 0.280268
612 0.586075 290.753 2.84814 303.119 0 1322.08 0.273424
613 0.592945 290.753 2.85698 303.118 0 1322.07 0.269219
614 0.600606 290.752 2.86611 303.118 0 1322.06 0.267695
615 0.608881 290.752 2.87551 303.119 0 1322.04 0.268879
616 0.617505 290.753 2.88519 303.12 0 1322.02 0.272787
617 0.626164 290.754 2.89515 303.122 0 1321.99 0.279422
618 0.634534 290.756 2.90539 303.125 0 1321.96 0.288772
619 0.642325 290.759 2.9159 303.129 0 1321.93 0.300799
620 0.649321 290.763 2.92669 303.134 0 1321.89 0.315432
621 0.655402 290.768 2.93776 303.139 0 1321.85 0.332559
622 0.660561 290.774 2.94909 303.144 0 1321.81 0.352012
623 0.664899 290.78 2.9607 303.15 0 1321.76 0.373562
624 0.66861 290.787 2.97257 303.156 0 1321.71 0.396908
625 0.671955 290.792 2.98471 303.163 0 1321.66 0.421676
626 0.675225 290.797 2.99711 303.169 0 1321.61 0.447417
627 0.678707 290.802 3.00976 303.175 0 1321.56 0.473608
628 0.682651 290.804 3.02267 303.181 0 1321.51 0.499671
629 0.687247 290.806 3.03584 303.187 0 1321.46 0.524978
630 0.69261 290.806 3.04925 303.193 0 1321.42 0.548876
631 0.698776 290.805 3.06291 303.197 0 1321.38 0.57071
632 0.705713 290.804 3.07681 303.202 0 1321.34 0.589845
633 0.713333 290.802 3.09096 303.205 0 1321.3 0.605698
634 0.721514 290.8 3.10534 303.208 0 1321.27 0.617762
635 0.730123 290.798 3.11996 303.21 0 1321.24 0.625632
636 0.739029 290.796 3.13482 303.211 0 1321.21 0.629022
637 0.748119 290.795 3.14991 303.211 0 1321.19 0.627786
638 0.757299 290.795 3.16522 303.21 0 1321.18 0.62192
639 0.766493 290.795 3.18077 303.208 0 1321.17 0.611572
640 0.775633 290.796 3.19654 303.206 0 1321.16 0.597027
641 0.784645 290.798 3.21252 303.202 0 1321.16 0.578703
642 0.793443 290.799 3.22873 303.198 0 1321.16 0.557127
643 0.801916 290.801 3.24515 303.193 0 1321.16 0.53291
644 0.809928 290.804 3.26178 303.188 0 1321.17 0.506726
645 0.817319 290.806 3.27861 303.182 0 1321.18 0.479273
646 0.823926 290.808 3.29565 303.176 0 1321.19 0.451253
647 0.82959 290.81 3.31288 303.169 0 1321.2 0.42334
648 0.834183 290.813 3.33031 303.163 0 1321.21 0.396161
649 0.837627 290.815 3.34793 303.157 0 1321.22 0.370275
650 0.839908 290.818 3.36573 303.151 0 1321.23 0.346161
651 0.841086 290.821 3.3837 303.145 0 1321.24 0.324216
652 0.841294 290.824 3.40185 303.14 0 1321.24 0.304754
653 0.840728 290.828 3.42016 303.135 0 1321.24 0.288009
654 0.839626 290.832 3.43863 303.131 0 1321.24 0.274149
655 0.838247 290.837 3.45725 303.128 0 1321.23 0.263287
656 0.836838 290.842 3.47601 303.126 0 1321.22 0.255495
657 0.83561 290.848 3.49491 303.125 0 1321.2 0.250816
658 0.834711 290.853 3.51393 303.124 0 1321.18 0.249275
659 0.834218 290.859 3.53307 303.125 0 1321.16 0.250884
660 0.834125 290.866 3.55232 303.127 0 1321.12 0.25565
661 0.834355 290.872 3.57166 303.129 0 1321.09 0.263567
662 0.834771 290.879 3.59109 303.133 0 1321.05 0.274609
663 0.835201 290.885 3.6106 303.137 0 1321 0.288727
664 0.83546 290.892 3.63017 303.142 0 1320.95 0.305824
665 0.83538 290.898 3.64979 303.148 0 1320.9 0.325751
666 0.834831 290.904 3.66945 303.154 0 1320.85 0.348286
667 0.83373 290.91 3.68914 303.161 0 1320.79 0.373127
668 0.832054 290.915 3.70885 303.168 0 1320.74 0.399879
669 0.829836 290.919 3.72857 303.175 0 1320.68 0.428058
670 0.82715 290.923 3.74827 303.182 0 1320.62 0.457091
671 0.824099 290.926 3.76797 303.189 0 1320.56 0.486328
672 0.820796 290.928 3.78763 303.196 0 1320.51 0.51506
673 0.817342 290.929 3.80725 303.202 0 1320.46 0.542542
674 0.81382 290.93 3.82683 303.207 0 1320.41 0.568022
675 0.810278 290.93 3.84634 303.212 0 1320.36 0.590769
676 0.806733 290.931 3.86578 303.216 0 1320.32 0.61011
677 0.803174 290.931 3.88515 303.219 0 1320.29 0.625459
678 0.799572 290.932 3.90443 303.222 0 1320.26 0.636345
679 0.795889 290.934 3.92361 303.223 0 1320.23 0.642434
680 0.792093 290.936 3.94269 303.224 0 1320.21 0.643547
681 0.788163 290.94 3.96167 303.223 0 1320.19 0.639665
682 0.784095 290.944 3.98053 303.222 0 1320.19 0.630934
683 0.779896 290.948 3.99927 303.219 0 1320.18 0.617653
684 0.77558 290.953 4.01789 303.216 0 1320.18 0.60026
685 0.771154 290.959 4.03638 303.212 0 1320.18 0.579308
686 0.766606 290.964 4.05474 303.208 0 1320.19 0.55544
687 0.761893 290.968 4.07297 303.203 0 1320.2 0.529357
688 0.756939 290.973 4.09106 303.197 0 1320.22 0.501788
689 0.751628 290.977 4.10902 303.191 0 1320.23 0.47346
690 0.745818 290.98 4.12685 303.185 0 1320.25 0.44507
691 0.739358 290.983 4.14453 303.179 0 1320.27 0.417261
692 0.732106 290.985 4.16208 303.173 0 1320.29 0.390608
693 0.723961 290.988 4.17949 303.167 0 1320.3 0.365603
694 0.714883 290.99 4.19675 303.161 0 1320.32 0.342652
695 0.704918 290.993 4.21388 303.156 0 1320.33 0.322076
696 0.694211 290.996 4.23085 303.152 0 1320.35 0.304114
697 0.683003 291 4.24769 303.148 0 1320.35 0.288934
698 0.671624 291.003 4.26437 303.145 0 1320.36 0.276649
699 0.660465 291.007 4.28091 303.143 0 1320.36 0.267323
700 0.649941 291.011 4.29729 303.142 0 1320.35 0.260988
701 0.640454 291.015 4.31352 303.141 0 1320.35 0.257656
702 0.632343 291.018 4.32958 303.142 0 1320.33 0.257324
703 0.625848 291.021 4.34549 303.144 0 1320.32 0.259978
704 0.621074 291.022 4.36122 303.146 0 1320.29 0.265598
705 0.617978 291.023 4.37679 303.149 0 1320.27 0.27415
706 0.616362 291.022 4.39218 303.153 0 1320.24 0.28558
707 0.615892 291.021 4.4074 303.158 0 1320.2 0.299804
708 0.616128 291.018 4.42243 303.164 0 1320.16 0.316701
709 0.616566 291.016 4.43727 303.17 0 1320.12 0.336096
710 0.616689 291.013 4.45192 303.176 0 1320.08 0.357751
711 0.61602 291.011 4.46638 303.183 0 1320.04 0.38136
712 0.614165 291.009 4.48063 303.19 0 1319.99 0.406542
713 0.61085 291.008 4.49468 303.197 0 1319.95 0.43284
714 0.605945 291.007 4.50851 303.205 0 1319.91 0.45973
715 0.59947 291.007 4.52213 303.212 0 1319.86 0.486626
716 0.591581 291.009 4.53552 303.218 0 1319.82 0.512899
717 0.582547 291.01 4.54869 303.224 0 1319.78 0.537895
718 0.572716 291.013 4.56163 303.23 0 1319.75 0.560959
719 0.562468 291.015 4.57434 303.235 0 1319.71 0.58146
720 0.552182 291.018 4.58681 303.24 0 1319.69 0.598814
721 0.54219 291.021 4.59905 303.244 0 1319.66 0.612514
722 0.532755 291.024 4.61104 303.247 0 1319.64 0.622149
723 0.524047 291.027 4.62279 303.249 0 1319.63 0.627424
724 0.516141 291.03 4.63431 303.25 0 1319.62 0.628175
725 0.509025 291.033 4.64558 303.25 0 1319.61 0.624374
726 0.502607 291.036 4.65661 303.249 0 1319.61 0.616133
727 0.496746 291.039 4.66739 303.248 0 1319.62 0.603698
728 0.49127 291.042 4.67794 303.246 0 1319.63 0.587436
729 0.485999 291.046 4.68825 303.243 0 1319.64 0.567822
730 0.480767 291.049 4.69832 303.239 0 1319.66 0.545415
731 0.475434 291.053 4.70816 303.235 0 1319.68 0.520832
732 0.469894 291.056 4.71777 303.23 0 1319.7 0.494725
733 0.464073 291.06 4.72715 303.225 0 1319.72 0.467756
734 0.457934 291.063 4.73631 303.22 0 1319.75 0.440568
735 0.451461 291.065 4.74524 303.214 0 1319.77 0.41377
736 0.444661 291.067 4.75396 303.209 0 1319.8 0.387912
737 0.437557 291.069 4.76247 303.203 0 1319.83 0.363479
738 0.430186 291.071 4.77077 303.198 0 1319.85 0.340883
739 0.4226 291.073 4.77887 303.194 0 1319.87 0.320458
740 0.41487 291.074 4.78677 303.19 0 1319.89 0.302465
741 0.40709 291.076 4.79448 303.186 0 1319.91 0.287098
742 0.399378 291.078 4.80201 303.183 0 1319.92 0.274496
743 0.391876 291.08 4.80935 303.181 0 1319.93 0.26475
744 0.384744 291.083 4.81652 303.18 0 1319.93 0.257921
745 0.378147 291.086 4.82352 303.18 0 1319.93 0.254042
746 0.372241 291.089 4.83034 303.18 0 1319.93 0.253137
747 0.367149 291.092 4.83701 303.182 0 1319.92 0.255214
748 0.362939 291.096 4.84352 303.184 0 1319.91 0.260276
749 0.35961 291.099 4.84987 303.187 0 1319.89 0.268314
750 0.357071 291.102 4.85606 303.191 0 1319.87 0.2793
751 0.355143 291.105 4.86211 303.196 0 1319.84 0.293176
752 0.353564 291.108 4.86801 303.201 0 1319.81 0.309847
753 0.352004 291.11 4.87376 303.207 0 1319.78 0.329163
754 0.350098 291.113 4.87937 303.214 0 1319.75 0.350907
755 0.347482 291.115 4.88484 303.221 0 1319.71 0.374789
756 0.343835 291.118 4.89017 303.228 0 1319.67 0.400433
757 0.338922 291.122 4.89536 303.235 0 1319.63 0.42738
758 0.332624 291.126 4.90041 303.242 0 1319.6 0.455091
759 0.324966 291.13 4.90532 303.249 0 1319.56 0.482951
760 0.316123 291.135 4.91008 303.256 0 1319.52 0.510293
761 0.306411 291.141 4.91471 303.262 0 1319.49 0.536414
762 0.296266 291.147 4.9192 303.268 0 1319.46 0.560601
763 0.286197 291.153 4.92354 303.273 0 1319.43 0.582161
764 0.27674 291.158 4.92773 303.277 0 1319.41 0.60045
765 0.2684 291.163 4.93178 303.28 0 1319.39 0.614904
766 0.261598 291.167 4.93568 303.283 0 1319.38 0.625066
767 0.256626 291.171 4.93943 303.284 0 1319.37 0.630606
768 0.253619 291.173 4.94303 303.285 0 1319.37 0.631342
769 0.252535 291.175 4.94647 303.284 0 1319.37 0.627245
770 0.25317 291.175 4.94977 303.283 0 1319.37 0.618444
771 0.255182 291.176 4.9529 303.281 0 1319.38 0.60522
772 0.258129 291.175 4.95589 303.277 0 1319.4 0.587988
773 0.261527 291.175 4.95872 303.273 0 1319.42 0.567282
774 0.264904 291.175 4.9614 303.269 0 1319.44 0.543727
775 0.267853 291.176 4.96392 303.263 0 1319.47 0.51801
776 0.270077 291.177 4.9663 303.257 0 1319.49 0.490847
777 0.271418 291.178 4.96852 303.251 0 1319.52 0.462958
778 0.271864 291.179 4.97059 303.245 0 1319.55 0.435035
779 0.271546 291.18 4.97251 303.238 0 1319.59 0.407723
780 0.270707 291.181 4.97428 303.232 0 1319.62 0.381594
781 0.269667 291.182 4.9759 303.226 0 1319.65 0.357145
782 0.268776 291.181 4.97737 303.22 0 1319.68 0.334783
783 0.268364 291.18 4.97868 303.214 0 1319.7 0.314833
784 0.268702 291.178 4.97985 303.209 0 1319.73 0.297536
785 0.269967 291.174 4.98087 303.205 0 1319.75 0.283065
786 0.272222 291.17 4.98174 303.202 0 1319.76 0.271535
787 0.27542 291.166 4.98245 303.199 0 1319.78 0.263014
788 0.279409 291.161 4.98301 303.197 0 1319.78 0.257541
789 0.283963 291.157 4.98342 303.196 0 1319.79 0.25513
790 0.28881 291.153 4.98367 303.196 0 1319.79 0.255782
791 0.293674 291.15 4.98376 303.197 0 1319.78 0.259488
792 0.298307 291.148 4.98368 303.199 0 1319.77 0.266225
793 0.302515 291.148 4.98345 303.202 0 1319.75 0.275954
794 0.306178 291.148 4.98304 303.205 0 1319.74 0.288611
795 0.309256 291.149 4.98246 303.21 0 1319.71 0.304092
796 0.311783 291.151 4.98169 303.214 0 1319.69 0.322246
797 0.313851 291.153 4.98075 303.22 0 1319.66 0.34286
798 0.315592 291.156 4.9796 303.225 0 1319.63 0.365648
799 0.317151 291.158 4.97826 303.231 0 1319.6 0.390247
800 0.318669 291.159 4.97672 303.237 0 1319.57 0.416214
801 0.320264 291.16 4.97496 303.243 0 1319.53 0.443027
802 0.322027 291.16 4.97298 303.249 0 1319.5 0.470097
803 0.32402 291.159 4.97078 303.255 0 1319.47 0.496785
804 0.326286 291.158 4.96834 303.26 0 1319.44 0.522414
805 0.328859 291.156 4.96567 303.265 0 1319.42 0.546304
806 0.331785 291.155 4.96276 303.269 0 1319.4 0.567791
807 0.335128 291.153 4.9596 303.272 0 1319.38 0.586257
808 0.338979 291.151 4.95619 303.274 0 1319.36 0.601162
809 0.343454 291.15 4.95252 303.276 0 1319.35 0.612061
810 0.348683 291.149 4.9486 303.277 0 1319.35 0.618632
811 0.354791 291.147 4.94442 303.277 0 1319.35 0.620688
812 0.361871 291.146 4.93997 303.275 0 1319.35 0.618183
813 0.369963 291.145 4.93525 303.273 0 1319.36 0.611218
814 0.379025 291.144 4.93027 303.271 0 1319.37 0.600032
815 0.38892 291.143 4.92501 303.267 0 1319.39 0.584991
816 0.39941 291.141 4.91949 303.262 0 1319.41 0.566571
817 0.41017 291.14 4.91369 303.257 0 1319.43 0.545331
818 0.420806 291.138 4.90762 303.252 0 1319.46 0.521892
819 0.430897 291.137 4.90127 303.246 0 1319.49 0.496908
820 0.440038 291.136 4.89465 303.239 0 1319.53 0.471037
821 0.447884 291.136 4.88776 303.233 0 1319.56 0.444921
822 0.454201 291.137 4.88058 303.226 0 1319.59 0.419162
823 0.458894 291.138 4.87314 303.219 0 1319.63 0.394306
824 0.462028 291.141 4.86542 303.213 0 1319.66 0.37083
825 0.463828 291.144 4.85742 303.206 0 1319.7 0.349137
826 0.464662 291.147 4.84915 303.201 0 1319.73 0.329556
827 0.464997 291.151 4.84061 303.195 0 1319.76 0.312341
828 0.465354 291.155 4.83179 303.191 0 1319.78 0.297682
829 0.466247 291.158 4.82269 303.187 0 1319.81 0.285713
830 0.468123 291.161 4.81332 303.183 0 1319.83 0.276525
831 0.471314 291.162 4.80368 303.181 0 1319.84 0.270173
832 0.475999 291.163 4.79376 303.179 0 1319.85 0.266688
833 0.482188 291.164 4.78357 303.179 0 1319.86 0.266083
834 0.489726 291.163 4.77311 303.179 0 1319.87 0.26836
835 0.498323 291.163 4.76238 303.18 0 1319.86 0.273508
836 0.507593 291.162 4.75137 303.182 0 1319.86 0.281501
837 0.517113 291.162 4.7401 303.185 0 1319.85 0.292293
838 0.52648 291.162 4.72856 303.188 0 1319.84 0.30581
839 0.535364 291.162 4.71676 303.192 0 1319.82 0.321939
840 0.543554 291.163 4.70469 303.197 0 1319.8 0.340516
841 0.55098 291.165 4.69236 303.202 0 1319.78 0.361322
842 0.557717 291.167 4.67977 303.207 0 1319.76 0.384067
843 0.563965 291.169 4.66692 303.213 0 1319.74 0.408393
844 0.57002 291.17 4.65381 303.219 0 1319.72 0.433866
845 0.576221 291.17 4.64045 303.225 0 1319.7 0.459987
846 0.582899 291.169 4.62684 303.23 0 1319.67 0.486193
847 0.590324 291.167 4.61298 303.236 0 1319.65 0.511879
848 0.598672 291.163 4.59887 303.241 0 1319.64 0.536408
849 0.607992 291.158 4.58452 303.245 0 1319.62 0.559139
850 0.618208 291.152 4.56993 303.249 0 1319.61 0.579446
851 0.62913 291.146 4.55511 303.252 0 1319.6 0.596749
852 0.640486 291.139 4.54005 303.255 0 1319.6 0.610534
853 0.651963 291.133 4.52477 303.257 0 1319.6 0.620377
854 0.663257 291.128 4.50926 303.257 0 1319.61 0.625968
855 0.674114 291.124 4.49353 303.258 0 1319.62 0.627119
856 0.684363 291.121 4.47759 303.257 0 1319.63 0.623778
857 0.693936 291.119 4.46145 303.255 0 1319.66 0.616034
858 0.702869 291.119 4.4451 303.252 0 1319.68 0.604106
859 0.711282 291.12 4.42855 303.249 0 1319.71 0.58834
860 0.71935 291.121 4.41181 303.245 0 1319.74 0.569192
861 0.727259 291.122 4.39488 303.24 0 1319.78 0.547204
862 0.735163 291.123 4.37777 303.235 0 1319.82 0.522983
863 0.743151 291.123 4.36049 303.229 0 1319.86 0.497177
864 0.751218 291.123 4.34305 303.223 0 1319.91 0.470444
865 0.759258 291.122 4.32544 303.217 0 1319.96 0.443432
866 0.767079 291.12 4.30769 303.211 0 1320 0.416752
867 0.774428 291.117 4.28979 303.204 0 1320.05 0.390965
868 0.781038 291.114 4.27176 303.198 0 1320.1 0.366566
869 0.786676 291.112 4.2536 303.192 0 1320.14 0.343977
870 0.791193 291.109 4.23533 303.186 0 1320.19 0.323542
871 0.794561 291.108 4.21694 303.181 0 1320.23 0.305532
872 0.7969 291.107 4.19846 303.177 0 1320.27 0.290152
873 0.798474 291.106 4.17988 303.173 0 1320.3 0.277546
874 0.79967 291.107 4.16123 303.17 0 1320.34 0.267815
875 0.800958 291.107 4.14249 303.168 0 1320.36 0.261022
876 0.80283 291.107 4.1237 303.167 0 1320.39 0.257208
877 0.805735 291.107 4.10484 303.166 0 1320.41 0.256395
878 0.810016 291.106 4.08594 303.167 0 1320.42 0.258595
879 0.815855 291.103 4.067 303.169 0 1320.43 0.263812
880 0.823243 291.099 4.04803 303.171 0 1320.44 0.272033
881 0.831973 291.095 4.02903 303.174 0 1320.44 0.283227
882 0.841655 291.089 4.01003 303.178 0 1320.44 0.297334
883 0.85176 291.082 3.99101 303.183 0 1320.43 0.314248
884 0.861684 291.075 3.972 303.188 0 1320.43 0.333812
885 0.870816 291.068 3.95301 303.194 0 1320.42 0.355798
886 0.878612 291.061 3.93403 303.2 0 1320.41 0.379902
887 0.884657 291.055 3.91508 303.206 0 1320.39 0.405736
888 0.88871 291.049 3.89617 303.212 0 1320.38 0.432827
889 0.890718 291.045 3.8773 303.219 0 1320.37 0.460621
890 0.890815 291.041 3.85849 303.225 0 1320.36 0.488494
891 0.889286 291.038 3.83973 303.231 0 1320.35 0.515768
892 0.886522 291.035 3.82104 303.236 0 1320.34 0.541734
893 0.882948 291.032 3.80243 303.241 0 1320.34 0.565679
894 0.878972 291.03 3.7839 303.245 0 1320.34 0.586913
895 0.874921 291.027 3.76546 303.249 0 1320.34 0.604802
896 0.871009 291.025 3.74712 303.251 0 1320.35 0.618793
897 0.867316 291.023 3.72889 303.253 0 1320.36 0.628447
898 0.863798 291.021 3.71078 303.254 0 1320.38 0.633455
899 0.860311 291.02 3.69279 303.253 0 1320.4 0.633656
900 0.856658 291.019 3.67493 303.252 0 1320.43 0.629044
901 0.852636 291.02 3.65721 303.25 0 1320.46 0.61977
902 0.848085 291.021 3.63964 303.247 0 1320.49 0.606131
903 0.842928 291.024 3.62223 303.243 0 1320.54 0.588559
904 0.837188 291.027 3.60498 303.239 0 1320.58 0.567598
905 0.830991 291.03 3.5879 303.234 0 1320.63 0.543876
906 0.824546 291.033 3.571 303.228 0 1320.68 0.518078
907 0.818106 291.035 3.55428 303.221 0 1320.73 0.490916
908 0.81192 291.037 3.53776 303.215 0 1320.79 0.463098
909 0.806188 291.036 3.52143 303.208 0 1320.84 0.435303
910 0.80102 291.034 3.50531 303.201 0 1320.9 0.408156
911 0.796409 291.031 3.48939 303.194 0 1320.95 0.382217
912 0.792228 291.026 3.47369 303.188 0 1321.01 0.357961
913 0.788252 291.02 3.4582 303.181 0 1321.06 0.335782
914 0.784193 291.014 3.44294 303.176 0 1321.11 0.315989
915 0.779753 291.007 3.4279 303.17 0 1321.16 0.298812
916 0.774689 291.001 3.4131 303.166 0 1321.2 0.284414
917 0.768857 290.996 3.39853 303.162 0 1321.24 0.2729
918 0.762255 290.992 3.38419 303.159 0 1321.27 0.264333
919 0.755041 290.989 3.37008 303.157 0 1321.3 0.258743
920 0.747517 290.988 3.35621 303.156 0 1321.33 0.256139
921 0.740093 290.987 3.34258 303.155 0 1321.35 0.256519
922 0.733226 290.986 3.32919 303.156 0 1321.36 0.259865
923 0.727345 290.985 3.31602 303.157 0 1321.37 0.266151
924 0.722776 290.983 3.30309 303.16 0 1321.38 0.275336
925 0.719673 290.981 3.29039 303.163 0 1321.38 0.287354
926 0.717975 290.977 3.27791 303.166 0 1321.38 0.302105
927 0.717387 290.972 3.26566 303.171 0 1321.37 0.319447
928 0.717403 290.966 3.25364 303.175 0 1321.36 0.33918
929 0.71736 290.959 3.24183 303.181 0 1321.35 0.361041
930 0.716516 290.953 3.23023 303.186 0 1321.34 0.384697
931 0.714151 290.948 3.21885 303.192 0 1321.32 0.409738
932 0.709666 290.944 3.20768 303.197 0 1321.31 0.435688
933 0.702678 290.942 3.19672 303.203 0 1321.3 0.462002
934 0.69308 290.942 3.18596 303.208 0 1321.28 0.488089
935 0.681073 290.944 3.1754 303.213 0 1321.27 0.513321
936 0.667153 290.948 3.16504 303.218 0 1321.26 0.53706
937 0.652062 290.952 3.15488 303.222 0 1321.25 0.558677
938 0.636695 290.957 3.1449 303.225 0 1321.25 0.577581
939 0.621999 290.962 3.13512 303.227 0 1321.25 0.593241
940 0.608851 290.966 3.12552 303.229 0 1321.25 0.605212
941 0.597947 290.968 3.1161 303.23 0 1321.26 0.613152
942 0.589723 290.968 3.10687 303.23 0 1321.27 0.616838
943 0.584301 290.966 3.09782 303.229 0 1321.29 0.616177
944 0.581482 290.962 3.08895 303.228 0 1321.31 0.611207
945 0.580781 290.957 3.08026 303.225 0 1321.33 0.602097
946 0.581497 290.951 3.07175 303.222 0 1321.36 0.589139
947 0.582814 290.945 3.06342 303.217 0 1321.39 0.57273
948 0.583907 290.939 3.05527 303.213 0 1321.43 0.553357
949 0.584054 290.934 3.0473 303.207 0 1321.46 0.531576
950 0.582721 290.931 3.03952 303.201 0 1321.5 0.507985
951 0.579619 290.929 3.03192 303.195 0 1321.55 0.4832
952 0.574725 290.929 3.0245 303.188 0 1321.59 0.457837
953 0.568263 290.929 3.01727 303.182 0 1321.63 0.432482
954 0.56065 290.93 3.01022 303.175 0 1321.68 0.407684
955 0.552421 290.932 3.00335 303.168 0 1321.72 0.383931
956 0.544133 290.933 2.99667 303.162 0 1321.76 0.361651
957 0.536284 290.933 2.99017 303.156 0 1321.8 0.341199
958 0.52924 290.932 2.98386 303.15 0 1321.83 0.322865
959 0.523186 290.93 2.97773 303.144 0 1321.87 0.306872
960 0.518118 290.928 2.97178 303.14 0 1321.9 0.293387
961 0.513858 290.925 2.96601 303.136 0 1321.92 0.282528
962 0.510101 290.923 2.96042 303.133 0 1321.95 0.274376
963 0.50648 290.921 2.95501 303.13 0 1321.96 0.268981
964 0.502636 290.92 2.94977 303.128 0 1321.98 0.266374
965 0.498286 290.921 2.9447 303.128 0 1321.98 0.266571
966 0.493264 290.923 2.93981 303.128 0 1321.99 0.269575
967 0.48755 290.927 2.93507 303.129 0 1321.99 0.27538
968 0.481262 290.932 2.9305 303.13 0 1321.98 0.283961
969 0.474621 290.938 2.92608 303.133 0 1321.97 0.295276
970 0.467904 290.945 2.92181 303.136 0 1321.96 0.309249
971 0.461378 290.951 2.91769 303.14 0 1321.94 0.325767
972 0.455241 290.957 2.9137 303.144 0 1321.92 0.344666
973 0.449581 290.962 2.90984 303.149 0 1321.89 0.365723
974 0.444344 290.967 2.9061 303.154 0 1321.87 0.38865
975 0.439344 290.97 2.90249 303.159 0 1321.85 0.413085
976 0.434294 290.973 2.89898 303.164 0 1321.82 0.438598
977 0.42886 290.975 2.89558 303.17 0 1321.79 0.46469
978 0.422733 290.977 2.89229 303.175 0 1321.77 0.490804
979 0.415695 290.98 2.88909 303.18 0 1321.74 0.516341
980 0.407686 290.983 2.88598 303.184 0 1321.72 0.540674
981 0.398839 290.987 2.88295 303.189 0 1321.7 0.563171
982 0.389489 290.991 2.88 303.192 0 1321.69 0.583222
983 0.380144 290.996 2.87713 303.195 0 1321.67 0.600259
984 0.371431 291 2.87433 303.197 0 1321.66 0.613782
985 0.364012 291.004 2.8716 303.198 0 1321.66 0.623385
986 0.358489 291.006 2.86893 303.199 0 1321.66 0.628769
987 0.355311 291.007 2.86632 303.199 0 1321.66 0.629761
988 0.354699 291.007 2.86377 303.198 0 1321.67 0.62632
989 0.356591 291.004 2.86129 303.196 0 1321.68 0.618542
990 0.360641 291 2.85886 303.193 0 1321.7 0.606653
991 0.366241 290.995 2.85649 303.189 0 1321.72 0.590999
992 0.372593 290.989 2.85418 303.185 0 1321.74 0.572036
993 0.378805 290.984 2.85193 303.18 0 1321.77 0.5503
994 0.384005 290.98 2.84974 303.174 0 1321.8 0.526393
995 0.387454 290.977 2.84762 303.169 0 1321.83 0.500951
996 0.388642 290.976 2.84556 303.162 0 1321.87 0.474622
997 0.387355 290.977 2.84357 303.156 0 1321.9 0.44804
998 0.3837 290.979 2.84165 303.149 0 1321.94 0.421805
999 0.378088 290.983 2.83981 303.143 0 1321.97 0.396466
1000 0.371172 290.988 2.83804 303.137 0 1322.01 0.372507
2000 0.450553 290.99 3.40412 303.353 0 1320.52 0.52478
3000 0.685511 292.566 4.62668 304.085 0 1316.73 0.579724
4000 0.444931 295.658 6.15625 305.638 0 1310.58 0.50743
5000 0.57458 301.876 7.83592 308.232 0 1300.08 0.51449
6000 0.508543 305.996 9.26807 310.184 0 1292.9 0.383215
7000 0.649106 305.671 9.47388 310.147 0 1292.61 0.321577
8000 0.562981 305.364 9.62264 310.016 0 1292.46 0.435379
9000 0.52626 308.143 11.0822 311.293 0 1287.13 0.387649
10000 0.525109 313.428 14.1442 313.887 0 1276.8 0.354278
11000 0.585828 316.602 15.804 315.465 0 1270.39 0.292973
12000 0.604246 314.072 13.7165 314.239 0 1275.68 0.429734
13000 0.532802 308.341 10.5291 311.344 0 1287.4 0.329647
14000 0.526398 302.275 8.24308 308.579 0 1298.52 0.437911
15000 0.545796 298.717 6.86696 306.887 0 1305.43 0.476548
16000 0.618555 297.006 6.07784 306.021 0 1309.09 0.488708
17000 0.575208 295.634 5.53101 305.377 0 1311.71 0.481322
18000 0.573574 295.108 5.11294 305.083 0 1312.91 0.47914
19000 0.518367 295.802 5.52871 305.448 0 1311.31 0.469237
20000 0.561662 299.097 6.69525 306.933 0 1305.24 0.461127
21000 0.542573 304.38 9.04263 309.416 0 1294.99 0.423664
22000 0.525307 310.959 12.2594 312.563 0 1282.18 0.327084
23000 0.555101 316.003 15.0486 315.092 0 1271.83 0.39229
24000 0.563914 316.691 15.5239 315.419 0 1270.46 0.355641
25000 0.609291 312.611 12.8152 313.231 0 1279.42 0.343297
