0          0.851              0          0.5261
         0         1         2         3         4
         0         1         2         3         4
1          0.526          0.851              02
         5         6         7         8         9
         5         6         7         8         9
2         -0.526          0.851              02
        10        11        12        13        14
        10        11        12        13        14
3         -0.851              0          0.5261
        15        16        17        18        19
        15        16        17        18        19
4              0         -0.526          0.8511
        20        21        22        23        24
        20        21        22        23        24
5          0.526         -0.851              01
        25        26        27        28        29
        25        26        27        28        29
6          0.851              0         -0.5262
        30        31        32        33        34
        30        31        32        33        34
7              0          0.526         -0.8512
        35        36        37        38        39
        35        36        37        38        39
8         -0.851              0         -0.5262
        40        41        42        43        44
        40        41        42        43        44
9         -0.526         -0.851              01
        45        46        47        48        49
        45        46        47        48        49
10              0         -0.526         -0.8512
        50        51        52        53        54
        50        51        52        53        54
11          0.685          0.147          0.7131
        55        56        57        58        59        60
        55        56        57        58        59        60
12           0.45          0.848           0.281
        61        62        63        64        65        66
        61        62        63        64        65        66
13         -0.407          0.874          0.2641
        67        68        69        70        71        72
        67        68        69        70        71        72
14         -0.702          0.189          0.6871
        73        74        75        76        77        78
        73        74        75        76        77        78
15         -0.026         -0.261          0.9651
        79        80        81        82        83        84
        79        80        81        82        83        84
16          0.407         -0.874          0.2641
        85        86        87        88        89        90
        85        86        87        88        89        90
17          0.702         -0.189          0.6871
        91        92        93        94        95        96
        91        92        93        94        95        96
18          0.965         -0.026         -0.2612
        97        98        99       100       101       102
        97        98        99       100       101       102
19          0.713          0.685          0.1471
       103       104       105       106       107       108
       103       104       105       106       107       108
20          0.189          0.687         -0.7022
       109       110       111       112       113       114
       109       110       111       112       113       114
21         -0.261          0.965         -0.0262
       115       116       117       118       119       120
       115       116       117       118       119       120
22         -0.848           0.28          -0.452
       121       122       123       124       125       126
       121       122       123       124       125       126
23         -0.874          0.264          0.4071
       127       128       129       130       131       132
       127       128       129       130       131       132
24         -0.713         -0.685          0.1471
       133       134       135       136       137       138
       133       134       135       136       137       138
25          -0.28          -0.45          0.8481
       139       140       141       142       143       144
       139       140       141       142       143       144
26          0.147         -0.713         -0.6852
       145       146       147       148       149       150
       145       146       147       148       149       150
27          0.848          -0.28          -0.452
       151       152       153       154       155       156
       151       152       153       154       155       156
28          0.264          0.407         -0.8742
       157       158       159       160       161       162
       157       158       159       160       161       162
29         -0.685          0.147         -0.7132
       163       164       165       166       167       168
       163       164       165       166       167       168
30         -0.687         -0.702         -0.1892
       169       170       171       172       173       174
       169       170       171       172       173       174
31          0.761         -0.016          0.6481
         0        55        91       175       176       177
         0         1        55        56        91        92
32          0.572          0.808          0.1391
         5        61       103       178       179       180
         5         6        61        62       103       104
33         -0.408           0.91          0.0761
        10        67       115       181       182       183
        10        11        67        68       115       116
34         -0.824          0.149          0.5471
        15        73       127       184       185       186
        15        16        73        74       127       128
35         -0.102         -0.423            0.91
        20        79       139       187       188       189
        20        21        79        80       139       140
36          0.408          -0.91          0.0761
        25        85       190       191       192       193
        25        26        85        86       175       176
37          0.824         -0.149          0.5471
         1        92       175       194       195       196
         0         2        91        93       177       178
38            0.9         -0.102         -0.4232
        30        97       151       197       198       199
        30        31        97        98       151       152
39          0.648          0.761         -0.0162
         6       104       178       200       201       202
         5         7       103       105       179       180
40          0.149          0.547         -0.8242
        35       109       157       203       204       205
        35        36       109       110       157       158
41         -0.423            0.9         -0.1022
        11       116       181       206       207       208
        10        12       115       117       181       182
42         -0.808          0.139         -0.5722
        40       121       163       209       210       211
        40        41       121       122       163       164
43          -0.91          0.076          0.4081
        16       128       184       212       213       214
        15        17       127       129       183       184
44         -0.648         -0.761         -0.0162
        45       133       169       215       216       217
        45        46       133       134       169       170
45         -0.139         -0.572          0.8081
        21       140       187       218       219       220
        20        22       139       141       185       186
46         -0.016         -0.648         -0.7612
        50       145       221       222       223       224
        50        51       145       146       187       188
47          0.808         -0.139         -0.5722
        31       152       197       225       226       227
        30        32       151       153       189       190
48          0.076          0.408          -0.912
        36       158       203       228       229       230
        35        37       157       159       191       192
49         -0.761         -0.016         -0.6482
        41       164       209       231       232       233
        40        42       163       165       193       194
50         -0.547         -0.824         -0.1492
        46       170       215       234       235       236
        45        47       169       171       195       196
51          0.412          0.305          0.8591
       237       238       239       240       241       242
       197       198       199       200       201       202
52          0.309          0.751          0.5831
       243       244       245       246       247       248
       203       204       205       206       207       208
53         -0.221          0.806          0.5491
       249       250       251       252       253       254
       209       210       211       212       213       214
54         -0.446          0.394          0.8041
       255       256       257       258       259       260
       215       216       217       218       219       220
55         -0.055          0.085          0.9951
       261       262       263       264       265       266
       221       222       223       224       225       226
56          0.221         -0.806          0.5491
       267       268       269       270       271       272
       227       228       229       230       231       232
57          0.446         -0.394          0.8041
       273       274       275       276       277       278
       233       234       235       236       237       238
58          0.995         -0.055          0.0851
       279       280       281       282       283       284
       239       240       241       242       243       244
59          0.859          0.412          0.3051
       285       286       287       288       289       290
       245       246       247       248       249       250
60          0.394          0.804         -0.4462
       291       292       293       294       295       296
       251       252       253       254       255       256
61          0.085          0.995         -0.0552
       297       298       299       300       301       302
       257       258       259       260       261       262
62         -0.751          0.583         -0.3092
       303       304       305       306       307       308
       263       264       265       266       267       268
63         -0.806          0.549          0.2211
       309       310       311       312       313       314
       269       270       271       272       273       274
64         -0.859         -0.412          0.3051
       315       316       317       318       319       320
       275       276       277       278       279       280
65         -0.583         -0.309          0.7511
       321       322       323       324       325       326
       281       282       283       284       285       286
66          0.305         -0.859         -0.4122
       327       328       329       330       331       332
       287       288       289       290       291       292
67          0.751         -0.583         -0.3092
       333       334       335       336       337       338
       293       294       295       296       297       298
68          0.549          0.221         -0.8062
       339       340       341       342       343       344
       299       300       301       302       303       304
69         -0.412          0.305         -0.8592
       345       346       347       348       349       350
       305       306       307       308       309       310
70         -0.804         -0.446         -0.3942
       351       352       353       354       355       356
       311       312       313       314       315       316
71          0.533          0.139          0.8351
        56       237       357       358       359       360
        57        58       197       198       317       318
72           0.47          0.759          0.4511
        62       243       361       362       363       364
        63        64       203       204       319       320
73         -0.243          0.899          0.3651
        68       249       365       366       367       368
        69        70       209       210       321       322
74          -0.62          0.366          0.6941
        74       255       369       370       371       372
        75        76       215       216       323       324
75          -0.14         -0.104          0.9851
        80       261       373       374       375       376
        81        82       221       222       325       326
76          0.243         -0.899          0.3651
        86       267       377       378       379       380
        87        88       227       228       327       328
77           0.62         -0.366          0.6941
        93       273       381       382       383       384
        94        95       233       234       329       330
78          0.985          -0.14         -0.1042
        98       279       385       386       387       388
        99       100       239       240       331       332
79          0.835          0.533          0.1391
       105       285       389       390       391       392
       106       107       245       246       333       334
80          0.366          0.694          -0.622
       110       291       393       394       395       396
       111       112       251       252       335       336
81         -0.104          0.985          -0.142
       117       297       397       398       399       400
       118       119       257       258       337       338
82         -0.759          0.451          -0.472
       122       303       401       402       403       404
       123       124       263       264       339       340
83         -0.899          0.365          0.2431
       129       309       405       406       407       408
       130       131       269       270       341       342
84         -0.835         -0.533          0.1391
       134       315       409       410       411       412
       135       136       275       276       343       344
85         -0.451          -0.47          0.7591
       141       321       413       414       415       416
       142       143       281       282       345       346
86          0.139         -0.835         -0.5332
       146       327       417       418       419       420
       147       148       287       288       347       348
87          0.759         -0.451          -0.472
       153       333       421       422       423       424
       154       155       293       294       349       350
88          0.365          0.243         -0.8992
       159       339       425       426       427       428
       160       161       299       300       351       352
89         -0.533          0.139         -0.8352
       165       345       429       430       431       432
       166       167       305       306       353       354
90         -0.694          -0.62         -0.3662
       171       351       433       434       435       436
       172       173       311       312       355       356
91          0.631         -0.034          0.7751
        57        94       176       357       437       438
        55        57        92        96       317       357
92           0.61          0.733            0.31
        63       106       179       361       439       440
        61        63       104       108       319       358
93         -0.255          0.953          0.1651
        69       118       182       365       441       442
        67        69       116       120       321       359
94         -0.767          0.321          0.5551
        75       130       185       369       443       444
        73        75       128       132       323       360
95          -0.22         -0.288          0.9321
        81       142       188       373       445       446
        79        81       140       144       325       361
96          0.255         -0.953          0.1651
        87       190       377       447       448       449
        85        87       175       327       362       363
97          0.767         -0.321          0.5551
        95       194       381       450       451       452
        93        94       177       329       364       365
98          0.932          -0.22         -0.2882
        99       154       198       385       453       454
        97        99       152       156       331       366
99          0.775          0.631         -0.0342
       107       200       389       455       456       457
       105       106       179       333       367       368
100          0.321          0.555         -0.7672
       111       160       204       393       458       459
       109       111       158       162       335       369
101         -0.288          0.932          -0.222
       119       206       397       460       461       462
       117       118       181       337       370       371
102         -0.733            0.3          -0.612
       123       166       210       401       463       464
       121       123       164       168       339       372
103         -0.953          0.165          0.2551
       131       212       405       465       466       467
       129       130       183       341       373       374
104         -0.775         -0.631         -0.0342
       135       172       216       409       468       469
       133       135       170       174       343       375
105           -0.3          -0.61          0.7331
       143       218       413       470       471       472
       141       142       185       345       376       377
106         -0.034         -0.775         -0.6312
       147       221       417       473       474       475
       145       147       187       347       378       379
107          0.733           -0.3          -0.612
       155       225       421       476       477       478
       153       154       189       349       380       381
108          0.165          0.255         -0.9532
       161       228       425       479       480       481
       159       160       191       351       382       383
109         -0.631         -0.034         -0.7752
       167       231       429       482       483       484
       165       166       193       353       384       385
110         -0.555         -0.767         -0.3212
       173       234       433       485       486       487
       171       172       195       355       386       387
111              0          0.526          0.8511
       488       489       490       491       492
       388       389       390       391       392
112          0.102          0.423            0.91
       488       493       494       495       496       497
       388       389       393       394       395       396
113          0.139          0.572          0.8081
       489       493       498       499       500       501
       388       390       393       397       398       399
114         -0.016          0.648          0.7611
       490       498       502       503       504       505
       390       391       397       400       401       402
115         -0.149          0.547          0.8241
       491       502       506       507       508       509
       391       392       400       403       404       405
116         -0.076          0.408           0.911
       492       494       506       510       511       512
       389       392       394       403       406       407
117          0.016         -0.648          0.7611
        22       219       513       514       515       516
        22        23       186       408       409       410
118          0.149         -0.547          0.8241
        23       513       517       518       519       520
        23        24       408       411       412       413
119           0.91         -0.076          0.4081
         2       195       521       522       523       524
         2         3       178       414       415       416
120            0.9          0.102          0.4231
         3       521       525       526       527       528
         3         4       414       417       418       419
121          0.547          0.824         -0.1492
         7       201       529       530       531       532
         7         8       180       420       421       422
122          0.408           0.91         -0.0762
         8       529       533       534       535       536
         8         9       420       423       424       425
123         -0.572          0.808         -0.1392
        12       207       537       538       539       540
        12        13       182       426       427       428
124         -0.648          0.761          0.0161
        13       537       541       542       543       544
        13        14       426       429       430       431
125           -0.9         -0.102          0.4231
        17       213       545       546       547       548
        17        18       184       432       433       434
126         -0.808         -0.139          0.5721
        18       545       549       550       551       552
        18        19       432       435       436       437
127          0.423           -0.9         -0.1022
        26       191       553       554       555       556
        25        27       176       438       439       440
128          0.572         -0.808         -0.1392
        27       553       557       558       559       560
        27        28       438       441       442       443
129          0.761          0.016         -0.6482
        32       226       561       562       563       564
        32        33       190       444       445       446
130         -0.102          0.423           -0.92
        37       229       565       566       567       568
        37        38       192       447       448       449
131         -0.824         -0.149         -0.5472
        42       232       569       570       571       572
        42        43       194       450       451       452
132           0.22          0.288          0.9321
       238       495       573       574       575       576
       199       200       395       396       453       454
133            0.3           0.61          0.7331
       244       499       577       578       579       580
       205       206       398       399       455       456
134         -0.034          0.775          0.6311
       250       503       581       582       583       584
       211       212       401       402       457       458
135         -0.321          0.555          0.7671
       256       507       585       586       587       588
       217       218       404       405       459       460
136         -0.165          0.255          0.9531
       262       510       589       590       591       592
       223       224       406       407       461       462
137          0.034         -0.775          0.6311
       268       514       593       594       595       596
       229       230       409       410       463       464
138          0.321         -0.555          0.7671
       274       517       597       598       599       600
       235       236       411       412       465       466
139          0.953         -0.165          0.2551
       280       522       601       602       603       604
       241       242       415       416       467       468
140          0.932           0.22          0.2881
       286       525       605       606       607       608
       247       248       417       418       469       470
141          0.555          0.767         -0.3212
       292       530       609       610       611       612
       253       254       421       422       471       472
142          0.255          0.953         -0.1652
       298       533       613       614       615       616
       259       260       423       424       473       474
143          -0.61          0.733           -0.32
       304       538       617       618       619       620
       265       266       427       428       475       476
144         -0.775          0.631          0.0341
       310       541       621       622       623       624
       271       272       429       430       477       478
145         -0.932          -0.22          0.2881
       316       546       625       626       627       628
       277       278       433       434       479       480
146         -0.733           -0.3           0.611
       322       549       629       630       631       632
       283       284       435       436       481       482
147          0.288         -0.932          -0.222
       328       554       633       634       635       636
       289       290       439       440       483       484
148           0.61         -0.733           -0.32
       334       557       637       638       639       640
       295       296       441       442       485       486
149          0.631          0.034         -0.7752
       340       561       641       642       643       644
       301       302       444       445       487       488
150          -0.22          0.288         -0.9322
       346       565       645       646       647       648
       307       308       447       448       489       490
151         -0.767         -0.321         -0.5552
       352       569       649       650       651       652
       313       314       450       451       491       492
152          0.344          0.124          0.9311
       239       358       573       653       654       655
       197       199       318       453       493       494
153          0.471          0.628          0.6191
       245       362       577       656       657       658
       203       205       320       455       495       496
154         -0.053          0.887          0.4591
       251       366       581       659       660       661
       209       211       322       457       497       498
155         -0.504          0.542          0.6721
       257       370       585       662       663       664
       215       217       324       459       499       500
156         -0.258          0.071          0.9631
       263       374       589       665       666       667
       221       223       326       461       501       502
157          0.053         -0.887          0.4591
       269       378       593       668       669       670
       227       229       328       463       503       504
158          0.504         -0.542          0.6721
       275       382       597       671       672       673
       233       235       330       465       505       506
159          0.963         -0.258          0.0711
       281       386       601       674       675       676
       239       241       332       467       507       508
160          0.931          0.344          0.1241
       287       390       605       677       678       679
       245       247       334       469       509       510
161          0.542          0.672         -0.5042
       293       394       609       680       681       682
       251       253       336       471       511       512
162          0.071          0.963         -0.2582
       299       398       613       683       684       685
       257       259       338       473       513       514
163         -0.628          0.619         -0.4712
       305       402       617       686       687       688
       263       265       340       475       515       516
164         -0.887          0.459          0.0531
       311       406       621       689       690       691
       269       271       342       477       517       518
165         -0.931         -0.344          0.1241
       317       410       625       692       693       694
       275       277       344       479       519       520
166         -0.619         -0.471          0.6281
       323       414       629       695       696       697
       281       283       346       481       521       522
167          0.124         -0.931         -0.3442
       329       418       633       698       699       700
       287       289       348       483       523       524
168          0.628         -0.619         -0.4712
       335       422       637       701       702       703
       293       295       350       485       525       526
169          0.459          0.053         -0.8872
       341       426       641       704       705       706
       299       301       352       487       527       528
170         -0.344          0.124         -0.9312
       347       430       645       707       708       709
       305       307       354       489       529       530
171         -0.672         -0.504         -0.5422
       353       434       649       710       711       712
       311       313       356       491       531       532
172          0.459         -0.053          0.8871
       359       437       653       713       714       715
       317       318       357       493       533       534
173          0.628          0.619          0.4711
       363       439       656       716       717       718
       319       320       358       495       535       536
174         -0.071          0.963          0.2581
       367       441       659       719       720       721
       321       322       359       497       537       538
175         -0.672          0.504          0.5421
       371       443       662       722       723       724
       323       324       360       499       539       540
176         -0.344         -0.124          0.9311
       375       445       665       725       726       727
       325       326       361       501       541       542
177          0.071         -0.963          0.2581
       379       447       668       728       729       730
       327       328       362       503       543       544
178          0.672         -0.504          0.5421
       383       450       671       731       732       733
       329       330       364       505       545       546
179          0.931         -0.344         -0.1242
       387       453       674       734       735       736
       331       332       366       507       547       548
180          0.887          0.459         -0.0532
       391       455       677       737       738       739
       333       334       367       509       549       550
181          0.504          0.542         -0.6722
       395       458       680       740       741       742
       335       336       369       511       551       552
182         -0.124          0.931         -0.3442
       399       460       683       743       744       745
       337       338       370       513       553       554
183         -0.619          0.471         -0.6282
       403       463       686       746       747       748
       339       340       372       515       555       556
184         -0.963          0.258          0.0711
       407       465       689       749       750       751
       341       342       373       517       557       558
185         -0.887         -0.459         -0.0532
       411       468       692       752       753       754
       343       344       375       519       559       560
186         -0.471         -0.628          0.6191
       415       470       695       755       756       757
       345       346       376       521       561       562
187         -0.053         -0.887         -0.4592
       419       473       698       758       759       760
       347       348       378       523       563       564
188          0.619         -0.471         -0.6282
       423       476       701       761       762       763
       349       350       380       525       565       566
189          0.258          0.071         -0.9632
       427       479       704       764       765       766
       351       352       382       527       567       568
190         -0.459         -0.053         -0.8872
       431       482       707       767       768       769
       353       354       384       529       569       570
191         -0.542         -0.672         -0.5042
       435       485       710       770       771       772
       355       356       386       531       571       572
192          0.549         -0.221          0.8061
        96       276       384       438       713       773
        95        96       234       237       357       533
193          0.751          0.583          0.3091
       108       288       392       440       716       774
       107       108       246       249       358       535
194         -0.085          0.995          0.0551
       120       300       400       442       719       775
       119       120       258       261       359       537
195         -0.804          0.446          0.3941
       132       312       408       444       722       776
       131       132       270       273       360       539
196         -0.412         -0.305          0.8591
       144       324       416       446       725       777
       143       144       282       285       361       541
197          0.085         -0.995          0.0551
       448       728       778       779       780       781
       362       363       543       573       574       575
198          0.804         -0.446          0.3941
       451       731       782       783       784       785
       364       365       545       576       577       578
199          0.859         -0.412         -0.3052
       156       336       424       454       734       786
       155       156       294       297       366       547
200          0.806          0.549         -0.2212
       456       737       787       788       789       790
       367       368       549       579       580       581
201          0.446          0.394         -0.8042
       162       342       428       459       740       791
       161       162       300       303       369       551
202         -0.305          0.859         -0.4122
       461       743       792       793       794       795
       370       371       553       582       583       584
203         -0.583          0.309         -0.7512
       168       348       432       464       746       796
       167       168       306       309       372       555
204         -0.995          0.055          0.0851
       466       749       797       798       799       800
       373       374       557       585       586       587
205         -0.806         -0.549         -0.2212
       174       354       436       469       752       801
       173       174       312       315       375       559
206         -0.309         -0.751          0.5831
       471       755       802       803       804       805
       376       377       561       588       589       590
207         -0.221         -0.806         -0.5492
       474       758       806       807       808       809
       378       379       563       591       592       593
208          0.583         -0.309         -0.7512
       477       761       810       811       812       813
       380       381       565       594       595       596
209          0.055          0.085         -0.9952
       480       764       814       815       816       817
       382       383       567       597       598       599
210         -0.549         -0.221         -0.8062
       483       767       818       819       820       821
       384       385       569       600       601       602
211         -0.394         -0.804         -0.4462
       486       770       806       822       823       824
       386       387       571       591       592       603
212          0.026          0.261          0.9651
       264       496       511       574       590       825
       224       225       394       395       406       454
213           0.28           0.45          0.8481
       240       497       500       575       578       826
       200       201       393       396       398       456
214          0.147          0.713          0.6851
       246       501       504       579       582       827
       206       207       397       399       401       458
215         -0.189          0.687          0.7021
       252       505       508       583       586       828
       212       213       400       402       404       460
216         -0.264          0.407          0.8741
       258       509       512       587       591       829
       218       219       403       405       407       462
217         -0.147         -0.713          0.6851
       220       472       515       594       802       830
       185       186       377       409       464       588
218          0.189         -0.687          0.7021
       270       516       518       595       598       831
       230       231       408       410       411       466
219          0.874         -0.264          0.4071
       196       452       523       602       782       832
       177       178       365       415       468       576
220          0.965          0.026          0.2611
       282       524       526       603       606       833
       242       243       414       416       417       470
221          0.687          0.702         -0.1892
       202       457       531       610       787       834
       179       180       368       421       472       579
222          0.407          0.874         -0.2642
       294       532       534       611       614       835
       254       255       420       422       423       474
223          -0.45          0.848          -0.282
       208       462       539       618       792       836
       181       182       371       427       476       582
224         -0.713          0.685         -0.1472
       306       540       542       619       622       837
       266       267       426       428       429       478
225         -0.965         -0.026          0.2611
       214       467       547       626       797       838
       183       184       374       433       480       585
226         -0.848          -0.28           0.451
       318       548       550       627       630       839
       278       279       432       434       435       482
227          0.261         -0.965         -0.0262
       192       449       555       634       778       840
       175       176       363       439       484       573
228           0.45         -0.848          -0.282
       330       556       558       635       638       841
       290       291       438       440       441       486
229          0.685         -0.147         -0.7132
       227       478       562       642       810       842
       189       190       381       444       488       594
230         -0.026          0.261         -0.9652
       230       481       566       646       814       843
       191       192       383       447       490       597
231         -0.702         -0.189         -0.6872
       233       484       570       650       818       844
       193       194       385       450       492       600
232           0.14          0.104          0.9851
       265       576       654       825       845       846
       225       226       453       454       494       604
233          0.451           0.47          0.7591
       241       580       657       826       847       848
       201       202       455       456       496       605
234          0.139          0.835          0.5331
       247       584       660       827       849       850
       207       208       457       458       498       606
235         -0.366          0.694           0.621
       253       588       663       828       851       852
       213       214       459       460       500       607
236         -0.365          0.243          0.8991
       259       592       666       829       853       854
       219       220       461       462       502       608
237         -0.139         -0.835          0.5331
       596       669       803       830       855       856
       463       464       504       588       589       609
238          0.366         -0.694           0.621
       271       599       672       831       857       858
       231       232       465       466       506       610
239          0.899         -0.365          0.2431
       604       675       783       832       859       860
       467       468       508       576       577       611
240          0.985           0.14          0.1041
       283       607       678       833       861       862
       243       244       469       470       510       612
241          0.694           0.62         -0.3662
       612       681       788       834       863       864
       471       472       512       579       580       613
242          0.243          0.899         -0.3652
       295       615       684       835       865       866
       255       256       473       474       514       614
243          -0.47          0.759         -0.4512
       620       687       793       836       867       868
       475       476       516       582       583       615
244         -0.835          0.533         -0.1392
       307       623       690       837       869       870
       267       268       477       478       518       616
245         -0.985          -0.14          0.1041
       628       693       798       838       871       872
       479       480       520       585       586       617
246         -0.759         -0.451           0.471
       319       631       696       839       873       874
       279       280       481       482       522       618
247          0.104         -0.985          -0.142
       636       699       779       840       875       876
       483       484       524       573       574       619
248           0.47         -0.759         -0.4512
       331       639       702       841       877       878
       291       292       485       486       526       620
249          0.533         -0.139         -0.8352
       643       705       811       842       879       880
       487       488       528       594       595       621
250          -0.14          0.104         -0.9852
       647       708       815       843       881       882
       489       490       530       597       598       622
251          -0.62         -0.366         -0.6942
       651       711       819       844       883       884
       491       492       532       600       601       623
252          0.258         -0.071          0.9631
       655       714       845       885       886       887
       493       494       534       604       624       625
253          0.619          0.471          0.6281
       658       717       847       888       889       890
       495       496       536       605       626       627
254          0.124          0.931          0.3441
       661       720       849       891       892       893
       497       498       538       606       628       629
255         -0.542          0.672          0.5041
       664       723       851       894       895       896
       499       500       540       607       630       631
256         -0.459          0.053          0.8871
       667       726       853       897       898       899
       501       502       542       608       632       633
257         -0.124         -0.931          0.3441
       670       729       855       900       901       902
       503       504       544       609       634       635
258          0.542         -0.672          0.5041
       673       732       857       903       904       905
       505       506       546       610       636       637
259          0.887         -0.459          0.0531
       676       735       859       906       907       908
       507       508       548       611       638       639
260          0.963          0.258         -0.0712
       679       738       861       909       910       911
       509       510       550       612       640       641
261          0.672          0.504         -0.5422
       682       741       863       912       913       914
       511       512       552       613       642       643
262          0.053          0.887         -0.4592
       685       744       865       915       916       917
       513       514       554       614       644       645
263         -0.471          0.628         -0.6192
       688       747       867       918       919       920
       515       516       556       615       646       647
264         -0.931          0.344         -0.1242
       691       750       869       921       922       923
       517       518       558       616       648       649
265         -0.963         -0.258         -0.0712
       694       753       871       924       925       926
       519       520       560       617       650       651
266         -0.628         -0.619          0.4711
       697       756       873       927       928       929
       521       522       562       618       652       653
267         -0.071         -0.963         -0.2582
       700       759       875       930       931       932
       523       524       564       619       654       655
268          0.471         -0.628         -0.6192
       703       762       877       933       934       935
       525       526       566       620       656       657
269          0.344         -0.124         -0.9312
       706       765       879       936       937       938
       527       528       568       621       658       659
270         -0.258         -0.071         -0.9632
       709       768       881       939       940       941
       529       530       570       622       660       661
271         -0.504         -0.542         -0.6722
       712       771       883       942       943       944
       531       532       572       623       662       663
272          0.365         -0.243          0.8991
       277       715       773       885       945       946
       237       238       533       534       624       664
273          0.759          0.451           0.471
       289       718       774       888       947       948
       249       250       535       536       626       665
274          0.104          0.985           0.141
       301       721       775       891       949       950
       261       262       537       538       628       666
275         -0.694           0.62          0.3661
       313       724       776       894       951       952
       273       274       539       540       630       667
276         -0.533         -0.139          0.8351
       325       727       777       897       953       954
       285       286       541       542       632       668
277         -0.104         -0.985           0.141
       730       780       900       955       956       957
       543       544       575       634       669       670
278          0.694          -0.62          0.3661
       733       784       903       958       959       960
       545       546       578       636       671       672
279          0.835         -0.533         -0.1392
       337       736       786       906       961       962
       297       298       547       548       638       673
280          0.899          0.365         -0.2432
       739       789       909       963       964       965
       549       550       581       640       674       675
281           0.62          0.366         -0.6942
       343       742       791       912       966       967
       303       304       551       552       642       676
282         -0.139          0.835         -0.5332
       745       794       915       968       969       970
       553       554       584       644       677       678
283         -0.451           0.47         -0.7592
       349       748       796       918       971       972
       309       310       555       556       646       679
284         -0.985           0.14         -0.1042
       751       799       921       973       974       975
       557       558       587       648       680       681
285         -0.899         -0.365         -0.2432
       355       754       801       924       976       977
       315       316       559       560       650       682
286          -0.47         -0.759          0.4511
       757       804       927       978       979       980
       561       562       590       652       683       684
287         -0.243         -0.899         -0.3652
       760       807       822       930       981       982
       563       564       591       603       654       685
288          0.451          -0.47         -0.7592
       763       812       933       983       984       985
       565       566       596       656       686       687
289           0.14         -0.104         -0.9852
       766       816       936       986       987       988
       567       568       599       658       688       689
290         -0.365         -0.243         -0.8992
       769       820       939       989       990       991
       569       570       602       660       690       691
291         -0.366         -0.694          -0.622
       772       808       823       942       992       993
       571       572       592       593       662       692
292          0.055         -0.085          0.9951
        82       266       376       846       886       994
        82        83       222       226       604       625
293          0.583          0.309          0.7511
        58       242       360       848       889       995
        58        59       198       202       605       627
294          0.305          0.859          0.4121
        64       248       364       850       892       996
        64        65       204       208       606       629
295         -0.394          0.804          0.4461
        70       254       368       852       895       997
        70        71       210       214       607       631
296         -0.549          0.221          0.8061
        76       260       372       854       898       998
        76        77       216       220       608       633
297         -0.305         -0.859          0.4121
       805       856       901       978       999      1000
       589       590       609       635       683       693
298          0.394         -0.804          0.4461
        88       272       380       858       904      1001
        88        89       228       232       610       637
299          0.806         -0.549          0.2211
       785       860       907       958      1002      1003
       577       578       611       639       671       694
300          0.995          0.055         -0.0852
       100       284       388       862       910      1004
       100       101       240       244       612       641
301          0.804          0.446         -0.3942
       790       864       913       963      1005      1006
       580       581       613       643       674       695
302          0.221          0.806         -0.5492
       112       296       396       866       916      1007
       112       113       252       256       614       645
303         -0.309          0.751         -0.5832
       795       868       919       968      1008      1009
       583       584       615       647       677       696
304         -0.859          0.412         -0.3052
       124       308       404       870       922      1010
       124       125       264       268       616       649
305         -0.995         -0.055         -0.0852
       800       872       925       973      1011      1012
       586       587       617       651       680       697
306         -0.751         -0.583          0.3091
       136       320       412       874       928      1013
       136       137       276       280       618       653
307         -0.085         -0.995         -0.0552
       781       876       931       955      1014      1015
       574       575       619       655       669       698
308          0.309         -0.751         -0.5832
       148       332       420       878       934      1016
       148       149       288       292       620       657
309          0.412         -0.305         -0.8592
       813       880       937       983      1017      1018
       595       596       621       659       686       699
310         -0.055         -0.085         -0.9952
       817       882       940       986      1019      1020
       598       599       622       661       688       700
311         -0.446         -0.394         -0.8042
       821       884       943       989      1021      1022
       601       602       623       663       690       701
312          0.165         -0.255          0.9531
        83       887       945       994      1023      1024
        83        84       624       625       664       702
313          0.733            0.3           0.611
        59       890       947       995      1025      1026
        59        60       626       627       665       703
314          0.288          0.932           0.221
        65       893       949       996      1027      1028
        65        66       628       629       666       704
315         -0.555          0.767          0.3211
        71       896       951       997      1029      1030
        71        72       630       631       667       705
316         -0.631          0.034          0.7751
        77       899       953       998      1031      1032
        77        78       632       633       668       706
317         -0.288         -0.932           0.221
       902       956       999      1033      1034      1035
       634       635       670       693       707       708
318          0.555         -0.767          0.3211
        89       905       959      1001      1036      1037
        89        90       636       637       672       709
319          0.775         -0.631          0.0341
       908       961      1002      1038      1039      1040
       638       639       673       694       710       711
320          0.953          0.165         -0.2552
       101       911       964      1004      1041      1042
       101       102       640       641       675       712
321          0.767          0.321         -0.5552
       914       966      1005      1043      1044      1045
       642       643       676       695       713       714
322          0.034          0.775         -0.6312
       113       917       969      1007      1046      1047
       113       114       644       645       678       715
323           -0.3           0.61         -0.7332
       920       971      1008      1048      1049      1050
       646       647       679       696       716       717
324         -0.932           0.22         -0.2882
       125       923       974      1010      1051      1052
       125       126       648       649       681       718
325         -0.953         -0.165         -0.2552
       926       976      1011      1053      1054      1055
       650       651       682       697       719       720
326          -0.61         -0.733            0.31
       137       929       979      1013      1056      1057
       137       138       652       653       684       721
327         -0.255         -0.953         -0.1652
       932       981      1014      1058      1059      1060
       654       655       685       698       722       723
328            0.3          -0.61         -0.7332
       149       935       984      1016      1061      1062
       149       150       656       657       687       724
329           0.22         -0.288         -0.9322
       938       987      1017      1063      1064      1065
       658       659       689       699       725       726
330         -0.165         -0.255         -0.9532
       941       990      1019      1066      1067      1068
       660       661       691       700       727       728
331         -0.321         -0.555         -0.7672
       944       992      1021      1069      1070      1071
       662       663       692       701       729       730
332          0.264         -0.407          0.8741
       278       519       600       946      1023      1072
       236       238       412       413       664       702
333          0.848           0.28           0.451
       290       527       608       948      1025      1073
       248       250       418       419       665       703
334          0.261          0.965          0.0261
       302       535       616       950      1027      1074
       260       262       424       425       666       704
335         -0.687          0.702          0.1891
       314       543       624       952      1029      1075
       272       274       430       431       667       705
336         -0.685         -0.147          0.7131
       326       551       632       954      1031      1076
       284       286       436       437       668       706
337         -0.261         -0.965          0.0261
       957      1015      1033      1058      1077      1078
       669       670       698       707       722       731
338          0.687         -0.702          0.1891
       960      1003      1036      1038      1079      1080
       671       672       694       709       710       732
339          0.713         -0.685         -0.1472
       338       559       640       962      1039      1081
       296       298       442       443       673       711
340          0.874          0.264         -0.4072
       965      1006      1041      1043      1082      1083
       674       675       695       712       713       733
341          0.702          0.189         -0.6872
       344       563       644       967      1044      1084
       302       304       445       446       676       714
342         -0.147          0.713         -0.6852
       970      1009      1046      1048      1085      1086
       677       678       696       715       716       734
343          -0.28           0.45         -0.8482
       350       567       648       972      1049      1087
       308       310       448       449       679       717
344         -0.965          0.026         -0.2612
       975      1012      1051      1053      1088      1089
       680       681       697       718       719       735
345         -0.874         -0.264         -0.4072
       356       571       652       977      1054      1090
       314       316       451       452       682       720
346          -0.45         -0.848           0.281
       980      1000      1034      1056      1091      1092
       683       684       693       708       721       736
347         -0.407         -0.874         -0.2642
       235       487       824       982      1059      1093
       195       196       387       603       685       723
348           0.28          -0.45         -0.8482
       985      1018      1061      1063      1094      1095
       686       687       699       724       725       737
349          0.026         -0.261         -0.9652
       988      1020      1064      1066      1096      1097
       688       689       700       726       727       738
350         -0.264         -0.407         -0.8742
       991      1022      1067      1069      1098      1099
       690       691       701       728       729       739
351         -0.189         -0.687         -0.7022
       222       475       809       993      1070      1100
       187       188       379       593       692       730
352          0.076         -0.408           0.911
        24        84       189       520      1024      1072
        21        24        80        84       413       702
353          0.808          0.139          0.5721
         4        60       177       528      1026      1073
         1         4        56        60       419       703
354          0.423            0.9          0.1021
         9        66       180       536      1028      1074
         6         9        62        66       425       704
355         -0.547          0.824          0.1491
        14        72       183       544      1030      1075
        11        14        68        72       431       705
356         -0.761          0.016          0.6481
        19        78       186       552      1032      1076
        16        19        74        78       437       706
357         -0.423           -0.9          0.1021
        47      1035      1077      1091      1101      1102
        48        49       707       708       731       736
358          0.547         -0.824          0.1491
        28        90       193      1037      1079      1103
        26        29        86        90       709       732
359          0.648         -0.761          0.0161
        29       560      1040      1080      1081      1103
        28        29       443       710       711       732
360           0.91          0.076         -0.4082
        33       102       199      1042      1082      1104
        31        34        98       102       712       733
361          0.824          0.149         -0.5472
        34       564      1045      1083      1084      1104
        33        34       446       713       714       733
362          0.016          0.648         -0.7612
        38       114       205      1047      1085      1105
        36        39       110       114       715       734
363         -0.139          0.572         -0.8082
        39       568      1050      1086      1087      1105
        38        39       449       716       717       734
364           -0.9          0.102         -0.4232
        43       126       211      1052      1088      1106
        41        44       122       126       718       735
365          -0.91         -0.076         -0.4082
        44       572      1055      1089      1090      1106
        43        44       452       719       720       735
366         -0.572         -0.808          0.1391
        48       138       217      1057      1092      1101
        46        48       134       138       721       736
367         -0.408          -0.91         -0.0762
        49       236      1060      1078      1093      1102
        47        49       196       722       723       731
368          0.139         -0.572         -0.8082
        51       150       223      1062      1094      1107
        50        52       146       150       724       737
369          0.102         -0.423           -0.92
        52      1065      1095      1096      1107      1108
        52        53       725       726       737       738
370         -0.076         -0.408          -0.912
        53      1068      1097      1098      1108      1109
        53        54       727       728       738       739
371         -0.149         -0.547         -0.8242
        54       224      1071      1099      1100      1109
        51        54       188       729       730       739
