1    1.27953e-15
2    2.53235e-15
3    2.71767e-15
4    2.69552e-15
5    2.85817e-15
6    3.40898e-15
7    3.36696e-15
8    4.16673e-15
9    4.08421e-15
10     4.0404e-15
11    4.06581e-15
12    3.05639e-15
13    3.84948e-15
14    4.40026e-15
15    4.77714e-15
16    4.84194e-15
17    3.94079e-15
18    4.75724e-15
19    5.80431e-15
20    4.78026e-15
21    3.84734e-15
22    2.64539e-15
23    2.16933e-15
24    2.95964e-15
25    4.59838e-15
26    6.56645e-15
27    7.48692e-15
28    7.41344e-15
29    6.69129e-15
30    6.31705e-15
31    7.03993e-15
32    8.66556e-15
33    1.05054e-14
34    1.23242e-14
35    1.31309e-14
36    1.29152e-14
37    1.32338e-14
38    1.41315e-14
39    1.43293e-14
40    1.51968e-14
41    1.70489e-14
42    1.68309e-14
43    1.60733e-14
44    1.60852e-14
45    1.64668e-14
46    1.68087e-14
47    1.71593e-14
48    1.78035e-14
49    1.84045e-14
50    1.95052e-14
51    2.00077e-14
52    2.02334e-14
53    2.00035e-14
54    1.99459e-14
55    2.00621e-14
56    1.88126e-14
57    1.82669e-14
58    1.74366e-14
59    1.68815e-14
60    1.86259e-14
61    1.90723e-14
62    1.87035e-14
63    1.85461e-14
64    1.91732e-14
65    1.94418e-14
66     1.9133e-14
67    1.92889e-14
68    1.91723e-14
69    1.92909e-14
70    1.85672e-14
71    1.92265e-14
72    2.02132e-14
73    1.96751e-14
74     1.8527e-14
75    1.88083e-14
76    1.97113e-14
77     1.9724e-14
78    1.96346e-14
79    1.90525e-14
80    1.80144e-14
81    1.70017e-14
82    1.71359e-14
83    1.88929e-14
84    2.00711e-14
85    1.92954e-14
86    1.85405e-14
87     1.9086e-14
88    1.94765e-14
89    1.89885e-14
90    1.95432e-14
91    2.02946e-14
92    1.90615e-14
93    1.72916e-14
94    1.72769e-14
95    1.77784e-14
96    1.73455e-14
97    1.53941e-14
98    1.37068e-14
99    1.41417e-14
100    1.45099e-14
101    1.45381e-14
102    1.55176e-14
103    1.76401e-14
104    1.88993e-14
105    2.02429e-14
106    2.11449e-14
107    2.05232e-14
108    2.10691e-14
109    2.18016e-14
110    2.22292e-14
111    2.30856e-14
112    2.38315e-14
113    2.45533e-14
114    2.43284e-14
115     2.4192e-14
116    2.50935e-14
117    2.46687e-14
118     2.3188e-14
119    2.31382e-14
120     2.4346e-14
121    2.47952e-14
122    2.43616e-14
123    2.36747e-14
124     2.3814e-14
125    2.50344e-14
126    2.47928e-14
127    2.44559e-14
128    2.39318e-14
129    2.24429e-14
130      2.152e-14
131       2.12e-14
132    2.15732e-14
133    2.26733e-14
134    2.26733e-14
135    2.12326e-14
136    1.94997e-14
137    1.81851e-14
138      1.799e-14
139    1.81468e-14
140    1.80888e-14
141    1.75628e-14
142    1.70328e-14
143    1.66942e-14
144    1.57502e-14
145    1.46588e-14
146    1.48952e-14
147    1.60658e-14
148    1.60697e-14
149    1.63167e-14
150    1.76674e-14
151    1.69308e-14
152    1.52826e-14
153    1.48657e-14
154    1.49079e-14
155    1.40291e-14
156    1.53529e-14
157    1.75572e-14
158    1.72841e-14
159    1.67925e-14
160     1.6432e-14
161    1.56593e-14
162     1.6081e-14
163    1.58539e-14
164    1.55713e-14
165    1.45499e-14
166    1.36128e-14
167    1.30446e-14
168    1.12482e-14
169    9.88541e-15
170    9.09575e-15
171    8.48734e-15
172    7.81904e-15
173    7.58501e-15
174    6.82593e-15
175    6.29199e-15
176    6.70651e-15
177    7.88978e-15
178    8.15871e-15
179    7.75354e-15
180    7.91016e-15
181    8.46398e-15
182    8.55337e-15
183    9.20091e-15
184    8.70705e-15
185    7.63935e-15
186    6.80021e-15
187    6.48908e-15
188    6.60022e-15
189    7.18735e-15
190    8.02053e-15
191    9.26275e-15
192    1.05154e-14
193    1.12818e-14
194    1.22149e-14
195    1.25196e-14
196    1.23646e-14
197    1.26053e-14
198    1.24538e-14
199     1.2043e-14
200    1.29881e-14
201    1.40126e-14
202    1.45861e-14
203    1.43093e-14
204    1.48156e-14
205    1.60435e-14
206    1.55524e-14
207    1.36518e-14
208    1.23429e-14
209    1.14045e-14
210    1.04219e-14
211    9.98147e-15
212    1.00572e-14
213    1.05515e-14
214     1.1839e-14
215    1.23952e-14
216     1.1989e-14
217    1.35909e-14
218    1.48394e-14
219    1.41943e-14
220    1.33271e-14
221    1.23253e-14
222    1.22072e-14
223    1.35817e-14
224    1.58116e-14
225    1.72103e-14
226    1.65546e-14
227    1.61096e-14
228    1.58228e-14
229    1.61254e-14
230    1.68785e-14
231    1.74204e-14
232     1.7528e-14
233    1.70972e-14
234     1.7143e-14
235    1.78279e-14
236    1.91634e-14
237     2.1419e-14
238     2.1902e-14
239    2.18082e-14
240    2.27459e-14
241    2.27367e-14
242    2.28196e-14
243    2.27133e-14
244    2.27344e-14
245    2.21323e-14
246    2.07234e-14
247     1.9138e-14
248    1.74585e-14
249    1.63227e-14
250    1.65737e-14
251    1.64889e-14
252    1.65013e-14
253     1.7636e-14
254    1.75946e-14
255    1.75271e-14
256    1.79352e-14
257    1.72461e-14
258    1.71494e-14
259    1.90428e-14
260     1.9842e-14
261    1.96414e-14
262    1.92151e-14
263    1.80921e-14
264    1.80476e-14
265    1.82255e-14
266     1.8779e-14
267    1.97205e-14
268    1.97574e-14
269    2.10195e-14
270    2.26689e-14
271    2.31393e-14
272    2.36573e-14
273    2.43419e-14
274    2.45294e-14
275    2.47096e-14
276    2.57977e-14
277    2.60869e-14
278    2.54685e-14
279    2.34633e-14
280    2.20769e-14
281    2.26549e-14
282    2.23764e-14
283    2.19887e-14
284    2.10148e-14
285    1.91641e-14
286    1.90495e-14
287     2.0483e-14
288     2.1502e-14
289    2.14787e-14
290    2.01541e-14
291    2.09741e-14
292    2.30866e-14
293     2.3703e-14
294    2.35015e-14
295    2.30538e-14
296    2.34451e-14
297    2.32119e-14
298    2.24027e-14
299    2.23678e-14
300    2.22572e-14
301    2.34231e-14
302    2.39061e-14
303    2.33112e-14
304    2.39026e-14
305    2.50886e-14
306     2.5755e-14
307    2.47447e-14
308    2.45912e-14
309    2.46959e-14
310    2.32749e-14
311    2.25453e-14
312    2.33797e-14
313    2.41249e-14
314    2.44523e-14
315    2.50913e-14
316    2.54667e-14
317    2.55654e-14
318    2.52169e-14
319    2.57976e-14
320    2.74511e-14
321    2.82924e-14
322    2.86036e-14
323    2.93795e-14
324    3.13234e-14
325    3.27411e-14
326    3.35576e-14
327     3.5685e-14
328    3.64363e-14
329      3.588e-14
330    3.65924e-14
331     3.6857e-14
332     3.6061e-14
333    3.68186e-14
334    3.85081e-14
335    3.94315e-14
336    3.97971e-14
337    3.94279e-14
338    3.91855e-14
339    3.99007e-14
340    4.12118e-14
341    4.21702e-14
342    4.23787e-14
343    4.19371e-14
344    4.14647e-14
345    4.25485e-14
346    4.37199e-14
347    4.34871e-14
348    4.36604e-14
349    4.44697e-14
350    4.48439e-14
351    4.42233e-14
352       4.42e-14
353    4.53794e-14
354    4.47607e-14
355    4.28475e-14
356    4.28092e-14
357     4.2542e-14
358    4.14929e-14
359    4.21627e-14
360    4.31678e-14
361    4.30649e-14
362    4.39191e-14
363    4.39069e-14
364    4.29388e-14
365    4.34496e-14
366    4.23761e-14
367    4.17164e-14
368    4.38441e-14
369    4.57323e-14
370    4.62532e-14
371    4.62619e-14
372     4.5644e-14
373    4.48712e-14
374    4.52477e-14
375    4.60475e-14
376    4.72812e-14
377    4.83624e-14
378     4.8766e-14
379    4.92034e-14
380    4.96256e-14
381    4.98823e-14
382    4.97232e-14
383    4.94558e-14
384    4.87513e-14
385    4.76338e-14
386    4.75003e-14
387    4.80359e-14
388    4.86408e-14
389    4.93754e-14
390    4.97343e-14
391    5.07008e-14
392     5.1435e-14
393    5.08923e-14
394    5.15642e-14
395      5.175e-14
396    4.93592e-14
397    4.81538e-14
398    4.93994e-14
399    5.03654e-14
400    4.98552e-14
401    4.89273e-14
402    4.79992e-14
403    4.68279e-14
404    4.55909e-14
405    4.50214e-14
406    4.61335e-14
407     4.6804e-14
408    4.70676e-14
409    4.89642e-14
410    5.05536e-14
411    5.06141e-14
412    5.12087e-14
413    5.23612e-14
414    5.34315e-14
415    5.42788e-14
416    5.47769e-14
417     5.6028e-14
418    5.65838e-14
419    5.58593e-14
420    5.63972e-14
421    5.70636e-14
422    5.52251e-14
423    5.33387e-14
424    5.30654e-14
425    5.27338e-14
426    5.19859e-14
427     5.0856e-14
428    5.20671e-14
429    5.43551e-14
430    5.45315e-14
431    5.39463e-14
432    5.22288e-14
433    5.03562e-14
434    5.05427e-14
435    5.29747e-14
436    5.50103e-14
437    5.61186e-14
438    5.65347e-14
439    5.55791e-14
440    5.42498e-14
441    5.34009e-14
442    5.34115e-14
443    5.37816e-14
444    5.47886e-14
445    5.52028e-14
446    5.44278e-14
447     5.3237e-14
448    5.23558e-14
449    5.48553e-14
450     5.8172e-14
451     5.7679e-14
452    5.62347e-14
453    5.61163e-14
454    5.71767e-14
455     5.8692e-14
456    5.88629e-14
457    5.85596e-14
458    5.84352e-14
459    5.76309e-14
460    5.72049e-14
461    5.79442e-14
462    5.92394e-14
463    6.10552e-14
464    6.29894e-14
465    6.45377e-14
466    6.41478e-14
467      6.349e-14
468    6.33133e-14
469    6.21121e-14
470    6.12629e-14
471    6.04848e-14
472    5.96906e-14
473    5.91198e-14
474     5.9339e-14
475    6.17174e-14
476    6.43184e-14
477    6.53377e-14
478    6.64508e-14
479    6.74217e-14
480    6.80757e-14
481    6.86558e-14
482     6.9373e-14
483    6.99607e-14
484    7.03701e-14
485    7.07651e-14
486    7.10392e-14
487    7.17689e-14
488    7.31132e-14
489    7.33054e-14
490    7.29676e-14
491    7.53894e-14
492    7.74535e-14
493     7.7967e-14
494     7.9167e-14
495    8.10548e-14
496    8.25156e-14
497    8.26199e-14
498    8.38255e-14
499     8.4963e-14
500    8.47799e-14
501    8.51462e-14
502    8.51563e-14
503    8.56729e-14
504    8.72992e-14
505    8.88009e-14
506    9.01358e-14
507    9.13563e-14
508    9.16655e-14
509    9.15548e-14
510    9.13757e-14
511    9.20997e-14
512    9.31782e-14
513    9.30595e-14
514    9.36518e-14
515    9.52215e-14
516    9.52072e-14
517    9.42549e-14
518    9.50213e-14
519    9.73677e-14
520     9.8295e-14
521    9.80367e-14
522    9.87652e-14
523    1.00583e-13
524    1.01857e-13
525    1.01781e-13
526    1.00509e-13
527    9.89427e-14
528    9.93641e-14
529    1.00844e-13
530     1.0202e-13
531    1.03676e-13
532    1.04777e-13
533    1.05401e-13
534    1.06089e-13
535    1.06443e-13
536    1.07408e-13
537    1.07971e-13
538    1.08759e-13
539    1.09902e-13
540     1.1023e-13
541    1.11306e-13
542    1.12999e-13
543    1.14611e-13
544    1.16066e-13
545    1.16385e-13
546    1.17006e-13
547    1.16926e-13
548    1.15726e-13
549    1.16634e-13
550    1.18265e-13
551    1.19014e-13
552    1.19313e-13
553    1.20548e-13
554    1.19528e-13
555    1.17753e-13
556    1.17421e-13
557    1.16913e-13
558    1.17865e-13
559    1.17789e-13
560    1.17348e-13
561    1.18065e-13
562    1.18871e-13
563    1.19263e-13
564    1.19125e-13
565    1.18131e-13
566    1.17961e-13
567    1.19271e-13
568    1.20771e-13
569    1.21388e-13
570     1.2061e-13
571    1.20311e-13
572    1.21824e-13
573     1.2236e-13
574    1.21198e-13
575    1.20159e-13
576    1.19362e-13
577    1.18423e-13
578    1.17356e-13
579    1.15645e-13
580    1.13873e-13
581    1.12736e-13
582    1.12346e-13
583     1.1248e-13
584    1.13124e-13
585    1.15313e-13
586     1.1806e-13
587    1.19864e-13
588    1.20944e-13
589    1.21666e-13
590    1.20534e-13
591    1.18683e-13
592    1.17141e-13
593    1.16663e-13
594    1.15745e-13
595    1.14274e-13
596    1.14186e-13
597    1.14915e-13
598    1.15115e-13
599    1.14049e-13
600    1.13963e-13
601     1.1493e-13
602    1.15686e-13
603    1.17055e-13
604    1.18494e-13
605    1.18022e-13
606     1.1661e-13
607    1.16572e-13
608    1.16776e-13
609    1.16955e-13
610    1.16417e-13
611    1.15128e-13
612     1.1522e-13
613    1.15138e-13
614    1.15521e-13
615    1.15627e-13
616    1.14815e-13
617    1.13981e-13
618    1.13787e-13
619    1.13227e-13
620    1.11517e-13
621    1.11087e-13
622    1.11118e-13
623    1.10526e-13
624    1.09351e-13
625    1.08646e-13
626    1.08559e-13
627    1.08673e-13
628    1.09124e-13
629     1.0859e-13
630    1.07719e-13
631     1.0775e-13
632    1.08387e-13
633    1.08286e-13
634    1.08138e-13
635    1.08537e-13
636    1.08324e-13
637    1.08535e-13
638    1.08223e-13
639    1.06575e-13
640    1.04683e-13
641    1.03203e-13
642    1.03575e-13
643    1.04176e-13
644     1.0291e-13
645    1.00765e-13
646    9.88266e-14
647    9.82772e-14
648    9.83454e-14
649    9.81532e-14
650    9.75829e-14
651    9.64703e-14
652    9.56751e-14
653    9.55455e-14
654    9.62014e-14
655    9.70437e-14
656    9.69542e-14
657    9.65967e-14
658    9.71438e-14
659    9.78474e-14
660    9.83053e-14
661    9.86671e-14
662    9.89719e-14
663     9.9379e-14
664     9.9228e-14
665    9.95398e-14
666    1.00205e-13
667    9.96955e-14
668    9.92485e-14
669    9.83678e-14
670    9.80425e-14
671    9.72576e-14
672    9.59553e-14
673    9.51959e-14
674    9.33788e-14
675    9.25463e-14
676    9.31362e-14
677    9.33629e-14
678    9.31417e-14
679     9.3281e-14
680    9.31973e-14
681    9.34481e-14
682    9.38617e-14
683    9.37888e-14
684     9.3261e-14
685    9.25076e-14
686    9.22576e-14
687    9.31409e-14
688    9.43888e-14
689    9.45777e-14
690    9.38384e-14
691    9.29318e-14
692    9.28537e-14
693    9.22522e-14
694    9.15259e-14
695    9.15193e-14
696    9.14985e-14
697    9.29975e-14
698    9.32344e-14
699    9.13691e-14
700    9.08571e-14
701    9.10104e-14
702    9.02403e-14
703    8.98879e-14
704     9.0786e-14
705    9.12177e-14
706    8.96562e-14
707    8.84407e-14
708    8.88673e-14
709     8.9301e-14
710    8.91156e-14
711    8.79226e-14
712    8.67175e-14
713    8.62549e-14
714    8.69816e-14
715    8.75229e-14
716    8.72898e-14
717    8.70631e-14
718    8.75322e-14
719    8.74985e-14
720    8.67855e-14
721    8.68149e-14
722     8.8108e-14
723    8.96141e-14
724    9.06831e-14
725    9.12049e-14
726    9.09194e-14
727    9.06111e-14
728    9.09991e-14
729    9.07904e-14
730    9.01527e-14
731    9.05921e-14
732     9.1665e-14
733    9.20345e-14
734    9.24531e-14
735    9.39751e-14
736    9.54478e-14
737    9.62387e-14
738    9.60945e-14
739     9.6726e-14
740    9.66886e-14
741    9.54469e-14
742    9.49383e-14
743     9.4557e-14
744    9.45608e-14
745    9.49616e-14
746    9.53553e-14
747    9.60856e-14
748    9.78158e-14
749    9.96415e-14
750    9.99195e-14
751    9.90715e-14
752    9.78089e-14
753    9.64878e-14
754    9.52529e-14
755    9.42412e-14
756    9.33882e-14
757    9.32827e-14
758    9.22979e-14
759    9.12374e-14
760    9.17529e-14
761    9.29287e-14
762    9.25839e-14
763    9.23131e-14
764    9.46854e-14
765    9.65212e-14
766    9.73187e-14
767    9.85129e-14
768    9.88715e-14
769     9.9213e-14
770    1.00811e-13
771    1.01981e-13
772    1.03072e-13
773    1.03382e-13
774    1.02968e-13
775    1.03443e-13
776    1.04557e-13
777    1.04486e-13
778    1.04537e-13
779     1.0478e-13
780    1.05295e-13
781    1.06564e-13
782    1.06536e-13
783    1.05671e-13
784    1.04694e-13
785    1.05063e-13
786     1.0427e-13
787    1.02633e-13
788     1.0219e-13
789    1.01871e-13
790    1.01069e-13
791    9.99503e-14
792    9.99777e-14
793    9.97862e-14
794    9.95095e-14
795    1.00723e-13
796      1.016e-13
797    1.00826e-13
798    1.00743e-13
799    1.01056e-13
800    1.00015e-13
801    9.98615e-14
802    1.00427e-13
803    1.00037e-13
804    9.96618e-14
805    9.99735e-14
806    9.80629e-14
807    9.63618e-14
808    9.70448e-14
809    9.65463e-14
810    9.67339e-14
811    9.73975e-14
812    9.70776e-14
813    9.74938e-14
814     9.7902e-14
815    9.74562e-14
816    9.66699e-14
817    9.67327e-14
818    9.75963e-14
819        9.7e-14
820     9.6267e-14
821    9.63641e-14
822    9.52733e-14
823    9.43948e-14
824    9.45863e-14
825    9.44983e-14
826    9.39112e-14
827     9.3509e-14
828    9.38783e-14
829    9.34472e-14
830    9.26344e-14
831     9.3821e-14
832    9.57042e-14
833    9.65699e-14
834    9.69486e-14
835    9.59888e-14
836     9.5264e-14
837    9.57265e-14
838    9.50485e-14
839    9.45887e-14
840     9.3494e-14
841     9.2437e-14
842    9.14676e-14
843    8.95183e-14
844    8.92298e-14
845    9.02715e-14
846    9.08504e-14
847     8.9873e-14
848    8.80856e-14
849    8.77232e-14
850    8.73992e-14
851    8.70008e-14
852    8.73199e-14
853    8.61224e-14
854    8.56423e-14
855     8.5657e-14
856    8.45452e-14
857       8.43e-14
858    8.58684e-14
859    8.78921e-14
860    8.83446e-14
861    8.81046e-14
862    8.88829e-14
863    9.02911e-14
864    8.97148e-14
865    8.80401e-14
866    8.72443e-14
867    8.72436e-14
868    8.67435e-14
869    8.48891e-14
870    8.50454e-14
871    8.47195e-14
872     8.2665e-14
873     8.1752e-14
874    8.11515e-14
875    8.11832e-14
876     8.0518e-14
877    7.80797e-14
878    7.66345e-14
879    7.63486e-14
880    7.54517e-14
881    7.56783e-14
882    7.62075e-14
883     7.6031e-14
884    7.58372e-14
885    7.45344e-14
886    7.33058e-14
887    7.29639e-14
888    7.24002e-14
889    7.21234e-14
890    7.27361e-14
891    7.17388e-14
892    7.09999e-14
893    7.29575e-14
894     7.4244e-14
895    7.34285e-14
896    7.31837e-14
897    7.41406e-14
898    7.43637e-14
899    7.29255e-14
900    7.05093e-14
901    6.92731e-14
902    7.01136e-14
903    7.12333e-14
904    7.08631e-14
905    7.12359e-14
906    7.19177e-14
907    7.12201e-14
908    7.14563e-14
909    7.13611e-14
910    6.96675e-14
911    6.99538e-14
912    7.06186e-14
913    7.06593e-14
914    7.12415e-14
915    7.11633e-14
916    7.03603e-14
917    6.96358e-14
918    6.94526e-14
919    6.75378e-14
920    6.62909e-14
921    6.77579e-14
922    6.85375e-14
923    6.88435e-14
924    6.87163e-14
925    6.95918e-14
926    7.05939e-14
927    7.07525e-14
928     7.1157e-14
929    7.09392e-14
930    7.21475e-14
931    7.26681e-14
932    7.23926e-14
933    7.30414e-14
934    7.34659e-14
935    7.39678e-14
936    7.47754e-14
937    7.61521e-14
938    7.74275e-14
939    7.88916e-14
940    7.93393e-14
941    7.78769e-14
942    7.75279e-14
943    7.82788e-14
944    7.80274e-14
945    7.79114e-14
946    7.78074e-14
947    7.72848e-14
948    7.75472e-14
949    7.84112e-14
950    7.93209e-14
951    7.99098e-14
952    8.03333e-14
953    8.15109e-14
954    8.26935e-14
955    8.30756e-14
956     8.2831e-14
957    8.20712e-14
958    8.21304e-14
959    8.23973e-14
960    8.28282e-14
961    8.38723e-14
962    8.52529e-14
963    8.74614e-14
964    8.94838e-14
965    9.09616e-14
966    9.20041e-14
967    9.38451e-14
968    9.65135e-14
969    9.83931e-14
970    9.87752e-14
971    9.81585e-14
972    9.90382e-14
973    9.95075e-14
974    9.97162e-14
975    1.00044e-13
976    1.00279e-13
977    1.01278e-13
978     1.0253e-13
979    1.04007e-13
980    1.03883e-13
981    1.04098e-13
982    1.04823e-13
983    1.04062e-13
984    1.03448e-13
985    1.03398e-13
986    1.03184e-13
987    1.03701e-13
988    1.04302e-13
989    1.04724e-13
990    1.03279e-13
991    1.01973e-13
992    1.00962e-13
993    9.87441e-14
994    9.76736e-14
995    9.79015e-14
996    9.89573e-14
997    9.90264e-14
998    9.89289e-14
999    9.89034e-14
1000    9.92566e-14
2000    7.35089e-14
3000    1.25763e-13
4000     1.4366e-13
5000    1.61318e-13
6000    1.93684e-13
7000    2.13224e-13
8000     1.9434e-13
9000    2.95858e-13
10000    3.46032e-13
11000    3.14874e-13
12000    2.75967e-13
13000    3.37771e-13
14000    3.47127e-13
15000    3.31893e-13
16000    4.08797e-13
17000    4.19599e-13
18000    5.08623e-13
19000    4.57182e-13
20000    5.46118e-13
21000    5.10364e-13
22000    5.35307e-13
23000    5.28288e-13
24000    5.73232e-13
25000    5.87108e-13
