1        12.5261
2        12.5262
3        12.5262
4        12.5263
5        12.5263
6        12.5264
7        12.5264
8        12.5265
9        12.5265
10        12.5265
11        12.5265
12        12.5265
13        12.5265
14        12.5265
15        12.5266
16        12.5266
17        12.5266
18        12.5267
19        12.5267
20        12.5267
21        12.5268
22        12.5268
23        12.5268
24        12.5268
25        12.5269
26        12.5269
27        12.5269
28         12.527
29         12.527
30         12.527
31        12.5271
32        12.5271
33        12.5271
34        12.5272
35        12.5272
36        12.5272
37        12.5273
38        12.5273
39        12.5274
40        12.5274
41        12.5275
42        12.5275
43        12.5275
44        12.5276
45        12.5276
46        12.5277
47        12.5277
48        12.5278
49        12.5278
50        12.5279
51        12.5279
52         12.528
53         12.528
54         12.528
55         12.528
56        12.5281
57        12.5281
58        12.5281
59        12.5281
60        12.5281
61        12.5281
62        12.5281
63        12.5281
64        12.5282
65        12.5282
66        12.5282
67        12.5282
68        12.5282
69        12.5282
70        12.5282
71        12.5283
72        12.5283
73        12.5283
74        12.5283
75        12.5283
76        12.5282
77        12.5282
78        12.5282
79        12.5282
80        12.5282
81        12.5282
82        12.5282
83        12.5282
84        12.5282
85        12.5282
86        12.5282
87        12.5282
88        12.5282
89        12.5282
90        12.5282
91        12.5282
92        12.5282
93        12.5282
94        12.5281
95        12.5281
96        12.5281
97        12.5281
98        12.5281
99        12.5281
100        12.5281
101        12.5281
102        12.5281
103        12.5281
104        12.5281
105        12.5281
106        12.5281
107        12.5281
108        12.5281
109         12.528
110         12.528
111         12.528
112         12.528
113         12.528
114         12.528
115         12.528
116        12.5279
117        12.5279
118        12.5279
119        12.5278
120        12.5278
121        12.5278
122        12.5278
123        12.5278
124        12.5278
125        12.5277
126        12.5277
127        12.5277
128        12.5277
129        12.5277
130        12.5276
131        12.5276
132        12.5276
133        12.5276
134        12.5276
135        12.5276
136        12.5276
137        12.5276
138        12.5276
139        12.5276
140        12.5276
141        12.5276
142        12.5276
143        12.5277
144        12.5277
145        12.5277
146        12.5277
147        12.5277
148        12.5278
149        12.5278
150        12.5278
151        12.5278
152        12.5279
153        12.5279
154        12.5279
155         12.528
156         12.528
157         12.528
158        12.5281
159        12.5281
160        12.5282
161        12.5283
162        12.5283
163        12.5284
164        12.5284
165        12.5285
166        12.5286
167        12.5287
168        12.5287
169        12.5288
170        12.5289
171         12.529
172        12.5291
173        12.5292
174        12.5293
175        12.5294
176        12.5295
177        12.5296
178        12.5297
179        12.5298
180        12.5299
181        12.5301
182        12.5302
183        12.5303
184        12.5305
185        12.5306
186        12.5307
187        12.5309
188         12.531
189        12.5312
190        12.5314
191        12.5315
192        12.5317
193        12.5319
194        12.5321
195        12.5322
196        12.5324
197        12.5326
198        12.5328
199         12.533
200        12.5332
201        12.5334
202        12.5336
203        12.5338
204         12.534
205        12.5342
206        12.5344
207        12.5346
208        12.5348
209        12.5351
210        12.5353
211        12.5355
212        12.5357
213        12.5359
214        12.5362
215        12.5364
216        12.5366
217        12.5368
218         12.537
219        12.5372
220        12.5375
221        12.5377
222        12.5379
223        12.5381
224        12.5383
225        12.5386
226        12.5388
227         12.539
228        12.5392
229        12.5394
230        12.5396
231        12.5398
232          12.54
233        12.5402
234        12.5404
235        12.5406
236        12.5408
237         12.541
238        12.5412
239        12.5414
240        12.5416
241        12.5417
242        12.5419
243        12.5421
244        12.5423
245        12.5424
246        12.5426
247        12.5428
248        12.5429
249        12.5431
250        12.5432
251        12.5434
252        12.5435
253        12.5437
254        12.5438
255        12.5439
256         12.544
257        12.5442
258        12.5443
259        12.5444
260        12.5445
261        12.5446
262        12.5447
263        12.5448
264        12.5448
265        12.5449
266         12.545
267         12.545
268        12.5451
269        12.5451
270        12.5451
271        12.5451
272        12.5452
273        12.5452
274        12.5452
275        12.5452
276        12.5452
277        12.5452
278        12.5452
279        12.5451
280        12.5451
281        12.5451
282        12.5451
283         12.545
284         12.545
285         12.545
286        12.5449
287        12.5448
288        12.5448
289        12.5447
290        12.5446
291        12.5445
292        12.5445
293        12.5444
294        12.5443
295        12.5442
296         12.544
297        12.5439
298        12.5438
299        12.5437
300        12.5435
301        12.5434
302        12.5433
303        12.5431
304         12.543
305        12.5429
306        12.5427
307        12.5426
308        12.5424
309        12.5422
310        12.5421
311        12.5419
312        12.5417
313        12.5415
314        12.5414
315        12.5412
316         12.541
317        12.5408
318        12.5406
319        12.5405
320        12.5403
321        12.5401
322        12.5399
323        12.5397
324        12.5395
325        12.5393
326        12.5391
327        12.5389
328        12.5387
329        12.5385
330        12.5383
331        12.5381
332        12.5379
333        12.5377
334        12.5374
335        12.5372
336         12.537
337        12.5368
338        12.5366
339        12.5364
340        12.5362
341         12.536
342        12.5358
343        12.5356
344        12.5355
345        12.5353
346        12.5351
347        12.5349
348        12.5347
349        12.5346
350        12.5344
351        12.5342
352        12.5341
353        12.5339
354        12.5338
355        12.5336
356        12.5335
357        12.5333
358        12.5332
359        12.5331
360        12.5329
361        12.5328
362        12.5327
363        12.5326
364        12.5324
365        12.5323
366        12.5322
367        12.5321
368         12.532
369        12.5319
370        12.5318
371        12.5317
372        12.5316
373        12.5315
374        12.5314
375        12.5314
376        12.5313
377        12.5312
378        12.5311
379         12.531
380        12.5309
381        12.5308
382        12.5308
383        12.5307
384        12.5306
385        12.5306
386        12.5305
387        12.5304
388        12.5304
389        12.5303
390        12.5303
391        12.5302
392        12.5302
393        12.5301
394        12.5301
395          12.53
396          12.53
397          12.53
398        12.5299
399        12.5299
400        12.5299
401        12.5299
402        12.5299
403        12.5299
404        12.5298
405        12.5298
406        12.5298
407        12.5298
408        12.5298
409        12.5298
410        12.5298
411        12.5299
412        12.5299
413        12.5299
414        12.5299
415        12.5299
416        12.5299
417          12.53
418          12.53
419          12.53
420        12.5301
421        12.5301
422        12.5301
423        12.5301
424        12.5302
425        12.5302
426        12.5302
427        12.5302
428        12.5302
429        12.5303
430        12.5303
431        12.5303
432        12.5304
433        12.5304
434        12.5304
435        12.5304
436        12.5304
437        12.5305
438        12.5305
439        12.5305
440        12.5306
441        12.5306
442        12.5306
443        12.5307
444        12.5307
445        12.5308
446        12.5308
447        12.5309
448        12.5309
449         12.531
450         12.531
451        12.5311
452        12.5312
453        12.5312
454        12.5313
455        12.5314
456        12.5315
457        12.5315
458        12.5316
459        12.5317
460        12.5318
461        12.5318
462        12.5319
463         12.532
464        12.5321
465        12.5322
466        12.5323
467        12.5323
468        12.5324
469        12.5325
470        12.5326
471        12.5327
472        12.5328
473        12.5328
474        12.5329
475         12.533
476         12.533
477        12.5331
478        12.5332
479        12.5332
480        12.5333
481        12.5333
482        12.5333
483        12.5334
484        12.5334
485        12.5335
486        12.5335
487        12.5336
488        12.5336
489        12.5336
490        12.5337
491        12.5337
492        12.5337
493        12.5337
494        12.5337
495        12.5337
496        12.5338
497        12.5338
498        12.5338
499        12.5338
500        12.5338
501        12.5338
502        12.5338
503        12.5338
504        12.5338
505        12.5338
506        12.5338
507        12.5338
508        12.5338
509        12.5338
510        12.5338
511        12.5338
512        12.5338
513        12.5338
514        12.5338
515        12.5338
516        12.5337
517        12.5337
518        12.5337
519        12.5337
520        12.5337
521        12.5337
522        12.5337
523        12.5336
524        12.5336
525        12.5336
526        12.5335
527        12.5335
528        12.5335
529        12.5334
530        12.5334
531        12.5334
532        12.5333
533        12.5333
534        12.5332
535        12.5332
536        12.5332
537        12.5331
538        12.5331
539         12.533
540         12.533
541        12.5329
542        12.5329
543        12.5328
544        12.5328
545        12.5327
546        12.5326
547        12.5325
548        12.5325
549        12.5324
550        12.5323
551        12.5323
552        12.5322
553        12.5321
554        12.5321
555         12.532
556        12.5319
557        12.5319
558        12.5318
559        12.5318
560        12.5317
561        12.5317
562        12.5316
563        12.5316
564        12.5315
565        12.5314
566        12.5314
567        12.5313
568        12.5313
569        12.5312
570        12.5312
571        12.5311
572        12.5311
573         12.531
574         12.531
575        12.5309
576        12.5308
577        12.5308
578        12.5307
579        12.5307
580        12.5306
581        12.5306
582        12.5305
583        12.5305
584        12.5304
585        12.5304
586        12.5303
587        12.5303
588        12.5303
589        12.5302
590        12.5301
591        12.5301
592          12.53
593          12.53
594        12.5299
595        12.5299
596        12.5298
597        12.5298
598        12.5297
599        12.5297
600        12.5297
601        12.5296
602        12.5296
603        12.5296
604        12.5295
605        12.5295
606        12.5295
607        12.5294
608        12.5294
609        12.5294
610        12.5294
611        12.5293
612        12.5293
613        12.5293
614        12.5293
615        12.5293
616        12.5292
617        12.5292
618        12.5292
619        12.5292
620        12.5292
621        12.5292
622        12.5292
623        12.5292
624        12.5292
625        12.5292
626        12.5292
627        12.5292
628        12.5292
629        12.5292
630        12.5292
631        12.5292
632        12.5292
633        12.5292
634        12.5292
635        12.5291
636        12.5291
637        12.5291
638        12.5291
639        12.5291
640        12.5291
641        12.5291
642         12.529
643         12.529
644         12.529
645         12.529
646         12.529
647         12.529
648         12.529
649         12.529
650         12.529
651         12.529
652         12.529
653        12.5289
654        12.5289
655        12.5289
656        12.5289
657        12.5289
658        12.5289
659        12.5289
660        12.5289
661        12.5288
662        12.5288
663        12.5288
664        12.5288
665        12.5288
666        12.5288
667        12.5288
668        12.5288
669        12.5288
670        12.5288
671        12.5287
672        12.5287
673        12.5287
674        12.5287
675        12.5287
676        12.5287
677        12.5287
678        12.5287
679        12.5287
680        12.5287
681        12.5287
682        12.5287
683        12.5287
684        12.5287
685        12.5287
686        12.5287
687        12.5287
688        12.5287
689        12.5287
690        12.5287
691        12.5288
692        12.5288
693        12.5288
694        12.5288
695        12.5288
696        12.5288
697        12.5289
698        12.5289
699        12.5289
700        12.5289
701         12.529
702         12.529
703         12.529
704        12.5291
705        12.5291
706        12.5291
707        12.5292
708        12.5293
709        12.5293
710        12.5294
711        12.5295
712        12.5296
713        12.5296
714        12.5297
715        12.5298
716        12.5299
717          12.53
718        12.5301
719        12.5303
720        12.5304
721        12.5305
722        12.5306
723        12.5308
724        12.5309
725        12.5311
726        12.5312
727        12.5314
728        12.5315
729        12.5317
730        12.5319
731        12.5321
732        12.5323
733        12.5325
734        12.5327
735        12.5329
736        12.5331
737        12.5333
738        12.5335
739        12.5337
740        12.5339
741        12.5341
742        12.5344
743        12.5346
744        12.5348
745        12.5351
746        12.5353
747        12.5356
748        12.5358
749         12.536
750        12.5363
751        12.5365
752        12.5367
753         12.537
754        12.5372
755        12.5375
756        12.5377
757        12.5379
758        12.5382
759        12.5384
760        12.5387
761        12.5389
762        12.5392
763        12.5394
764        12.5396
765        12.5399
766        12.5401
767        12.5403
768        12.5406
769        12.5408
770         12.541
771        12.5413
772        12.5415
773        12.5417
774         12.542
775        12.5422
776        12.5424
777        12.5426
778        12.5428
779         12.543
780        12.5432
781        12.5434
782        12.5436
783        12.5438
784         12.544
785        12.5441
786        12.5443
787        12.5445
788        12.5447
789        12.5448
790         12.545
791        12.5451
792        12.5453
793        12.5454
794        12.5455
795        12.5456
796        12.5457
797        12.5458
798        12.5459
799         12.546
800         12.546
801        12.5461
802        12.5462
803        12.5462
804        12.5463
805        12.5463
806        12.5463
807        12.5464
808        12.5464
809        12.5464
810        12.5464
811        12.5464
812        12.5464
813        12.5463
814        12.5463
815        12.5463
816        12.5462
817        12.5461
818        12.5461
819         12.546
820         12.546
821        12.5459
822        12.5458
823        12.5457
824        12.5456
825        12.5455
826        12.5454
827        12.5453
828        12.5451
829         12.545
830        12.5449
831        12.5447
832        12.5446
833        12.5444
834        12.5443
835        12.5441
836        12.5439
837        12.5438
838        12.5436
839        12.5434
840        12.5433
841        12.5431
842        12.5429
843        12.5427
844        12.5425
845        12.5423
846        12.5421
847        12.5419
848        12.5417
849        12.5415
850        12.5413
851        12.5411
852        12.5409
853        12.5407
854        12.5405
855        12.5403
856        12.5401
857        12.5399
858        12.5397
859        12.5395
860        12.5393
861        12.5391
862        12.5389
863        12.5387
864        12.5385
865        12.5383
866        12.5381
867        12.5379
868        12.5377
869        12.5375
870        12.5373
871        12.5371
872        12.5369
873        12.5367
874        12.5365
875        12.5363
876        12.5362
877         12.536
878        12.5358
879        12.5356
880        12.5355
881        12.5353
882        12.5351
883         12.535
884        12.5348
885        12.5347
886        12.5345
887        12.5344
888        12.5343
889        12.5341
890         12.534
891        12.5339
892        12.5338
893        12.5337
894        12.5336
895        12.5335
896        12.5334
897        12.5333
898        12.5332
899        12.5331
900         12.533
901        12.5329
902        12.5328
903        12.5327
904        12.5326
905        12.5325
906        12.5324
907        12.5323
908        12.5322
909        12.5321
910        12.5321
911         12.532
912        12.5319
913        12.5318
914        12.5317
915        12.5316
916        12.5315
917        12.5315
918        12.5314
919        12.5313
920        12.5312
921        12.5312
922        12.5311
923         12.531
924         12.531
925        12.5309
926        12.5309
927        12.5308
928        12.5308
929        12.5307
930        12.5307
931        12.5306
932        12.5306
933        12.5305
934        12.5305
935        12.5305
936        12.5304
937        12.5304
938        12.5304
939        12.5303
940        12.5303
941        12.5303
942        12.5303
943        12.5303
944        12.5303
945        12.5303
946        12.5303
947        12.5303
948        12.5303
949        12.5303
950        12.5303
951        12.5303
952        12.5303
953        12.5303
954        12.5303
955        12.5304
956        12.5304
957        12.5304
958        12.5304
959        12.5305
960        12.5305
961        12.5305
962        12.5306
963        12.5306
964        12.5306
965        12.5307
966        12.5307
967        12.5307
968        12.5308
969        12.5308
970        12.5309
971        12.5309
972         12.531
973         12.531
974        12.5311
975        12.5311
976        12.5312
977        12.5313
978        12.5313
979        12.5314
980        12.5315
981        12.5315
982        12.5316
983        12.5317
984        12.5317
985        12.5318
986        12.5319
987         12.532
988        12.5321
989        12.5322
990        12.5323
991        12.5323
992        12.5324
993        12.5325
994        12.5326
995        12.5327
996        12.5328
997        12.5329
998         12.533
999        12.5331
1000        12.5332
1050        12.5354
1100        12.5323
1150        12.5301
1200        12.5306
1250        12.5321
1300        12.5399
1350        12.5432
1400        12.5368
1450         12.533
1500        12.5344
1550        12.5399
1600        12.5392
1650        12.5341
1700        12.5325
1750        12.5335
1800        12.5359
1850        12.5417
1900        12.5417
1950        12.5389
2000        12.5395
2050        12.5442
2100        12.5499
2150        12.5478
2200        12.5435
2250        12.5441
2300        12.5471
2350        12.5512
2400        12.5561
2450        12.5566
2500        12.5585
2550        12.5633
2600        12.5728
2650        12.5808
2700        12.5826
2750        12.5842
2800        12.5906
2850         12.599
2900        12.6081
2950        12.6166
3000        12.6249
3050         12.636
3100        12.6502
3150        12.6681
3200        12.6847
3250        12.6995
3300        12.7165
3350        12.7377
3400        12.7605
3450        12.7845
3500        12.8098
3550        12.8388
3600         12.871
3650        12.9059
3700        12.9426
3750        12.9804
3800        13.0207
3850        13.0656
3900        13.1146
3950        13.1655
4000        13.2176
4050        13.2718
4100        13.3299
4150        13.3925
4200        13.4586
4250        13.5276
4300        13.5993
4350         13.674
4400        13.7518
4450        13.8325
4500        13.9155
4550        14.0009
4600        14.0893
4650        14.1801
4700         14.274
4750        14.3704
4800        14.4698
4850        14.5723
4900        14.6782
4950        14.7867
5000         14.897
5050        15.0081
5100          15.12
5150        15.2327
5200        15.3454
5250        15.4587
5300        15.5718
5350         15.686
5400        15.8008
5450        15.9155
5500        16.0289
5550        16.1404
5600        16.2497
5650        16.3566
5700        16.4587
5750        16.5528
5800        16.6395
5850        16.7145
5900        16.7733
5950        16.8109
6000        16.8228
6050        16.8095
6100        16.7745
6150        16.7225
6200         16.656
6250        16.5778
6300        16.4882
6350        16.3894
6400        16.2852
6450        16.1771
6500        16.0666
6550        15.9548
6600        15.8428
6650        15.7327
6700         15.624
6750        15.5174
6800        15.4116
6850        15.3062
6900        15.2011
6950        15.0975
7000        14.9957
7050        14.8958
7100        14.7976
7150        14.7011
7200        14.6078
7250        14.5174
7300        14.4306
7350        14.3475
7400        14.2692
7450        14.1958
7500        14.1275
7550        14.0636
7600        14.0035
7650        13.9472
7700        13.8945
7750        13.8452
7800        13.7991
7850        13.7569
7900        13.7187
7950        13.6849
8000        13.6563
8050        13.6329
8100        13.6156
8150         13.605
8200         13.601
8250        13.6029
8300        13.6116
8350        13.6268
8400         13.649
8450        13.6779
8500        13.7129
8550        13.7528
8600        13.7981
8650        13.8489
8700        13.9042
8750        13.9633
8800        14.0253
8850         14.089
8900        14.1553
8950        14.2243
9000         14.296
9050        14.3703
9100        14.4473
9150        14.5263
9200        14.6078
9250         14.692
9300        14.7779
9350        14.8645
9400        14.9512
9450        15.0378
9500        15.1243
9550        15.2107
9600        15.2956
9650        15.3777
9700        15.4554
9750        15.5286
9800        15.5976
9850        15.6621
9900        15.7219
9950        15.7763
10000        15.8242
10050        15.8661
10100        15.9006
10150        15.9264
10200        15.9419
10250        15.9458
10300        15.9389
10350        15.9212
10400        15.8925
10450         15.852
10500        15.8005
10550        15.7375
10600        15.6648
10650        15.5834
10700        15.4961
10750        15.4054
10800         15.314
10850        15.2238
10900        15.1342
10950         15.046
11000        14.9591
11050        14.8752
11100        14.7955
11150        14.7199
11200        14.6475
11250        14.5777
11300        14.5107
11350        14.4474
11400        14.3877
11450        14.3305
11500        14.2758
11550        14.2239
11600        14.1761
11650        14.1328
11700        14.0941
11750        14.0594
11800        14.0287
11850        14.0027
11900        13.9822
11950         13.967
12000        13.9565
12050        13.9508
12100        13.9495
12150        13.9537
12200        13.9629
12250        13.9762
12300        13.9937
12350        14.0158
12400         14.043
12450        14.0756
12500        14.1136
12550        14.1568
12600        14.2052
12650        14.2593
12700         14.319
12750        14.3832
12800        14.4513
12850        14.5222
12900        14.5961
12950        14.6728
13000        14.7498
13050        14.8237
13100        14.8947
13150         14.963
13200        15.0271
13250        15.0869
13300        15.1415
13350        15.1905
13400        15.2348
13450        15.2746
13500        15.3103
13550        15.3412
13600        15.3675
13650        15.3889
13700         15.405
13750        15.4153
13800        15.4183
13850        15.4145
13900        15.4032
13950        15.3845
14000        15.3593
14050        15.3283
14100        15.2918
14150        15.2506
14200        15.2057
14250        15.1568
14300        15.1044
14350        15.0493
14400        14.9915
14450        14.9314
14500        14.8698
14550        14.8067
14600        14.7417
14650        14.6762
14700        14.6107
14750        14.5444
14800        14.4775
14850        14.4101
14900         14.343
14950        14.2772
15000        14.2134
15050        14.1514
15100        14.0915
15150        14.0347
15200        13.9826
15250        13.9351
15300        13.8921
15350        13.8543
15400        13.8215
15450        13.7942
15500        13.7721
15550        13.7548
15600        13.7419
15650        13.7334
15700        13.7284
15750        13.7263
15800        13.7274
15850        13.7317
15900        13.7393
15950        13.7501
16000        13.7638
16050        13.7802
16100        13.7997
16150        13.8227
16200        13.8499
16250        13.8816
16300         13.917
16350         13.956
16400        13.9986
16450        14.0452
16500        14.0953
16550        14.1486
16600        14.2037
16650        14.2607
16700        14.3201
16750        14.3827
16800        14.4473
16850        14.5127
16900        14.5777
16950         14.643
17000        14.7094
17050        14.7766
17100        14.8427
17150        14.9073
17200        14.9695
17250        15.0302
17300        15.0902
17350        15.1474
17400        15.1998
17450        15.2476
17500         15.291
17550        15.3291
17600         15.361
17650        15.3858
17700        15.4023
17750        15.4106
17800        15.4105
17850        15.4021
17900        15.3863
17950         15.364
18000         15.335
18050        15.3003
18100        15.2612
18150        15.2175
18200        15.1688
18250         15.116
18300        15.0593
18350        15.0002
18400        14.9393
18450        14.8772
18500        14.8143
18550        14.7504
18600        14.6857
18650        14.6209
18700        14.5567
18750        14.4933
18800        14.4312
18850         14.372
18900        14.3162
18950        14.2644
19000        14.2161
19050        14.1707
19100         14.128
19150        14.0887
19200        14.0521
19250        14.0174
19300        13.9842
19350         13.953
19400        13.9244
19450        13.8987
19500        13.8754
19550        13.8549
19600        13.8374
19650        13.8235
19700        13.8128
19750        13.8049
19800        13.7993
19850        13.7962
19900        13.7952
19950        13.7959
20000        13.7986
20050        13.8037
20100        13.8108
20150        13.8192
20200        13.8287
20250        13.8401
20300        13.8536
20350        13.8691
20400         13.887
20450        13.9078
20500        13.9308
20550        13.9559
20600        13.9832
20650        14.0133
20700        14.0467
20750        14.0826
20800        14.1194
20850        14.1553
20900        14.1907
20950        14.2265
21000        14.2642
21050        14.3033
21100        14.3426
21150        14.3812
21200        14.4195
21250        14.4579
21300        14.4975
21350        14.5382
21400        14.5781
21450         14.616
21500        14.6528
21550        14.6894
21600        14.7258
21650        14.7617
21700        14.7959
21750        14.8279
21800        14.8573
21850        14.8842
21900        14.9087
21950         14.931
22000        14.9505
22050        14.9671
22100          14.98
22150        14.9893
22200        14.9957
22250        14.9985
22300        14.9963
22350        14.9887
22400        14.9755
22450        14.9565
22500        14.9321
22550        14.9039
22600        14.8738
22650        14.8433
22700        14.8123
22750        14.7791
22800         14.744
22850        14.7073
22900        14.6703
22950        14.6334
23000        14.5963
23050        14.5582
23100        14.5203
23150        14.4829
23200        14.4467
23250        14.4124
23300        14.3795
23350        14.3478
23400        14.3164
23450        14.2865
23500        14.2586
23550        14.2332
23600        14.2102
23650        14.1889
23700        14.1689
23750        14.1493
23800        14.1305
23850        14.1122
23900        14.0947
23950        14.0777
24000        14.0614
24050        14.0463
24100        14.0322
24150        14.0202
24200        14.0105
24250        14.0019
24300        13.9949
24350        13.9893
24400        13.9851
24450        13.9817
24500        13.9793
24550        13.9787
24600        13.9794
24650        13.9818
24700        13.9859
24750         13.991
24800        13.9971
24850        14.0051
24900        14.0154
24950        14.0262
25000        14.0381
25050        14.0511
25100        14.0647
25150        14.0793
25200        14.0956
25250        14.1124
25300        14.1285
25350        14.1439
25400         14.159
25450        14.1744
25500        14.1908
25550        14.2082
25600        14.2263
25650        14.2449
25700        14.2644
25750        14.2843
25800        14.3046
25850        14.3252
25900        14.3461
25950         14.367
26000        14.3872
26050        14.4076
26100         14.429
26150         14.451
26200        14.4732
26250        14.4966
26300        14.5215
26350        14.5471
26400        14.5741
26450        14.6014
26500        14.6283
26550        14.6546
26600        14.6808
26650        14.7062
26700        14.7303
26750        14.7526
26800        14.7741
26850        14.7937
26900        14.8104
26950        14.8244
27000        14.8358
27050        14.8443
27100        14.8517
27150        14.8575
27200        14.8624
27250        14.8653
27300        14.8667
27350        14.8667
27400        14.8633
27450        14.8558
27500        14.8445
27550        14.8303
27600        14.8141
27650         14.796
27700        14.7764
27750        14.7548
27800        14.7322
27850        14.7094
27900         14.686
27950        14.6614
28000        14.6354
28050        14.6089
28100         14.582
28150        14.5539
28200         14.525
28250        14.4954
28300         14.464
28350        14.4312
28400        14.3982
28450         14.365
28500        14.3329
28550        14.3025
28600        14.2728
28650        14.2435
28700        14.2151
28750        14.1881
28800         14.162
28850        14.1357
28900        14.1093
28950        14.0841
29000        14.0603
29050        14.0385
29100        14.0192
29150        14.0022
29200        13.9877
29250        13.9757
29300        13.9658
29350        13.9582
29400        13.9532
29450         13.951
29500        13.9517
29550        13.9558
29600        13.9622
29650        13.9708
29700        13.9814
29750        13.9922
29800         14.003
29850        14.0141
29900        14.0262
29950        14.0398
30000        14.0549
30050        14.0723
30100        14.0927
30150        14.1164
30200        14.1442
30250        14.1761
30300        14.2103
30350        14.2454
30400        14.2813
30450        14.3183
30500        14.3575
30550        14.3997
30600        14.4438
30650         14.488
30700        14.5311
30750        14.5743
30800        14.6177
30850        14.6609
30900        14.7039
30950        14.7459
31000        14.7868
31050        14.8271
31100        14.8662
31150        14.9035
31200        14.9374
31250        14.9685
31300        14.9961
31350        15.0198
31400        15.0405
31450        15.0584
31500        15.0727
31550        15.0826
