1    3.15034e-15
2    6.23881e-15
3    7.62153e-15
4    9.25897e-15
5    9.97988e-15
6    9.34115e-15
7    9.89396e-15
8    9.25798e-15
9    8.17771e-15
10    1.11959e-14
11    1.35602e-14
12     1.1736e-14
13    1.28034e-14
14    1.43643e-14
15    1.39496e-14
16    1.19309e-14
17    1.12546e-14
18    1.18643e-14
19    1.27366e-14
20    1.44075e-14
21    1.64139e-14
22    1.94939e-14
23    2.19794e-14
24    2.33506e-14
25    2.35628e-14
26    2.40458e-14
27    2.53413e-14
28    2.68054e-14
29    2.68331e-14
30    2.73231e-14
31    2.74428e-14
32    2.85326e-14
33     3.1816e-14
34    3.37742e-14
35    3.39297e-14
36    3.20837e-14
37    3.00307e-14
38    2.86378e-14
39    3.17302e-14
40    3.51795e-14
41    3.67282e-14
42    3.78297e-14
43    3.92724e-14
44    4.31811e-14
45    4.29272e-14
46    4.02528e-14
47    3.97586e-14
48    3.92873e-14
49     3.7925e-14
50    3.77926e-14
51     3.5062e-14
52    3.12904e-14
53    2.95222e-14
54    3.04105e-14
55    3.31276e-14
56    3.66961e-14
57    3.96516e-14
58    3.92859e-14
59    3.45577e-14
60    2.90462e-14
61     2.5855e-14
62    2.55549e-14
63    2.65009e-14
64    2.76501e-14
65     2.6442e-14
66    2.50916e-14
67    2.52081e-14
68    2.46655e-14
69    2.59885e-14
70    2.76691e-14
71    2.87077e-14
72    3.05184e-14
73    3.26103e-14
74    3.43325e-14
75    3.65638e-14
76    3.92136e-14
77    4.13984e-14
78     4.2544e-14
79    4.46088e-14
80    4.62245e-14
81    4.56052e-14
82    4.29712e-14
83    3.87097e-14
84    3.71057e-14
85    3.73852e-14
86    3.82552e-14
87    3.70846e-14
88    3.63515e-14
89    3.88062e-14
90    3.89757e-14
91    3.69099e-14
92    3.67795e-14
93    3.73618e-14
94    3.85899e-14
95    3.85547e-14
96    3.58927e-14
97    3.45736e-14
98    3.54634e-14
99    3.54551e-14
100     3.3424e-14
101    3.13594e-14
102    2.90918e-14
103    2.82064e-14
104    2.94414e-14
105    3.18615e-14
106    3.43582e-14
107    3.33025e-14
108    3.15733e-14
109    3.22478e-14
110    3.47227e-14
111    3.78683e-14
112    3.86278e-14
113    4.07716e-14
114     4.4933e-14
115    4.76949e-14
116    4.90405e-14
117     4.8198e-14
118    4.56414e-14
119    4.33069e-14
120    4.30981e-14
121    4.33306e-14
122    4.16994e-14
123    3.86105e-14
124    3.86856e-14
125    4.11417e-14
126    4.13248e-14
127    4.04281e-14
128    3.89455e-14
129    3.76941e-14
130    3.78827e-14
131    3.65343e-14
132     3.5921e-14
133    3.61164e-14
134    3.69517e-14
135    3.60589e-14
136    3.33335e-14
137      3.413e-14
138    3.41694e-14
139     3.5691e-14
140    4.18964e-14
141    4.64947e-14
142    4.83539e-14
143    4.88065e-14
144    4.84793e-14
145    4.67662e-14
146    4.49022e-14
147    4.49569e-14
148    4.51783e-14
149     4.5001e-14
150    4.41865e-14
151    4.26708e-14
152     4.4727e-14
153    4.80258e-14
154    4.88201e-14
155    5.11269e-14
156    5.30617e-14
157    5.49278e-14
158    5.73602e-14
159    5.61671e-14
160    5.55259e-14
161    5.34708e-14
162    5.12828e-14
163    4.90705e-14
164      4.512e-14
165     4.3849e-14
166    4.43537e-14
167    4.57953e-14
168    4.74803e-14
169    4.51155e-14
170    4.00621e-14
171    3.89313e-14
172    3.89949e-14
173    3.90114e-14
174    3.89283e-14
175    3.88568e-14
176    4.00734e-14
177    4.00042e-14
178    3.82687e-14
179    3.46335e-14
180    3.19006e-14
181    2.95168e-14
182    2.73114e-14
183    2.76297e-14
184     2.7647e-14
185    2.91638e-14
186    3.28905e-14
187    3.58242e-14
188    3.72018e-14
189    3.74228e-14
190    3.75247e-14
191    4.09669e-14
192    4.20656e-14
193    3.69515e-14
194    3.49901e-14
195    3.61802e-14
196    3.69902e-14
197    3.87869e-14
198    3.92589e-14
199    3.94652e-14
200    3.89528e-14
201    3.55351e-14
202    3.22127e-14
203    3.13549e-14
204    3.22471e-14
205     3.5071e-14
206     3.4642e-14
207    3.04186e-14
208    2.78882e-14
209    2.73757e-14
210    2.78568e-14
211    2.94845e-14
212    2.98118e-14
213    2.83077e-14
214    3.05763e-14
215     3.1438e-14
216    3.00751e-14
217    2.99969e-14
218    2.92942e-14
219    2.81427e-14
220    2.50752e-14
221    1.96585e-14
222    1.77744e-14
223    1.74497e-14
224    1.79719e-14
225     1.9466e-14
226    2.05035e-14
227    2.09572e-14
228    1.86991e-14
229    1.81962e-14
230    2.13446e-14
231    2.30255e-14
232     2.3873e-14
233    2.42394e-14
234    2.31526e-14
235    2.25323e-14
236    2.11358e-14
237    2.02812e-14
238    2.39367e-14
239    2.54903e-14
240    2.46808e-14
241     2.7275e-14
242    3.06439e-14
243    3.12887e-14
244    2.90485e-14
245    2.58628e-14
246     2.2251e-14
247    1.88233e-14
248    1.46319e-14
249    1.47337e-14
250     1.5817e-14
251     1.6696e-14
252    1.71801e-14
253    1.46635e-14
254    1.48692e-14
255    1.77964e-14
256    1.78774e-14
257    1.71714e-14
258    1.75128e-14
259    1.92285e-14
260     2.1609e-14
261    2.15148e-14
262    2.12086e-14
263    2.35494e-14
264    2.39576e-14
265    2.12762e-14
266    2.16044e-14
267    2.27536e-14
268    2.00212e-14
269    1.91812e-14
270    1.97457e-14
271    1.97748e-14
272    2.02199e-14
273    2.01649e-14
274      1.992e-14
275    2.17544e-14
276    2.09567e-14
277    2.03362e-14
278    2.36941e-14
279    2.64011e-14
280    2.93642e-14
281    3.42372e-14
282    3.81622e-14
283    4.09047e-14
284    4.23982e-14
285    4.26954e-14
286    4.44966e-14
287    4.67607e-14
288    4.79617e-14
289    4.69419e-14
290    4.55642e-14
291    4.66854e-14
292    4.89579e-14
293     5.0613e-14
294    5.32301e-14
295    5.45659e-14
296    5.56437e-14
297    5.71703e-14
298    5.71513e-14
299    5.73861e-14
300     5.8908e-14
301    5.90678e-14
302    5.74144e-14
303    5.65274e-14
304    5.66323e-14
305    5.64539e-14
306    5.73674e-14
307    5.92454e-14
308    5.91423e-14
309    5.79293e-14
310    5.86343e-14
311    6.03884e-14
312    6.21031e-14
313    6.44231e-14
314    6.29965e-14
315     6.1981e-14
316    6.19244e-14
317    6.35456e-14
318     6.7747e-14
319    6.81557e-14
320    6.51469e-14
321    6.44805e-14
322     6.3755e-14
323    6.23318e-14
324     6.1382e-14
325    5.77182e-14
326    5.47059e-14
327    5.40179e-14
328    5.42268e-14
329    5.39251e-14
330    5.50039e-14
331    5.66766e-14
332    5.79756e-14
333    5.95393e-14
334    5.95798e-14
335    5.73171e-14
336    5.67816e-14
337    5.86354e-14
338    6.03376e-14
339    6.19553e-14
340    6.09826e-14
341    6.02665e-14
342    6.04315e-14
343    5.80186e-14
344    5.71822e-14
345    5.96026e-14
346    5.96107e-14
347    5.93844e-14
348    6.22206e-14
349    6.36887e-14
350    6.63086e-14
351    6.71967e-14
352    6.70976e-14
353     6.8466e-14
354    6.97687e-14
355     7.2475e-14
356    7.63719e-14
357    7.72461e-14
358    7.48389e-14
359    7.54111e-14
360    7.90475e-14
361    8.30386e-14
362    8.43911e-14
363    8.58574e-14
364     8.5672e-14
365    8.41206e-14
366    8.30871e-14
367    8.26501e-14
368    8.32322e-14
369    8.41202e-14
370    8.51521e-14
371    8.25148e-14
372    8.34976e-14
373    8.74831e-14
374     8.9126e-14
375    8.99095e-14
376    9.13117e-14
377    9.23362e-14
378    9.30617e-14
379    9.44928e-14
380    9.53911e-14
381    9.58488e-14
382    9.36014e-14
383    9.20285e-14
384    9.16402e-14
385    9.18838e-14
386    9.25108e-14
387    9.21967e-14
388    9.35764e-14
389    9.43355e-14
390    9.51571e-14
391    9.61996e-14
392    9.59576e-14
393    9.74156e-14
394    9.86154e-14
395    1.01256e-13
396    1.03477e-13
397    1.02146e-13
398     1.0263e-13
399    1.04446e-13
400    1.05422e-13
401    1.05069e-13
402    1.04639e-13
403    1.05138e-13
404    1.07205e-13
405    1.10465e-13
406    1.10771e-13
407    1.10637e-13
408    1.11049e-13
409    1.07559e-13
410    1.02635e-13
411    1.01469e-13
412    1.03528e-13
413    1.06783e-13
414    1.09074e-13
415    1.09169e-13
416    1.09123e-13
417     1.1078e-13
418    1.14546e-13
419    1.15871e-13
420    1.13343e-13
421     1.1099e-13
422    1.09994e-13
423    1.08258e-13
424    1.07425e-13
425    1.08211e-13
426    1.07339e-13
427    1.07665e-13
428    1.07658e-13
429    1.06898e-13
430    1.08488e-13
431    1.09427e-13
432    1.10098e-13
433     1.1093e-13
434    1.09523e-13
435    1.06545e-13
436    1.04678e-13
437    1.03311e-13
438    1.01494e-13
439    1.00581e-13
440     9.9879e-14
441    9.81719e-14
442    9.58686e-14
443    9.51633e-14
444    9.58584e-14
445    9.47668e-14
446    9.30543e-14
447    9.24136e-14
448    8.95581e-14
449    8.62232e-14
450    8.68935e-14
451    8.67591e-14
452     8.3086e-14
453     8.3406e-14
454      8.687e-14
455    8.79923e-14
456    8.60782e-14
457    8.44964e-14
458    8.39604e-14
459    8.36877e-14
460    8.54924e-14
461    8.73265e-14
462    8.86703e-14
463    9.02092e-14
464    9.09177e-14
465    8.99708e-14
466    8.79451e-14
467    8.47982e-14
468    8.42977e-14
469    8.35929e-14
470    8.35581e-14
471    8.60979e-14
472    8.65357e-14
473    8.71731e-14
474     8.8043e-14
475     9.0392e-14
476    9.37436e-14
477    9.39265e-14
478    9.39545e-14
479    9.52045e-14
480    9.44131e-14
481    9.39363e-14
482    9.47069e-14
483    9.31924e-14
484    9.03121e-14
485    9.05091e-14
486    8.97472e-14
487    8.84562e-14
488    8.89499e-14
489    8.83248e-14
490    8.66791e-14
491    8.58668e-14
492     8.6123e-14
493    8.49722e-14
494    8.40674e-14
495    8.17873e-14
496    7.83733e-14
497     7.7163e-14
498    7.68729e-14
499    7.60817e-14
500     7.5267e-14
501    7.50333e-14
502    7.38355e-14
503    7.22636e-14
504    7.01248e-14
505    6.85483e-14
506    6.77105e-14
507    6.63883e-14
508    6.36063e-14
509     6.1644e-14
510     6.1659e-14
511    6.10455e-14
512    6.28581e-14
513    6.49248e-14
514     6.4975e-14
515    6.35887e-14
516      6.222e-14
517    6.31599e-14
518    6.50228e-14
519    6.54752e-14
520    6.47709e-14
521    6.28297e-14
522    6.04974e-14
523    5.88547e-14
524    5.86181e-14
525    6.22552e-14
526    6.63701e-14
527    6.79736e-14
528    6.79925e-14
529    6.83143e-14
530    7.18548e-14
531    7.53357e-14
532    7.44625e-14
533    7.29216e-14
534    7.21084e-14
535    7.06795e-14
536    6.92267e-14
537    6.86223e-14
538    7.06403e-14
539    7.23693e-14
540    7.13525e-14
541    7.18184e-14
542    7.20882e-14
543    7.14563e-14
544    7.37805e-14
545     7.5731e-14
546    7.58068e-14
547    7.72492e-14
548    7.87193e-14
549    7.89159e-14
550     7.9684e-14
551    8.17935e-14
552    8.37397e-14
553     8.4043e-14
554    8.24548e-14
555    8.19085e-14
556    8.37974e-14
557    8.67312e-14
558    8.86832e-14
559     8.7331e-14
560    8.57286e-14
561    8.56009e-14
562    8.56837e-14
563    8.47738e-14
564      8.481e-14
565    8.66265e-14
566    8.82626e-14
567    8.90386e-14
568    8.93274e-14
569    9.04767e-14
570    9.03467e-14
571    8.99805e-14
572    8.86177e-14
573    8.75732e-14
574    8.94274e-14
575    8.94024e-14
576    9.00847e-14
577    9.33526e-14
578    9.57146e-14
579    9.67068e-14
580    9.69126e-14
581    9.75107e-14
582    9.83936e-14
583    9.74905e-14
584    9.63911e-14
585    9.52404e-14
586    9.28718e-14
587    9.08869e-14
588    8.97954e-14
589    8.91717e-14
590    8.90027e-14
591    8.94349e-14
592    8.89334e-14
593    8.95139e-14
594    9.25278e-14
595    9.31422e-14
596    9.15978e-14
597    9.01349e-14
598    9.12875e-14
599    9.10202e-14
600    8.99064e-14
601    9.14686e-14
602    9.08692e-14
603    8.83965e-14
604    8.79416e-14
605    8.78616e-14
606    8.71959e-14
607    8.71491e-14
608    8.69259e-14
609    8.57771e-14
610    8.47048e-14
611    8.47473e-14
612    8.48875e-14
613    8.59632e-14
614    8.70678e-14
615    8.65628e-14
616     8.7011e-14
617    8.79667e-14
618    8.75923e-14
619    8.58858e-14
620    8.32294e-14
621    8.43858e-14
622    8.65446e-14
623    8.70519e-14
624     8.9582e-14
625    8.94102e-14
626     8.7451e-14
627    8.89761e-14
628    8.94315e-14
629    8.81976e-14
630    8.58079e-14
631    8.43778e-14
632    8.51439e-14
633    8.51695e-14
634    8.37393e-14
635    7.98213e-14
636    7.84443e-14
637    8.05901e-14
638     8.1494e-14
639    7.95124e-14
640    7.82282e-14
641    7.84421e-14
642    7.82202e-14
643     7.6011e-14
644    7.50718e-14
645    7.74676e-14
646    7.77772e-14
647    7.84834e-14
648    7.79806e-14
649    7.50451e-14
650     7.2398e-14
651    7.00441e-14
652    6.72595e-14
653    6.58624e-14
654    6.67034e-14
655    6.82477e-14
656    6.91259e-14
657    6.82736e-14
658    6.65052e-14
659    6.62486e-14
660    6.80701e-14
661    6.87991e-14
662    7.09043e-14
663    7.68946e-14
664    8.12671e-14
665    8.09655e-14
666    8.12275e-14
667    8.34774e-14
668    8.73564e-14
669     9.1071e-14
670    9.04869e-14
671    9.04896e-14
672     9.1098e-14
673    8.99974e-14
674    9.15396e-14
675    9.48923e-14
676    9.42367e-14
677    8.96389e-14
678    8.88085e-14
679    9.22864e-14
680    9.55463e-14
681    9.74554e-14
682    9.92354e-14
683     1.0062e-13
684    1.00631e-13
685    9.96879e-14
686    1.01922e-13
687    1.05926e-13
688    1.07955e-13
689     1.0727e-13
690    1.07659e-13
691    1.09162e-13
692    1.08057e-13
693    1.07867e-13
694     1.0939e-13
695    1.11343e-13
696    1.12389e-13
697    1.12657e-13
698    1.11294e-13
699     1.1086e-13
700    1.10272e-13
701    1.11953e-13
702    1.15218e-13
703    1.15548e-13
704    1.16812e-13
705     1.1887e-13
706    1.21926e-13
707    1.25678e-13
708    1.27022e-13
709     1.2842e-13
710    1.31578e-13
711    1.31199e-13
712    1.27456e-13
713    1.27062e-13
714    1.26162e-13
715    1.23985e-13
716    1.24259e-13
717    1.26167e-13
718    1.28221e-13
719    1.29405e-13
720    1.31683e-13
721    1.32375e-13
722    1.32314e-13
723     1.3407e-13
724    1.35304e-13
725    1.35732e-13
726     1.3739e-13
727    1.38772e-13
728    1.39562e-13
729    1.37902e-13
730    1.36924e-13
731    1.37609e-13
732    1.35921e-13
733    1.34716e-13
734    1.36024e-13
735    1.36105e-13
736    1.35937e-13
737    1.37384e-13
738    1.36428e-13
739     1.3492e-13
740    1.36018e-13
741    1.34499e-13
742    1.31427e-13
743    1.29554e-13
744    1.28609e-13
745    1.28121e-13
746    1.23924e-13
747    1.21188e-13
748    1.23633e-13
749    1.24914e-13
750     1.2445e-13
751    1.25973e-13
752    1.26363e-13
753    1.25141e-13
754    1.24596e-13
755    1.23534e-13
756     1.2178e-13
757     1.2092e-13
758    1.21519e-13
759    1.25378e-13
760    1.27398e-13
761    1.25205e-13
762     1.2536e-13
763    1.24881e-13
764    1.23294e-13
765    1.24705e-13
766    1.26356e-13
767    1.28733e-13
768    1.30568e-13
769    1.30533e-13
770    1.29696e-13
771    1.27795e-13
772    1.26261e-13
773    1.25009e-13
774    1.24138e-13
775    1.23781e-13
776    1.24801e-13
777    1.24908e-13
778    1.24368e-13
779    1.23436e-13
780    1.21603e-13
781    1.18323e-13
782    1.15284e-13
783    1.15984e-13
784    1.16963e-13
785    1.14236e-13
786    1.10566e-13
787    1.10245e-13
788    1.12573e-13
789     1.1386e-13
790    1.11559e-13
791    1.09652e-13
792    1.09171e-13
793    1.08236e-13
794    1.07027e-13
795    1.05474e-13
796    1.04738e-13
797    1.05013e-13
798     1.0521e-13
799    1.04416e-13
800    1.03332e-13
801    1.04393e-13
802    1.06054e-13
803    1.06186e-13
804    1.05965e-13
805    1.05785e-13
806    1.05459e-13
807    1.05131e-13
808      1.068e-13
809    1.07956e-13
810    1.05603e-13
811    1.01125e-13
812     1.0064e-13
813    1.00507e-13
814    9.92274e-14
815    1.01492e-13
816    1.01256e-13
817    9.84069e-14
818    9.65846e-14
819    9.73099e-14
820    9.74688e-14
821    9.67304e-14
822    9.69484e-14
823    9.88676e-14
824    1.02213e-13
825    1.07019e-13
826    1.10707e-13
827     1.1191e-13
828    1.13401e-13
829    1.14039e-13
830    1.13702e-13
831     1.1385e-13
832    1.13955e-13
833    1.12786e-13
834    1.10964e-13
835    1.11922e-13
836    1.13344e-13
837    1.09234e-13
838    1.05141e-13
839    1.04107e-13
840    1.03296e-13
841    1.02534e-13
842    1.03988e-13
843    1.07346e-13
844    1.07944e-13
845    1.08756e-13
846    1.11565e-13
847    1.13017e-13
848    1.13632e-13
849     1.1241e-13
850    1.08731e-13
851    1.04694e-13
852      1.008e-13
853    9.96074e-14
854    9.88036e-14
855    9.82184e-14
856    1.01815e-13
857    1.02586e-13
858    1.01682e-13
859    1.01115e-13
860    1.01397e-13
861    1.03653e-13
862    1.04527e-13
863    1.05203e-13
864    1.03864e-13
865    1.04118e-13
866     1.0602e-13
867    1.06046e-13
868    1.06664e-13
869    1.08634e-13
870    1.10029e-13
871    1.11289e-13
872    1.15005e-13
873    1.18614e-13
874    1.20542e-13
875    1.23165e-13
876    1.24686e-13
877    1.25176e-13
878    1.26113e-13
879    1.24353e-13
880    1.22283e-13
881    1.21939e-13
882    1.22252e-13
883    1.21023e-13
884    1.20019e-13
885    1.20205e-13
886    1.22794e-13
887    1.24339e-13
888    1.23111e-13
889    1.25669e-13
890    1.30362e-13
891    1.33081e-13
892    1.34813e-13
893    1.36306e-13
894    1.37853e-13
895     1.3952e-13
896    1.39491e-13
897    1.38284e-13
898    1.37353e-13
899    1.38067e-13
900     1.3999e-13
901     1.4242e-13
902    1.43763e-13
903    1.43166e-13
904    1.43715e-13
905    1.42758e-13
906     1.3859e-13
907    1.36292e-13
908     1.3412e-13
909    1.32746e-13
910    1.30361e-13
911    1.27199e-13
912     1.2567e-13
913    1.22741e-13
914    1.21745e-13
915    1.23936e-13
916     1.2625e-13
917    1.27289e-13
918    1.30654e-13
919    1.34719e-13
920     1.3644e-13
921    1.35287e-13
922    1.36309e-13
923    1.38936e-13
924    1.39984e-13
925    1.42035e-13
926    1.44163e-13
927     1.4537e-13
928    1.45962e-13
929    1.47071e-13
930    1.46735e-13
931    1.47594e-13
932    1.50434e-13
933    1.53327e-13
934    1.57134e-13
935    1.59543e-13
936    1.61049e-13
937    1.64774e-13
938     1.6671e-13
939    1.66983e-13
940    1.67233e-13
941    1.66401e-13
942    1.68516e-13
943    1.67471e-13
944    1.63239e-13
945    1.61368e-13
946    1.60504e-13
947    1.61687e-13
948    1.61884e-13
949    1.60664e-13
950    1.61143e-13
951    1.60073e-13
952    1.57994e-13
953    1.57057e-13
954    1.56289e-13
955    1.56297e-13
956    1.57941e-13
957    1.60885e-13
958    1.61401e-13
959    1.61901e-13
960    1.65211e-13
961    1.67775e-13
962    1.69762e-13
963     1.7067e-13
964    1.70377e-13
965    1.69956e-13
966    1.71449e-13
967    1.74176e-13
968    1.74946e-13
969    1.72942e-13
970    1.68462e-13
971    1.65265e-13
972    1.64556e-13
973    1.64442e-13
974    1.64676e-13
975     1.6513e-13
976    1.67091e-13
977    1.69888e-13
978    1.72279e-13
979    1.73255e-13
980    1.70923e-13
981    1.69503e-13
982    1.70203e-13
983     1.7038e-13
984    1.70985e-13
985    1.72693e-13
986    1.71429e-13
987    1.68358e-13
988    1.66582e-13
989    1.64488e-13
990    1.63642e-13
991    1.64558e-13
992    1.63785e-13
993    1.62158e-13
994    1.61204e-13
995    1.59371e-13
996    1.58333e-13
997    1.59122e-13
998    1.58928e-13
999    1.57638e-13
1000    1.55663e-13
1050    1.26573e-13
1100    1.01238e-13
1150    1.04711e-13
1200    1.06334e-13
1250    1.36274e-13
1300    1.37848e-13
1350    1.43454e-13
1400    1.34877e-13
1450    1.34285e-13
1500    1.52542e-13
1550    1.58341e-13
1600    1.41786e-13
1650    1.70286e-13
1700    2.02273e-13
1750    2.19905e-13
1800    2.28394e-13
1850    2.26161e-13
1900    2.34986e-13
1950    2.24135e-13
2000    2.08581e-13
2050    2.00037e-13
2100    2.06822e-13
2150    2.38363e-13
2200    2.80504e-13
2250    2.56296e-13
2300    2.30875e-13
2350    2.10309e-13
2400    1.86298e-13
2450    1.82797e-13
2500    2.15308e-13
2550    2.34702e-13
2600    2.45001e-13
2650    2.74519e-13
2700     2.8671e-13
2750    2.66707e-13
2800    2.46909e-13
2850    2.48756e-13
2900    2.48151e-13
2950    2.45182e-13
3000    2.25789e-13
3050    2.03385e-13
3100    1.82696e-13
3150    1.92197e-13
3200    1.61774e-13
3250    1.53303e-13
3300    1.56706e-13
3350    1.56569e-13
3400    1.41262e-13
3450    1.56051e-13
3500    1.46895e-13
3550    1.36858e-13
3600    1.15965e-13
3650    1.08067e-13
3700     1.1392e-13
3750    1.20461e-13
3800    1.59983e-13
3850    1.43872e-13
3900    1.34891e-13
3950    1.33975e-13
4000    1.49686e-13
4050    1.31442e-13
4100    1.13594e-13
4150    9.63154e-14
4200    8.45076e-14
4250    8.07083e-14
4300    9.17946e-14
4350    9.45861e-14
4400    5.45664e-14
4450    7.72977e-14
4500     8.3232e-14
4550    9.22667e-14
4600     8.6548e-14
4650    8.35268e-14
4700    5.95465e-14
4750    4.85169e-14
4800    8.29138e-14
4850     1.1028e-13
4900    1.15163e-13
4950    9.53093e-14
5000     1.1588e-13
5050    9.52367e-14
5100      8.358e-14
5150    8.18928e-14
5200    8.72938e-14
5250    9.50471e-14
5300     9.6555e-14
5350    1.14833e-13
5400    1.24043e-13
5450    1.42894e-13
5500    1.45369e-13
5550    1.35806e-13
5600    1.56637e-13
5650    1.84483e-13
5700    1.99037e-13
5750    2.37492e-13
5800    2.95989e-13
5850    3.49286e-13
5900    3.81743e-13
5950    4.05895e-13
6000    4.23574e-13
6050    4.23329e-13
6100    3.76085e-13
6150    3.59139e-13
6200    3.29644e-13
6250    2.73762e-13
6300    2.86026e-13
6350    2.63152e-13
6400    2.12265e-13
6450    2.06143e-13
6500    1.97081e-13
6550    1.84353e-13
6600    1.70894e-13
6650    1.64604e-13
6700    1.61345e-13
6750    1.35111e-13
6800    1.22592e-13
6850    1.19941e-13
6900    9.04429e-14
6950    1.21309e-13
7000    1.11354e-13
7050    7.78938e-14
7100    9.06115e-14
7150    1.06363e-13
7200    1.25524e-13
7250    1.62111e-13
7300    1.71605e-13
7350    1.86037e-13
7400    2.01078e-13
7450    1.78132e-13
7500    1.89565e-13
7550    2.28845e-13
7600     2.2408e-13
7650     2.3266e-13
7700    2.01567e-13
7750    2.35953e-13
7800    2.18196e-13
7850    2.48646e-13
7900    2.59594e-13
7950    2.71248e-13
8000    3.07242e-13
8050    2.98115e-13
8100    3.17241e-13
8150     3.4505e-13
8200    3.40192e-13
8250    3.53608e-13
8300    3.77045e-13
8350    3.71876e-13
8400    3.49542e-13
8450     3.3445e-13
8500    3.01786e-13
8550    2.91401e-13
8600    2.91594e-13
8650    3.23356e-13
8700    3.31253e-13
8750    3.44086e-13
8800    3.42937e-13
8850    3.57029e-13
8900    3.58562e-13
8950    3.37222e-13
9000    3.21248e-13
9050    3.13867e-13
9100    3.23824e-13
9150    3.35596e-13
9200    3.38361e-13
9250     3.2319e-13
9300    3.09565e-13
9350    3.09753e-13
9400    2.72541e-13
9450    2.90604e-13
9500    2.80709e-13
9550    3.19322e-13
9600    3.50668e-13
9650    3.84796e-13
9700    3.67662e-13
9750    3.66589e-13
9800    3.75544e-13
9850     3.9342e-13
9900    4.23321e-13
9950    4.42433e-13
10000    4.60223e-13
10050    5.00408e-13
10100    5.41576e-13
10150    5.43768e-13
10200    5.71745e-13
10250    5.69583e-13
10300    5.88456e-13
10350    6.12632e-13
10400     6.1438e-13
10450    5.93583e-13
10500    5.62501e-13
10550    5.43561e-13
10600    5.19262e-13
10650    4.99971e-13
10700    4.77706e-13
10750    4.53303e-13
10800    4.19521e-13
10850    3.91554e-13
10900    4.02419e-13
10950    4.17955e-13
11000     3.9638e-13
11050    3.60632e-13
11100    3.21896e-13
11150    3.04289e-13
11200    3.24923e-13
11250    3.29196e-13
11300    3.28766e-13
11350    3.16569e-13
11400    3.03267e-13
11450    2.92472e-13
11500    3.15593e-13
11550    3.21407e-13
11600    3.05849e-13
11650    3.21746e-13
11700    3.59868e-13
11750     3.7151e-13
11800    3.69369e-13
11850    3.91294e-13
11900    4.12253e-13
11950    4.39918e-13
12000    4.48215e-13
12050    4.42472e-13
12100    4.62861e-13
12150     4.7214e-13
12200    5.21798e-13
12250    5.27241e-13
12300    5.49972e-13
12350    5.89653e-13
12400    6.07402e-13
12450    6.35513e-13
12500    6.43993e-13
12550    6.45053e-13
12600    6.60905e-13
12650    6.63464e-13
12700    6.75322e-13
12750    6.79866e-13
12800    6.70263e-13
12850    6.71087e-13
12900     6.6832e-13
12950     6.6831e-13
13000    6.40399e-13
13050    6.20493e-13
13100     6.3129e-13
13150    6.22447e-13
13200    6.05749e-13
13250    5.83613e-13
13300    5.61532e-13
13350    5.29887e-13
13400    4.80166e-13
13450    4.58403e-13
13500    4.59912e-13
13550    4.44105e-13
13600    4.39881e-13
13650     4.5735e-13
13700    4.50643e-13
13750    4.67299e-13
13800     4.7227e-13
13850    4.90601e-13
13900    5.00622e-13
13950    5.03457e-13
14000    5.00159e-13
14050    4.69988e-13
14100    4.62753e-13
14150    4.57828e-13
14200    5.06471e-13
14250    5.16836e-13
14300    4.95369e-13
14350    4.97939e-13
14400    5.29117e-13
14450    5.26748e-13
14500    5.48426e-13
14550    5.87554e-13
14600      5.988e-13
14650    5.90564e-13
14700     6.0937e-13
14750    6.24305e-13
14800    6.76271e-13
14850    6.92713e-13
14900    6.77244e-13
14950     7.0181e-13
15000    7.32775e-13
15050    7.18914e-13
15100    7.27613e-13
15150    7.17966e-13
15200    7.07123e-13
15250    6.97408e-13
15300    6.98226e-13
15350    7.16308e-13
15400    6.77825e-13
15450    6.58599e-13
15500    6.54195e-13
15550    6.40911e-13
15600    6.33108e-13
15650    5.77843e-13
15700    5.83099e-13
15750    5.77504e-13
15800    5.11366e-13
15850    5.09767e-13
15900    4.80482e-13
15950    4.87884e-13
16000    4.55901e-13
16050     4.6001e-13
16100     4.4449e-13
16150    4.46716e-13
16200     4.7154e-13
16250    4.95533e-13
16300     5.1323e-13
16350    5.08777e-13
16400    4.87572e-13
16450    4.80302e-13
16500     4.8459e-13
16550      4.774e-13
16600    4.77991e-13
16650    4.80875e-13
16700    4.64684e-13
16750    4.30807e-13
16800    3.99684e-13
16850    3.83563e-13
16900    3.70623e-13
16950     3.8872e-13
17000     4.1477e-13
17050    4.17613e-13
17100     4.2112e-13
17150    4.08827e-13
17200    4.10638e-13
17250    4.25254e-13
17300    4.40086e-13
17350    4.61701e-13
17400    4.29211e-13
17450    4.44771e-13
17500    4.89872e-13
17550    4.89583e-13
17600    5.03786e-13
17650    5.12278e-13
17700    5.11838e-13
17750    5.15661e-13
17800      5.342e-13
17850    5.40885e-13
17900     5.4947e-13
17950    5.43736e-13
18000    5.08452e-13
18050    4.96103e-13
18100    5.00438e-13
18150    4.91668e-13
18200    4.79193e-13
18250    4.99488e-13
18300    4.96862e-13
18350    4.95166e-13
18400    4.73918e-13
18450    4.52812e-13
18500    4.41478e-13
18550    4.08206e-13
18600    4.38927e-13
18650    4.29053e-13
18700    4.46215e-13
18750    4.53368e-13
18800    4.55716e-13
18850    4.33214e-13
18900    4.54376e-13
18950    4.64021e-13
19000    4.79831e-13
19050      5.044e-13
19100    4.99011e-13
19150    4.89181e-13
19200    4.96129e-13
19250    5.10306e-13
19300    5.27529e-13
19350    4.97201e-13
19400    4.90733e-13
19450    4.69454e-13
19500    4.72947e-13
19550    4.69231e-13
19600    4.90366e-13
19650    4.88976e-13
19700    4.83091e-13
19750    4.91178e-13
19800    4.96681e-13
19850     4.8536e-13
19900     4.3747e-13
19950    4.50249e-13
20000    4.63415e-13
20050    4.87099e-13
20100    4.95233e-13
20150    4.80942e-13
20200    4.75143e-13
20250    4.69674e-13
20300    4.78773e-13
20350    4.83807e-13
20400    4.99045e-13
20450    4.91183e-13
20500    4.96721e-13
20550    5.18463e-13
20600    5.06946e-13
20650    5.34434e-13
20700    5.38301e-13
20750    5.59895e-13
20800    5.44895e-13
20850    5.08956e-13
20900    5.27313e-13
20950    5.13633e-13
21000     5.2811e-13
21050    5.23954e-13
21100    4.90481e-13
21150    4.92267e-13
21200    4.84464e-13
21250    4.86618e-13
21300     4.9861e-13
21350    4.96851e-13
21400    4.94305e-13
21450    4.96011e-13
21500    5.10761e-13
21550     5.1416e-13
21600    5.23435e-13
21650    5.05093e-13
21700    4.89607e-13
21750    4.77635e-13
21800    4.82198e-13
21850    4.92244e-13
21900    5.03559e-13
21950    5.32207e-13
22000    5.29911e-13
22050    5.36949e-13
22100    5.47142e-13
22150    5.68895e-13
22200    5.96631e-13
22250    6.02683e-13
22300    5.97405e-13
22350    5.74019e-13
22400    5.80221e-13
22450    6.15359e-13
22500    6.11647e-13
22550    5.98405e-13
22600    6.15943e-13
22650     6.0104e-13
22700    5.94516e-13
22750    5.90163e-13
22800    5.83464e-13
22850    5.68859e-13
22900    5.33859e-13
22950    4.99603e-13
23000    4.76762e-13
23050     4.4397e-13
23100    4.64664e-13
23150     4.7599e-13
23200    4.90254e-13
23250       4.72e-13
23300    4.75743e-13
23350    4.71358e-13
23400    4.84518e-13
23450    4.39621e-13
23500    3.90955e-13
23550    3.97158e-13
23600    3.59192e-13
23650    3.38966e-13
23700    3.55283e-13
23750    3.68027e-13
23800    3.61792e-13
23850    3.87203e-13
23900     3.9644e-13
23950    3.84955e-13
24000    4.13737e-13
24050    4.43874e-13
24100    4.74215e-13
24150     4.9228e-13
24200    5.19617e-13
24250    5.46882e-13
24300    5.55326e-13
24350     5.4585e-13
24400    5.64276e-13
24450    5.39465e-13
24500    5.28794e-13
24550    5.18355e-13
24600    5.61748e-13
24650    5.85454e-13
24700    6.30726e-13
24750    6.45539e-13
24800    6.34679e-13
24850    6.76664e-13
24900    6.51912e-13
24950    6.47746e-13
25000    6.40679e-13
25050     6.4293e-13
25100    6.12435e-13
25150      5.922e-13
25200    5.56906e-13
25250    5.16406e-13
25300     4.5397e-13
25350    4.50933e-13
25400    4.47561e-13
25450     4.2626e-13
25500    4.01277e-13
25550    3.51375e-13
25600    3.23007e-13
25650    3.43296e-13
25700    3.25725e-13
25750    3.20356e-13
25800    3.21429e-13
25850    3.15372e-13
25900    3.35569e-13
25950    3.18094e-13
26000    3.08618e-13
26050    3.34784e-13
26100    3.70868e-13
26150    3.72382e-13
26200    3.68781e-13
26250     3.6735e-13
26300    3.64818e-13
26350    3.48087e-13
26400    3.66241e-13
26450    3.80234e-13
26500    3.92145e-13
26550    4.15715e-13
26600    4.42349e-13
26650    4.59171e-13
26700    4.35802e-13
26750    4.48582e-13
26800    4.62481e-13
26850     4.7321e-13
26900    4.90884e-13
26950    4.97597e-13
27000    4.76781e-13
27050    4.79632e-13
27100    4.62562e-13
27150    4.91886e-13
27200    5.07585e-13
27250    4.92207e-13
27300    4.52038e-13
27350    4.28678e-13
27400    3.91123e-13
27450    3.46775e-13
27500    3.14667e-13
27550    3.04679e-13
27600    3.02087e-13
27650    2.90021e-13
27700    2.69653e-13
27750    2.73136e-13
27800    2.82558e-13
27850    2.85325e-13
27900    2.94997e-13
27950    2.90879e-13
28000    2.85152e-13
28050    2.86893e-13
28100     3.1341e-13
28150    2.96193e-13
28200    2.71176e-13
28250    2.61346e-13
28300    2.51023e-13
28350    2.46286e-13
28400    2.54906e-13
28450    2.72523e-13
28500    2.51825e-13
28550    2.45778e-13
28600    2.57839e-13
28650    2.82574e-13
28700    2.82045e-13
28750    2.81868e-13
28800    2.87888e-13
28850    2.95234e-13
28900    3.22908e-13
28950    3.19961e-13
29000    3.17614e-13
29050    2.95456e-13
29100    2.74291e-13
29150    2.47891e-13
29200    2.78942e-13
29250    2.98442e-13
29300    3.05068e-13
29350    3.07726e-13
29400    3.03149e-13
29450    2.90297e-13
29500    2.73103e-13
29550    2.83172e-13
29600    2.90471e-13
29650    3.12137e-13
29700    3.21155e-13
29750    2.99642e-13
29800    2.93009e-13
29850    2.79694e-13
29900      2.739e-13
29950    2.95068e-13
30000    2.72238e-13
30050    2.42918e-13
30100    2.43452e-13
30150    2.67189e-13
30200    2.53423e-13
30250    2.57296e-13
30300    2.31467e-13
30350    2.18694e-13
30400    2.09997e-13
30450    1.96823e-13
30500    2.21422e-13
30550     2.3541e-13
30600    2.67076e-13
30650    2.84851e-13
30700    3.23099e-13
30750    3.41647e-13
30800    3.65243e-13
30850    3.91682e-13
30900    3.96242e-13
30950    4.09503e-13
31000    4.13636e-13
31050    4.04195e-13
31100    4.26906e-13
31150    4.15022e-13
31200     4.1066e-13
31250    4.06632e-13
31300     4.3704e-13
31350    4.18021e-13
31400    3.98688e-13
31450    4.01679e-13
31500    3.71577e-13
31550    3.74708e-13
