1         12.462
2         12.462
3         12.462
4        12.4619
5        12.4619
6        12.4619
7        12.4619
8        12.4619
9        12.4619
10         12.462
11         12.462
12         12.462
13        12.4621
14        12.4621
15        12.4621
16        12.4622
17        12.4622
18        12.4622
19        12.4622
20        12.4622
21        12.4622
22        12.4622
23        12.4622
24        12.4623
25        12.4623
26        12.4623
27        12.4624
28        12.4624
29        12.4624
30        12.4624
31        12.4624
32        12.4624
33        12.4624
34        12.4624
35        12.4624
36        12.4624
37        12.4625
38        12.4625
39        12.4625
40        12.4625
41        12.4625
42        12.4625
43        12.4625
44        12.4625
45        12.4625
46        12.4624
47        12.4624
48        12.4624
49        12.4624
50        12.4623
51        12.4623
52        12.4623
53        12.4623
54        12.4623
55        12.4623
56        12.4623
57        12.4623
58        12.4623
59        12.4623
60        12.4623
61        12.4623
62        12.4623
63        12.4623
64        12.4623
65        12.4623
66        12.4623
67        12.4624
68        12.4624
69        12.4624
70        12.4624
71        12.4624
72        12.4624
73        12.4625
74        12.4625
75        12.4625
76        12.4625
77        12.4625
78        12.4625
79        12.4625
80        12.4625
81        12.4625
82        12.4625
83        12.4626
84        12.4626
85        12.4626
86        12.4626
87        12.4626
88        12.4627
89        12.4627
90        12.4627
91        12.4627
92        12.4627
93        12.4628
94        12.4628
95        12.4628
96        12.4628
97        12.4629
98        12.4629
99        12.4629
100        12.4629
101        12.4629
102         12.463
103         12.463
104         12.463
105         12.463
106         12.463
107         12.463
108         12.463
109        12.4631
110        12.4631
111        12.4631
112        12.4631
113        12.4631
114        12.4631
115        12.4631
116        12.4631
117        12.4632
118        12.4632
119        12.4632
120        12.4632
121        12.4632
122        12.4632
123        12.4633
124        12.4633
125        12.4633
126        12.4633
127        12.4633
128        12.4633
129        12.4634
130        12.4634
131        12.4634
132        12.4634
133        12.4634
134        12.4634
135        12.4635
136        12.4635
137        12.4635
138        12.4635
139        12.4635
140        12.4635
141        12.4636
142        12.4636
143        12.4636
144        12.4636
145        12.4636
146        12.4636
147        12.4637
148        12.4637
149        12.4637
150        12.4637
151        12.4637
152        12.4638
153        12.4638
154        12.4638
155        12.4638
156        12.4638
157        12.4639
158        12.4639
159        12.4639
160        12.4639
161        12.4639
162         12.464
163         12.464
164         12.464
165         12.464
166         12.464
167        12.4641
168        12.4641
169        12.4641
170        12.4641
171        12.4641
172        12.4642
173        12.4642
174        12.4642
175        12.4642
176        12.4642
177        12.4643
178        12.4643
179        12.4643
180        12.4643
181        12.4643
182        12.4644
183        12.4644
184        12.4644
185        12.4644
186        12.4644
187        12.4644
188        12.4645
189        12.4645
190        12.4645
191        12.4645
192        12.4645
193        12.4646
194        12.4646
195        12.4646
196        12.4646
197        12.4646
198        12.4646
199        12.4647
200        12.4647
201        12.4647
202        12.4647
203        12.4647
204        12.4648
205        12.4648
206        12.4648
207        12.4648
208        12.4648
209        12.4648
210        12.4649
211        12.4649
212        12.4649
213        12.4649
214        12.4649
215         12.465
216         12.465
217         12.465
218         12.465
219         12.465
220         12.465
221        12.4651
222        12.4651
223        12.4651
224        12.4651
225        12.4651
226        12.4652
227        12.4652
228        12.4652
229        12.4652
230        12.4652
231        12.4652
232        12.4653
233        12.4653
234        12.4653
235        12.4653
236        12.4653
237        12.4653
238        12.4654
239        12.4654
240        12.4654
241        12.4654
242        12.4654
243        12.4654
244        12.4655
245        12.4655
246        12.4655
247        12.4655
248        12.4655
249        12.4655
250        12.4656
251        12.4656
252        12.4656
253        12.4656
254        12.4656
255        12.4656
256        12.4656
257        12.4657
258        12.4657
259        12.4657
260        12.4657
261        12.4657
262        12.4657
263        12.4657
264        12.4658
265        12.4658
266        12.4658
267        12.4658
268        12.4658
269        12.4658
270        12.4658
271        12.4659
272        12.4659
273        12.4659
274        12.4659
275        12.4659
276        12.4659
277        12.4659
278        12.4659
279         12.466
280         12.466
281         12.466
282         12.466
283         12.466
284         12.466
285         12.466
286         12.466
287        12.4661
288        12.4661
289        12.4661
290        12.4661
291        12.4661
292        12.4661
293        12.4661
294        12.4661
295        12.4662
296        12.4662
297        12.4662
298        12.4662
299        12.4662
300        12.4662
301        12.4662
302        12.4662
303        12.4663
304        12.4663
305        12.4663
306        12.4663
307        12.4663
308        12.4663
309        12.4663
310        12.4663
311        12.4663
312        12.4664
313        12.4664
314        12.4664
315        12.4664
316        12.4664
317        12.4664
318        12.4664
319        12.4664
320        12.4664
321        12.4665
322        12.4665
323        12.4665
324        12.4665
325        12.4665
326        12.4665
327        12.4665
328        12.4665
329        12.4665
330        12.4665
331        12.4666
332        12.4666
333        12.4666
334        12.4666
335        12.4666
336        12.4666
337        12.4666
338        12.4666
339        12.4666
340        12.4666
341        12.4667
342        12.4667
343        12.4667
344        12.4667
345        12.4667
346        12.4667
347        12.4667
348        12.4667
349        12.4667
350        12.4667
351        12.4667
352        12.4668
353        12.4668
354        12.4668
355        12.4668
356        12.4668
357        12.4668
358        12.4668
359        12.4668
360        12.4668
361        12.4668
362        12.4668
363        12.4668
364        12.4669
365        12.4669
366        12.4669
367        12.4669
368        12.4669
369        12.4669
370        12.4669
371        12.4669
372        12.4669
373        12.4669
374        12.4669
375        12.4669
376         12.467
377         12.467
378         12.467
379         12.467
380         12.467
381         12.467
382         12.467
383         12.467
384         12.467
385         12.467
386         12.467
387         12.467
388        12.4671
389        12.4671
390        12.4671
391        12.4671
392        12.4671
393        12.4671
394        12.4671
395        12.4671
396        12.4671
397        12.4671
398        12.4671
399        12.4671
400        12.4671
401        12.4672
402        12.4672
403        12.4672
404        12.4672
405        12.4672
406        12.4672
407        12.4672
408        12.4672
409        12.4672
410        12.4672
411        12.4672
412        12.4672
413        12.4672
414        12.4673
415        12.4673
416        12.4673
417        12.4673
418        12.4673
419        12.4673
420        12.4673
421        12.4673
422        12.4673
423        12.4673
424        12.4673
425        12.4673
426        12.4673
427        12.4674
428        12.4674
429        12.4674
430        12.4674
431        12.4674
432        12.4674
433        12.4674
434        12.4674
435        12.4674
436        12.4674
437        12.4674
438        12.4674
439        12.4675
440        12.4675
441        12.4675
442        12.4675
443        12.4675
444        12.4675
445        12.4675
446        12.4675
447        12.4675
448        12.4675
449        12.4675
450        12.4675
451        12.4676
452        12.4676
453        12.4676
454        12.4676
455        12.4676
456        12.4676
457        12.4676
458        12.4676
459        12.4676
460        12.4676
461        12.4676
462        12.4676
463        12.4677
464        12.4677
465        12.4677
466        12.4677
467        12.4677
468        12.4677
469        12.4677
470        12.4677
471        12.4677
472        12.4677
473        12.4677
474        12.4678
475        12.4678
476        12.4678
477        12.4678
478        12.4678
479        12.4678
480        12.4678
481        12.4678
482        12.4678
483        12.4678
484        12.4678
485        12.4679
486        12.4679
487        12.4679
488        12.4679
489        12.4679
490        12.4679
491        12.4679
492        12.4679
493        12.4679
494        12.4679
495        12.4679
496         12.468
497         12.468
498         12.468
499         12.468
500         12.468
501         12.468
502         12.468
503         12.468
504         12.468
505         12.468
506        12.4681
507        12.4681
508        12.4681
509        12.4681
510        12.4681
511        12.4681
512        12.4681
513        12.4681
514        12.4681
515        12.4681
516        12.4682
517        12.4682
518        12.4682
519        12.4682
520        12.4682
521        12.4682
522        12.4682
523        12.4682
524        12.4682
525        12.4683
526        12.4683
527        12.4683
528        12.4683
529        12.4683
530        12.4683
531        12.4683
532        12.4683
533        12.4683
534        12.4684
535        12.4684
536        12.4684
537        12.4684
538        12.4684
539        12.4684
540        12.4684
541        12.4684
542        12.4685
543        12.4685
544        12.4685
545        12.4685
546        12.4685
547        12.4685
548        12.4685
549        12.4685
550        12.4685
551        12.4686
552        12.4686
553        12.4686
554        12.4686
555        12.4686
556        12.4686
557        12.4686
558        12.4687
559        12.4687
560        12.4687
561        12.4687
562        12.4687
563        12.4687
564        12.4687
565        12.4687
566        12.4688
567        12.4688
568        12.4688
569        12.4688
570        12.4688
571        12.4688
572        12.4688
573        12.4689
574        12.4689
575        12.4689
576        12.4689
577        12.4689
578        12.4689
579        12.4689
580        12.4689
581         12.469
582         12.469
583         12.469
584         12.469
585         12.469
586         12.469
587         12.469
588        12.4691
589        12.4691
590        12.4691
591        12.4691
592        12.4691
593        12.4691
594        12.4692
595        12.4692
596        12.4692
597        12.4692
598        12.4692
599        12.4692
600        12.4692
601        12.4693
602        12.4693
603        12.4693
604        12.4693
605        12.4693
606        12.4693
607        12.4694
608        12.4694
609        12.4694
610        12.4694
611        12.4694
612        12.4694
613        12.4694
614        12.4695
615        12.4695
616        12.4695
617        12.4695
618        12.4695
619        12.4695
620        12.4696
621        12.4696
622        12.4696
623        12.4696
624        12.4696
625        12.4696
626        12.4697
627        12.4697
628        12.4697
629        12.4697
630        12.4697
631        12.4698
632        12.4698
633        12.4698
634        12.4698
635        12.4698
636        12.4698
637        12.4699
638        12.4699
639        12.4699
640        12.4699
641        12.4699
642        12.4699
643          12.47
644          12.47
645          12.47
646          12.47
647          12.47
648        12.4701
649        12.4701
650        12.4701
651        12.4701
652        12.4701
653        12.4701
654        12.4702
655        12.4702
656        12.4702
657        12.4702
658        12.4702
659        12.4703
660        12.4703
661        12.4703
662        12.4703
663        12.4703
664        12.4704
665        12.4704
666        12.4704
667        12.4704
668        12.4704
669        12.4705
670        12.4705
671        12.4705
672        12.4705
673        12.4705
674        12.4706
675        12.4706
676        12.4706
677        12.4706
678        12.4706
679        12.4707
680        12.4707
681        12.4707
682        12.4707
683        12.4707
684        12.4708
685        12.4708
686        12.4708
687        12.4708
688        12.4708
689        12.4709
690        12.4709
691        12.4709
692        12.4709
693        12.4709
694         12.471
695         12.471
696         12.471
697         12.471
698        12.4711
699        12.4711
700        12.4711
701        12.4711
702        12.4711
703        12.4712
704        12.4712
705        12.4712
706        12.4712
707        12.4713
708        12.4713
709        12.4713
710        12.4713
711        12.4713
712        12.4714
713        12.4714
714        12.4714
715        12.4714
716        12.4715
717        12.4715
718        12.4715
719        12.4715
720        12.4715
721        12.4716
722        12.4716
723        12.4716
724        12.4716
725        12.4717
726        12.4717
727        12.4717
728        12.4717
729        12.4718
730        12.4718
731        12.4718
732        12.4718
733        12.4719
734        12.4719
735        12.4719
736        12.4719
737         12.472
738         12.472
739         12.472
740         12.472
741         12.472
742        12.4721
743        12.4721
744        12.4721
745        12.4721
746        12.4722
747        12.4722
748        12.4722
749        12.4722
750        12.4723
751        12.4723
752        12.4723
753        12.4723
754        12.4724
755        12.4724
756        12.4724
757        12.4724
758        12.4725
759        12.4725
760        12.4725
761        12.4725
762        12.4726
763        12.4726
764        12.4726
765        12.4727
766        12.4727
767        12.4727
768        12.4727
769        12.4728
770        12.4728
771        12.4728
772        12.4728
773        12.4729
774        12.4729
775        12.4729
776        12.4729
777         12.473
778         12.473
779         12.473
780         12.473
781        12.4731
782        12.4731
783        12.4731
784        12.4732
785        12.4732
786        12.4732
787        12.4732
788        12.4733
789        12.4733
790        12.4733
791        12.4733
792        12.4734
793        12.4734
794        12.4734
795        12.4735
796        12.4735
797        12.4735
798        12.4735
799        12.4736
800        12.4736
801        12.4736
802        12.4737
803        12.4737
804        12.4737
805        12.4737
806        12.4738
807        12.4738
808        12.4738
809        12.4739
810        12.4739
811        12.4739
812        12.4739
813         12.474
814         12.474
815         12.474
816        12.4741
817        12.4741
818        12.4741
819        12.4741
820        12.4742
821        12.4742
822        12.4742
823        12.4743
824        12.4743
825        12.4743
826        12.4744
827        12.4744
828        12.4744
829        12.4744
830        12.4745
831        12.4745
832        12.4745
833        12.4746
834        12.4746
835        12.4746
836        12.4747
837        12.4747
838        12.4747
839        12.4747
840        12.4748
841        12.4748
842        12.4748
843        12.4749
844        12.4749
845        12.4749
846         12.475
847         12.475
848         12.475
849        12.4751
850        12.4751
851        12.4751
852        12.4751
853        12.4752
854        12.4752
855        12.4752
856        12.4753
857        12.4753
858        12.4753
859        12.4754
860        12.4754
861        12.4754
862        12.4755
863        12.4755
864        12.4755
865        12.4756
866        12.4756
867        12.4756
868        12.4757
869        12.4757
870        12.4757
871        12.4758
872        12.4758
873        12.4758
874        12.4759
875        12.4759
876        12.4759
877        12.4759
878         12.476
879         12.476
880         12.476
881        12.4761
882        12.4761
883        12.4761
884        12.4762
885        12.4762
886        12.4762
887        12.4763
888        12.4763
889        12.4763
890        12.4764
891        12.4764
892        12.4764
893        12.4765
894        12.4765
895        12.4765
896        12.4766
897        12.4766
898        12.4767
899        12.4767
900        12.4767
901        12.4768
902        12.4768
903        12.4768
904        12.4769
905        12.4769
906        12.4769
907         12.477
908         12.477
909         12.477
910        12.4771
911        12.4771
912        12.4771
913        12.4772
914        12.4772
915        12.4772
916        12.4773
917        12.4773
918        12.4773
919        12.4774
920        12.4774
921        12.4774
922        12.4775
923        12.4775
924        12.4776
925        12.4776
926        12.4776
927        12.4777
928        12.4777
929        12.4777
930        12.4778
931        12.4778
932        12.4778
933        12.4779
934        12.4779
935        12.4779
936         12.478
937         12.478
938        12.4781
939        12.4781
940        12.4781
941        12.4782
942        12.4782
943        12.4782
944        12.4783
945        12.4783
946        12.4783
947        12.4784
948        12.4784
949        12.4784
950        12.4785
951        12.4785
952        12.4786
953        12.4786
954        12.4786
955        12.4787
956        12.4787
957        12.4787
958        12.4788
959        12.4788
960        12.4789
961        12.4789
962        12.4789
963         12.479
964         12.479
965         12.479
966        12.4791
967        12.4791
968        12.4792
969        12.4792
970        12.4792
971        12.4793
972        12.4793
973        12.4793
974        12.4794
975        12.4794
976        12.4795
977        12.4795
978        12.4795
979        12.4796
980        12.4796
981        12.4796
982        12.4797
983        12.4797
984        12.4798
985        12.4798
986        12.4798
987        12.4799
988        12.4799
989        12.4799
990          12.48
991          12.48
992        12.4801
993        12.4801
994        12.4801
995        12.4802
996        12.4802
997        12.4803
998        12.4803
999        12.4803
1000        12.4804
2000        12.5174
3000        12.5493
4000        12.5362
5000        12.5095
6000        12.5426
7000        12.5479
8000        12.5109
9000        12.5139
10000        12.5555
11000        12.5254
12000        12.5125
13000        12.5475
14000        12.5399
15000        12.5108
16000        12.5201
17000        12.5467
18000        12.5277
19000        12.5154
20000        12.5363
21000        12.5342
22000        12.5173
23000        12.5324
24000        12.5384
25000        12.5139
