0 0 292.074 0 302.881 0 799.974 0
0 0 292.074 0 302.881 0 799.974 0
1 0.0648968 292.022 2.2896e-07 302.882 0 799.96 1.11758e-05
2 0.251504 291.872 3.6504e-06 302.885 0 799.919 0.000176442
3 0.536861 291.648 1.83746e-05 302.889 0 799.85 0.000873552
4 0.886809 291.384 5.76296e-05 302.896 0 799.754 0.00267584
5 1.2615 291.118 0.000139398 302.904 0 799.632 0.00627448
6 1.62183 290.889 0.000286025 302.914 0 799.482 0.0123824
7 1.93583 290.727 0.000523861 302.925 0 799.307 0.0216309
8 2.18372 290.652 0.000882986 302.937 0 799.107 0.0344714
9 2.3609 290.666 0.00139702 302.95 0 798.883 0.051094
10 2.47815 290.758 0.00210298 302.963 0 798.635 0.0713732
11 2.55908 290.903 0.00304122 302.977 0 798.365 0.094846
12 2.63533 291.069 0.00425529 302.99 0 798.074 0.120728
13 2.74034 291.223 0.00579179 303.003 0 797.763 0.14796
14 2.90303 291.335 0.00770023 303.014 0 797.434 0.17529
15 3.14239 291.385 0.0100327 303.024 0 797.087 0.201369
16 3.46406 291.367 0.0128435 303.033 0 796.723 0.224859
17 3.85948 291.288 0.0161887 303.039 0 796.343 0.244544
18 4.30765 291.168 0.0201255 303.044 0 795.949 0.259421
19 4.77922 291.034 0.0247116 303.047 0 795.54 0.268782
20 5.24206 290.916 0.0300043 303.048 0 795.118 0.272254
21 5.66722 290.839 0.0360599 303.047 0 794.683 0.269825
22 6.0342 290.821 0.0429324 303.045 0 794.236 0.261823
23 6.33428 290.869 0.0506731 303.042 0 793.777 0.248875
24 6.57155 290.976 0.0593295 303.037 0 793.307 0.231845
25 6.76121 291.125 0.0689446 303.031 0 792.827 0.211749
26 6.92569 291.289 0.0795568 303.024 0 792.337 0.18967
27 7.08947 291.442 0.0911986 303.017 0 791.837 0.166678
28 7.27361 291.559 0.103897 303.008 0 791.329 0.143757
29 7.4912 291.622 0.117673 302.999 0 790.813 0.121749
30 7.74452 291.626 0.13254 302.99 0 790.288 0.101318
31 8.02461 291.575 0.148508 302.981 0 789.757 0.0829322
32 8.31306 291.483 0.165575 302.972 0 789.218 0.0668692
33 8.58574 291.372 0.183737 302.963 0 788.674 0.05323
34 8.81766 291.266 0.202979 302.955 0 788.123 0.0419681
35 8.98787 291.185 0.223281 302.948 0 787.568 0.0329251
36 9.08344 291.144 0.244615 302.942 0 787.008 0.0258684
37 9.10182 291.15 0.266946 302.937 0 786.444 0.0205278
38 9.05089 291.199 0.290236 302.933 0 785.877 0.0166281
39 8.94712 291.278 0.314438 302.93 0 785.308 0.013916
40 8.81202 291.369 0.339505 302.927 0 784.737 0.0121783
41 8.66788 291.454 0.365385 302.926 0 784.166 0.0112542
42 8.53361 291.514 0.392025 302.926 0 783.596 0.011039
43 8.42156 291.537 0.419371 302.927 0 783.026 0.0114827
44 8.33582 291.519 0.447367 302.928 0 782.459 0.0125834
45 8.27233 291.463 0.475959 302.93 0 781.894 0.0143765
46 8.2205 291.379 0.505095 302.933 0 781.332 0.0169234
47 8.166 291.282 0.534723 302.936 0 780.774 0.0202971
48 8.09409 291.19 0.564793 302.94 0 780.22 0.0245698
49 7.99274 291.118 0.595259 302.945 0 779.672 0.0298001
50 7.85504 291.078 0.626077 302.95 0 779.128 0.036022
51 7.68047 291.074 0.657206 302.955 0 778.591 0.0432358
52 7.47484 291.106 0.688612 302.961 0 778.059 0.0514013
53 7.24908 291.168 0.720263 302.967 0 777.534 0.0604334
54 7.01724 291.247 0.752132 302.973 0 777.016 0.0702001
55 6.79402 291.332 0.784197 302.979 0 776.504 0.0805234
56 6.5924 291.409 0.816441 302.985 0 775.999 0.0911827
57 6.42181 291.468 0.848852 302.991 0 775.501 0.101921
58 6.28691 291.503 0.881422 302.996 0 775.01 0.112454
59 6.18744 291.513 0.914147 303 0 774.526 0.12248
60 6.11869 291.499 0.947027 303.005 0 774.048 0.131693
61 6.07277 291.469 0.980066 303.008 0 773.576 0.139799
62 6.04023 291.432 1.01327 303.011 0 773.111 0.146528
63 6.01174 291.397 1.04664 303.013 0 772.651 0.151649
64 5.97969 291.372 1.0802 303.015 0 772.196 0.154983
65 5.93923 291.364 1.11395 303.016 0 771.747 0.156417
66 5.88878 291.374 1.14791 303.016 0 771.302 0.155907
67 5.83001 291.403 1.18209 303.015 0 770.862 0.153484
68 5.76715 291.446 1.2165 303.014 0 770.425 0.149253
69 5.70596 291.498 1.25116 303.012 0 769.992 0.143387
70 5.65254 291.552 1.28607 303.01 0 769.562 0.136117
71 5.61216 291.601 1.32125 303.007 0 769.134 0.127721
72 5.58835 291.641 1.3567 303.003 0 768.709 0.118506
73 5.58231 291.668 1.39244 302.999 0 768.285 0.108792
74 5.59288 291.684 1.42846 302.995 0 767.862 0.0988952
75 5.61685 291.688 1.46478 302.99 0 767.441 0.0891093
76 5.64964 291.685 1.50139 302.985 0 767.019 0.0796963
77 5.68612 291.679 1.5383 302.981 0 766.598 0.0708738
78 5.72155 291.674 1.5755 302.976 0 766.176 0.0628104
79 5.75227 291.674 1.61299 302.972 0 765.754 0.0556238
80 5.77616 291.681 1.65077 302.968 0 765.331 0.0493837
81 5.79277 291.696 1.68883 302.965 0 764.906 0.0441178
82 5.80315 291.717 1.72716 302.962 0 764.481 0.0398209
83 5.80938 291.743 1.76577 302.96 0 764.054 0.0364646
84 5.81397 291.771 1.80464 302.958 0 763.626 0.0340078
85 5.81925 291.798 1.84376 302.957 0 763.196 0.0324056
86 5.82683 291.823 1.88313 302.957 0 762.764 0.0316165
87 5.83737 291.844 1.92274 302.958 0 762.332 0.0316063
88 5.8504 291.862 1.96257 302.959 0 761.898 0.0323499
89 5.86458 291.877 2.00261 302.961 0 761.463 0.0338293
90 5.87801 291.89 2.04287 302.964 0 761.027 0.0360292
91 5.88866 291.905 2.08332 302.967 0 760.59 0.0389319
92 5.89481 291.922 2.12396 302.97 0 760.153 0.0425101
93 5.89538 291.942 2.16478 302.974 0 759.715 0.0467212
94 5.8901 291.966 2.20576 302.978 0 759.278 0.0515022
95 5.87951 291.994 2.24691 302.982 0 758.841 0.0567667
96 5.86476 292.025 2.2882 302.987 0 758.404 0.0624044
97 5.84735 292.057 2.32963 302.991 0 757.969 0.0682831
98 5.82882 292.089 2.37118 302.995 0 757.535 0.0742529
99 5.81042 292.12 2.41285 302.999 0 757.102 0.0801533
100 5.79294 292.149 2.45461 303.003 0 756.671 0.0858198
101 5.77663 292.175 2.49645 303.006 0 756.241 0.0910935
102 5.76124 292.2 2.53835 303.009 0 755.814 0.095828
103 5.7462 292.223 2.58031 303.012 0 755.39 0.0998977
104 5.73077 292.245 2.62231 303.014 0 754.967 0.103203
105 5.71433 292.268 2.66433 303.015 0 754.547 0.105674
106 5.69644 292.292 2.70635 303.017 0 754.13 0.107273
107 5.677 292.316 2.74838 303.018 0 753.715 0.107995
108 5.65623 292.342 2.79039 303.018 0 753.303 0.107864
109 5.63456 292.369 2.83237 303.018 0 752.894 0.10693
110 5.61257 292.396 2.87433 303.018 0 752.486 0.105267
111 5.59081 292.423 2.91625 303.017 0 752.082 0.102962
112 5.5697 292.45 2.95813 303.016 0 751.679 0.100118
113 5.54951 292.476 2.99996 303.015 0 751.279 0.0968413
114 5.5303 292.501 3.04175 303.014 0 750.881 0.0932394
115 5.51199 292.526 3.0835 303.012 0 750.485 0.089418
116 5.49442 292.55 3.1252 303.01 0 750.09 0.0854763
117 5.47743 292.575 3.16685 303.009 0 749.697 0.0815051
118 5.4609 292.599 3.20847 303.007 0 749.306 0.0775852
119 5.44482 292.624 3.25004 303.006 0 748.915 0.0737863
120 5.42924 292.65 3.29158 303.004 0 748.526 0.0701672
121 5.41428 292.675 3.33308 303.002 0 748.138 0.0667757
122 5.40006 292.701 3.37455 303.001 0 747.751 0.0636499
123 5.38667 292.727 3.41598 303 0 747.364 0.0608188
124 5.37415 292.753 3.45739 302.999 0 746.979 0.0583036
125 5.36247 292.78 3.49877 302.998 0 746.594 0.0561188
126 5.35157 292.807 3.54013 302.997 0 746.209 0.0542735
127 5.34142 292.834 3.58145 302.997 0 745.825 0.0527723
128 5.332 292.862 3.62274 302.996 0 745.442 0.0516164
129 5.32335 292.891 3.66401 302.996 0 745.059 0.0508043
130 5.31561 292.919 3.70524 302.997 0 744.676 0.0503319
131 5.30894 292.948 3.74645 302.997 0 744.294 0.0501934
132 5.30353 292.977 3.78762 302.998 0 743.912 0.0503809
133 5.29953 293.006 3.82876 302.999 0 743.531 0.0508846
134 5.29703 293.034 3.86987 303 0 743.15 0.0516919
135 5.29603 293.062 3.91096 303.001 0 742.769 0.0527879
136 5.29645 293.089 3.95202 303.002 0 742.388 0.0541538
137 5.29812 293.116 3.99306 303.004 0 742.008 0.0557673
138 5.30086 293.142 4.03408 303.006 0 741.628 0.0576018
139 5.30448 293.169 4.07508 303.008 0 741.249 0.0596259
140 5.30884 293.196 4.11607 303.01 0 740.869 0.0618037
141 5.31384 293.223 4.15704 303.012 0 740.491 0.0640947
142 5.31943 293.249 4.19802 303.014 0 740.112 0.0664545
143 5.32559 293.276 4.23898 303.016 0 739.734 0.0688352
144 5.33229 293.303 4.27995 303.018 0 739.357 0.071187
145 5.33948 293.33 4.3209 303.019 0 738.98 0.073459
146 5.34708 293.357 4.36186 303.021 0 738.605 0.075601
147 5.35496 293.384 4.40281 303.023 0 738.229 0.077565
148 5.363 293.411 4.44374 303.024 0 737.855 0.0793068
149 5.37108 293.438 4.48467 303.026 0 737.482 0.0807877
150 5.37912 293.465 4.52557 303.027 0 737.11 0.0819756
151 5.38712 293.492 4.56646 303.028 0 736.739 0.0828461
152 5.39511 293.519 4.60731 303.029 0 736.369 0.0833837
153 5.40318 293.546 4.64814 303.03 0 736 0.0835815
154 5.4114 293.573 4.68893 303.03 0 735.632 0.083442
155 5.41984 293.599 4.72968 303.031 0 735.266 0.0829761
156 5.4285 293.625 4.77039 303.031 0 734.901 0.0822029
157 5.4373 293.65 4.81106 303.031 0 734.536 0.0811486
158 5.44613 293.675 4.85168 303.031 0 734.173 0.0798455
159 5.45482 293.699 4.89227 303.031 0 733.811 0.0783303
160 5.46319 293.723 4.93282 303.03 0 733.45 0.0766434
161 5.4711 293.748 4.97332 303.03 0 733.089 0.0748269
162 5.47846 293.772 5.01379 303.029 0 732.729 0.0729238
163 5.48522 293.797 5.05423 303.029 0 732.37 0.0709764
164 5.49138 293.823 5.09463 303.028 0 732.011 0.0690254
165 5.49701 293.848 5.135 303.028 0 731.652 0.0671092
166 5.50213 293.873 5.17534 303.027 0 731.294 0.0652629
167 5.50681 293.899 5.21565 303.027 0 730.936 0.0635179
168 5.51106 293.925 5.25592 303.026 0 730.579 0.0619019
169 5.51491 293.951 5.29615 303.026 0 730.222 0.0604379
170 5.51837 293.977 5.33634 303.026 0 729.865 0.0591453
171 5.52146 294.003 5.37648 303.026 0 729.508 0.0580388
172 5.52422 294.029 5.41657 303.026 0 729.151 0.0571295
173 5.52669 294.054 5.45661 303.026 0 728.795 0.0564244
174 5.5289 294.079 5.49658 303.026 0 728.439 0.0559272
175 5.53087 294.105 5.53648 303.026 0 728.084 0.0556378
176 5.53257 294.129 5.57631 303.027 0 727.729 0.0555533
177 5.53396 294.154 5.61606 303.028 0 727.374 0.0556674
178 5.53495 294.178 5.65573 303.028 0 727.02 0.0559712
179 5.53545 294.202 5.69532 303.029 0 726.666 0.056453
180 5.53538 294.226 5.73482 303.03 0 726.313 0.0570983
181 5.53471 294.25 5.77423 303.031 0 725.961 0.0578905
182 5.53347 294.274 5.81356 303.032 0 725.609 0.0588106
183 5.53174 294.298 5.8528 303.034 0 725.258 0.0598377
184 5.52962 294.322 5.89195 303.035 0 724.908 0.0609492
185 5.52724 294.346 5.93102 303.036 0 724.559 0.0621211
186 5.5247 294.369 5.97 303.037 0 724.21 0.0633287
187 5.52206 294.392 6.0089 303.039 0 723.862 0.0645467
188 5.51933 294.415 6.04771 303.04 0 723.514 0.0657498
189 5.51647 294.438 6.08643 303.041 0 723.168 0.0669132
190 5.51342 294.46 6.12507 303.042 0 722.823 0.0680133
191 5.51011 294.483 6.16362 303.044 0 722.478 0.0690278
192 5.50648 294.505 6.20208 303.045 0 722.135 0.0699364
193 5.5025 294.528 6.24044 303.046 0 721.792 0.0707215
194 5.49817 294.55 6.2787 303.046 0 721.451 0.0713678
195 5.4935 294.572 6.31687 303.047 0 721.11 0.0718634
196 5.4885 294.595 6.35494 303.048 0 720.771 0.0721996
197 5.48323 294.617 6.3929 303.049 0 720.433 0.0723714
198 5.47771 294.64 6.43075 303.049 0 720.096 0.0723772
199 5.47201 294.662 6.46851 303.05 0 719.761 0.0722193
200 5.4662 294.684 6.50615 303.05 0 719.426 0.0719035
201 5.46035 294.706 6.54369 303.05 0 719.093 0.071439
202 5.45456 294.727 6.58113 303.05 0 718.761 0.0708385
203 5.44889 294.748 6.61846 303.05 0 718.43 0.0701173
204 5.44338 294.769 6.65569 303.051 0 718.1 0.0692934
205 5.43799 294.789 6.69283 303.051 0 717.772 0.0683867
206 5.43267 294.809 6.72986 303.05 0 717.444 0.0674186
207 5.42731 294.829 6.7668 303.05 0 717.117 0.0664114
208 5.42179 294.849 6.80364 303.05 0 716.792 0.0653874
209 5.41603 294.868 6.8404 303.05 0 716.467 0.0643689
210 5.41001 294.888 6.87705 303.05 0 716.143 0.063377
211 5.40377 294.908 6.91362 303.05 0 715.819 0.0624315
212 5.39743 294.928 6.9501 303.05 0 715.497 0.0615504
213 5.39113 294.947 6.98649 303.05 0 715.175 0.0607493
214 5.38502 294.967 7.02279 303.05 0 714.855 0.0600414
215 5.37917 294.986 7.059 303.05 0 714.534 0.0594372
216 5.37363 295.004 7.09513 303.05 0 714.215 0.0589446
217 5.36834 295.022 7.13117 303.051 0 713.896 0.0585687
218 5.3632 295.04 7.16712 303.051 0 713.578 0.0583119
219 5.3581 295.057 7.20299 303.051 0 713.26 0.0581742
220 5.35294 295.074 7.23877 303.052 0 712.944 0.058153
221 5.34765 295.092 7.27447 303.052 0 712.627 0.0582438
222 5.34224 295.109 7.31009 303.053 0 712.312 0.05844
223 5.33673 295.126 7.34563 303.054 0 711.997 0.0587332
224 5.33119 295.144 7.38108 303.054 0 711.683 0.0591138
225 5.32568 295.161 7.41646 303.055 0 711.37 0.0595705
226 5.32022 295.177 7.45175 303.056 0 711.057 0.0600913
227 5.31484 295.194 7.48696 303.057 0 710.745 0.0606631
228 5.30953 295.21 7.52208 303.058 0 710.434 0.0612723
229 5.30427 295.227 7.55713 303.059 0 710.123 0.0619047
230 5.29907 295.243 7.59209 303.059 0 709.814 0.0625458
231 5.29393 295.258 7.62696 303.06 0 709.505 0.0631815
232 5.28885 295.274 7.66176 303.061 0 709.197 0.0637972
233 5.28385 295.289 7.69648 303.062 0 708.89 0.0643794
234 5.27892 295.304 7.73112 303.063 0 708.584 0.0649149
235 5.27405 295.319 7.76568 303.064 0 708.279 0.0653916
236 5.26919 295.334 7.80017 303.064 0 707.975 0.0657986
237 5.26432 295.349 7.83458 303.065 0 707.671 0.0661267
238 5.25943 295.364 7.86892 303.066 0 707.369 0.0663685
239 5.25452 295.378 7.9032 303.066 0 707.067 0.0665185
240 5.24961 295.393 7.93741 303.067 0 706.766 0.0665736
241 5.24473 295.408 7.97156 303.067 0 706.466 0.0665331
242 5.23993 295.422 8.00564 303.067 0 706.166 0.0663987
243 5.23522 295.436 8.03965 303.068 0 705.868 0.0661743
244 5.23059 295.45 8.0736 303.068 0 705.57 0.0658662
245 5.22604 295.464 8.10749 303.068 0 705.273 0.0654825
246 5.22153 295.478 8.14131 303.068 0 704.977 0.065033
247 5.21706 295.492 8.17506 303.068 0 704.682 0.064529
248 5.2126 295.505 8.20874 303.068 0 704.387 0.0639824
249 5.20816 295.519 8.24235 303.068 0 704.093 0.0634058
250 5.20374 295.532 8.2759 303.068 0 703.801 0.062812
251 5.19933 295.545 8.30938 303.068 0 703.508 0.0622134
252 5.19493 295.557 8.34279 303.068 0 703.217 0.061622
253 5.19051 295.57 8.37613 303.068 0 702.927 0.0610491
254 5.18607 295.582 8.40942 303.068 0 702.637 0.0605049
255 5.18159 295.594 8.44264 303.068 0 702.347 0.0599986
256 5.17708 295.606 8.47581 303.068 0 702.059 0.0595384
257 5.17257 295.618 8.50892 303.069 0 701.771 0.0591309
258 5.16809 295.63 8.54198 303.069 0 701.484 0.0587818
259 5.16365 295.641 8.57499 303.069 0 701.197 0.0584953
260 5.15928 295.652 8.60795 303.069 0 700.911 0.0582745
261 5.15494 295.663 8.64087 303.069 0 700.625 0.0581211
262 5.15062 295.674 8.67373 303.07 0 700.34 0.0580356
263 5.14627 295.685 8.70655 303.07 0 700.055 0.0580171
264 5.14188 295.696 8.73931 303.07 0 699.771 0.0580635
265 5.13743 295.707 8.77203 303.071 0 699.488 0.0581713
266 5.13294 295.717 8.80469 303.071 0 699.205 0.0583359
267 5.12844 295.728 8.8373 303.072 0 698.923 0.0585511
268 5.12395 295.738 8.86986 303.072 0 698.641 0.0588101
269 5.1195 295.748 8.90237 303.073 0 698.36 0.0591048
270 5.11507 295.758 8.93482 303.073 0 698.08 0.0594265
271 5.11067 295.767 8.96723 303.074 0 697.8 0.0597657
272 5.10628 295.777 8.99959 303.074 0 697.521 0.0601131
273 5.10187 295.786 9.0319 303.075 0 697.242 0.0604591
274 5.09744 295.795 9.06416 303.075 0 696.965 0.0607946
275 5.09301 295.804 9.09639 303.076 0 696.688 0.061111
276 5.08856 295.813 9.12858 303.076 0 696.411 0.0614008
277 5.08411 295.822 9.16072 303.077 0 696.135 0.0616574
278 5.07965 295.831 9.19283 303.077 0 695.86 0.0618755
279 5.07518 295.839 9.22491 303.078 0 695.586 0.0620511
280 5.0707 295.848 9.25694 303.078 0 695.312 0.0621814
281 5.06619 295.856 9.28894 303.078 0 695.039 0.0622648
282 5.06169 295.864 9.3209 303.079 0 694.767 0.062301
283 5.05719 295.872 9.35283 303.079 0 694.495 0.0622903
284 5.05273 295.88 9.38471 303.079 0 694.225 0.0622343
285 5.04831 295.887 9.41656 303.08 0 693.955 0.0621348
286 5.04391 295.895 9.44837 303.08 0 693.685 0.0619944
287 5.03954 295.902 9.48015 303.08 0 693.416 0.0618161
288 5.03517 295.909 9.51189 303.08 0 693.148 0.0616031
289 5.03078 295.916 9.54359 303.08 0 692.881 0.0613592
290 5.02637 295.923 9.57527 303.08 0 692.614 0.0610882
291 5.02194 295.93 9.60691 303.08 0 692.348 0.0607943
292 5.01751 295.936 9.63853 303.081 0 692.082 0.0604822
293 5.01308 295.943 9.67012 303.081 0 691.817 0.0601564
294 5.00865 295.949 9.70169 303.081 0 691.553 0.0598221
295 5.00421 295.955 9.73322 303.081 0 691.289 0.0594845
296 4.99977 295.962 9.76474 303.081 0 691.026 0.0591487
297 4.99531 295.968 9.79623 303.081 0 690.763 0.0588201
298 4.99085 295.974 9.8277 303.081 0 690.501 0.0585038
299 4.98638 295.98 9.85914 303.081 0 690.239 0.0582048
300 4.98193 295.985 9.89056 303.081 0 689.978 0.0579275
301 4.97751 295.991 9.92196 303.081 0 689.718 0.0576762
302 4.9731 295.997 9.95333 303.082 0 689.458 0.0574543
303 4.9687 296.002 9.98469 303.082 0 689.198 0.0572649
304 4.96429 296.007 10.016 303.082 0 688.939 0.0571103
305 4.95986 296.012 10.0473 303.082 0 688.681 0.0569924
306 4.95542 296.017 10.0786 303.082 0 688.422 0.056912
307 4.95095 296.022 10.1099 303.082 0 688.165 0.0568698
308 4.94649 296.027 10.1412 303.083 0 687.908 0.0568655
309 4.94203 296.032 10.1725 303.083 0 687.651 0.0568983
310 4.93758 296.037 10.2037 303.083 0 687.395 0.0569666
311 4.93313 296.041 10.2349 303.084 0 687.139 0.0570684
312 4.9287 296.046 10.2662 303.084 0 686.884 0.0572008
313 4.92426 296.05 10.2974 303.084 0 686.629 0.0573603
314 4.91983 296.054 10.3285 303.085 0 686.375 0.0575428
315 4.91541 296.059 10.3597 303.085 0 686.121 0.0577433
316 4.911 296.063 10.3909 303.085 0 685.868 0.0579564
317 4.90661 296.066 10.422 303.086 0 685.615 0.0581763
318 4.90222 296.07 10.4531 303.086 0 685.363 0.0583966
319 4.89784 296.074 10.4843 303.087 0 685.111 0.058611
320 4.89344 296.077 10.5154 303.087 0 684.86 0.0588129
321 4.88904 296.081 10.5465 303.087 0 684.609 0.0589963
322 4.88463 296.084 10.5775 303.088 0 684.359 0.0591555
323 4.88022 296.088 10.6086 303.088 0 684.11 0.0592858
324 4.87582 296.091 10.6397 303.088 0 683.861 0.0593829
325 4.87144 296.094 10.6708 303.089 0 683.612 0.0594439
326 4.86707 296.097 10.7018 303.089 0 683.364 0.059467
327 4.8627 296.1 10.7329 303.089 0 683.117 0.0594514
328 4.85833 296.103 10.764 303.089 0 682.87 0.0593974
329 4.85395 296.106 10.795 303.089 0 682.624 0.0593063
330 4.84958 296.109 10.8261 303.09 0 682.378 0.0591804
331 4.84521 296.112 10.8571 303.09 0 682.133 0.0590225
332 4.84085 296.114 10.8882 303.09 0 681.888 0.0588364
333 4.8365 296.117 10.9192 303.09 0 681.644 0.0586261
334 4.83216 296.119 10.9502 303.09 0 681.4 0.058396
335 4.82781 296.122 10.9812 303.09 0 681.157 0.0581506
336 4.82345 296.124 11.0123 303.09 0 680.914 0.0578949
337 4.81908 296.126 11.0433 303.09 0 680.672 0.0576336
338 4.81472 296.128 11.0743 303.09 0 680.43 0.0573715
339 4.81035 296.13 11.1053 303.09 0 680.189 0.0571133
340 4.80599 296.132 11.1363 303.09 0 679.948 0.0568636
341 4.80164 296.134 11.1674 303.09 0 679.708 0.0566267
342 4.79728 296.136 11.1984 303.09 0 679.468 0.0564064
343 4.79293 296.138 11.2294 303.091 0 679.228 0.0562062
344 4.78858 296.14 11.2605 303.091 0 678.989 0.0560291
345 4.78423 296.141 11.2915 303.091 0 678.75 0.0558773
346 4.77989 296.143 11.3225 303.091 0 678.512 0.0557525
347 4.77557 296.144 11.3536 303.091 0 678.274 0.0556556
348 4.77124 296.146 11.3846 303.091 0 678.036 0.0555868
349 4.76692 296.147 11.4157 303.091 0 677.799 0.0555456
350 4.76259 296.148 11.4468 303.092 0 677.563 0.0555311
351 4.75824 296.149 11.4778 303.092 0 677.326 0.0555417
352 4.7539 296.15 11.5089 303.092 0 677.09 0.0555752
353 4.74955 296.152 11.54 303.092 0 676.855 0.0556294
354 4.74521 296.153 11.5711 303.093 0 676.62 0.0557015
355 4.74089 296.153 11.6022 303.093 0 676.385 0.0557889
356 4.73657 296.154 11.6334 303.093 0 676.151 0.0558885
357 4.73225 296.155 11.6645 303.093 0 675.917 0.0559973
358 4.72794 296.156 11.6956 303.094 0 675.683 0.0561123
359 4.72362 296.157 11.7268 303.094 0 675.45 0.0562302
360 4.71931 296.157 11.7579 303.094 0 675.217 0.0563479
361 4.71499 296.158 11.7891 303.095 0 674.985 0.0564623
362 4.71068 296.158 11.8202 303.095 0 674.753 0.0565703
363 4.70636 296.158 11.8514 303.095 0 674.522 0.0566689
364 4.70204 296.159 11.8826 303.095 0 674.291 0.0567552
365 4.69771 296.159 11.9138 303.096 0 674.061 0.0568268
366 4.69338 296.159 11.945 303.096 0 673.831 0.0568813
367 4.68905 296.16 11.9762 303.096 0 673.601 0.0569169
368 4.68474 296.16 12.0074 303.096 0 673.372 0.0569324
369 4.68043 296.16 12.0386 303.097 0 673.143 0.056927
370 4.67614 296.16 12.0699 303.097 0 672.915 0.0569003
371 4.67185 296.16 12.1011 303.097 0 672.687 0.0568526
372 4.66755 296.16 12.1324 303.097 0 672.46 0.0567846
373 4.66325 296.16 12.1637 303.097 0 672.232 0.0566975
374 4.65895 296.16 12.195 303.097 0 672.006 0.0565927
375 4.65465 296.159 12.2262 303.098 0 671.78 0.0564718
376 4.65035 296.159 12.2575 303.098 0 671.554 0.0563369
377 4.64605 296.159 12.2889 303.098 0 671.329 0.05619
378 4.64175 296.158 12.3202 303.098 0 671.104 0.0560332
379 4.63744 296.158 12.3515 303.098 0 670.88 0.0558689
380 4.63314 296.157 12.3828 303.098 0 670.655 0.0556994
381 4.62884 296.157 12.4142 303.098 0 670.432 0.0555272
382 4.62455 296.156 12.4456 303.098 0 670.209 0.0553547
383 4.62026 296.156 12.477 303.098 0 669.986 0.0551845
384 4.61598 296.155 12.5084 303.098 0 669.763 0.0550191
385 4.6117 296.154 12.5398 303.099 0 669.541 0.0548611
386 4.60741 296.154 12.5712 303.099 0 669.319 0.0547128
387 4.60313 296.153 12.6026 303.099 0 669.098 0.0545762
388 4.59884 296.152 12.6341 303.099 0 668.877 0.0544534
389 4.59455 296.151 12.6656 303.099 0 668.656 0.0543459
390 4.59026 296.15 12.6971 303.099 0 668.435 0.0542548
391 4.58598 296.149 12.7286 303.099 0 668.215 0.0541808
392 4.58169 296.149 12.7601 303.1 0 667.996 0.0541243
393 4.57741 296.148 12.7916 303.1 0 667.776 0.0540852
394 4.57313 296.147 12.8231 303.1 0 667.557 0.054063
395 4.56884 296.145 12.8547 303.1 0 667.339 0.0540568
396 4.56457 296.144 12.8863 303.1 0 667.12 0.0540656
397 4.56029 296.143 12.9179 303.101 0 666.902 0.054088
398 4.55602 296.142 12.9495 303.101 0 666.684 0.0541223
399 4.55175 296.141 12.9811 303.101 0 666.467 0.0541669
400 4.54747 296.14 13.0128 303.101 0 666.25 0.0542196
401 4.5432 296.139 13.0444 303.102 0 666.033 0.0542784
402 4.53893 296.137 13.0761 303.102 0 665.817 0.054341
403 4.53465 296.136 13.1078 303.102 0 665.601 0.054405
404 4.53038 296.135 13.1395 303.102 0 665.386 0.054468
405 4.52611 296.133 13.1712 303.103 0 665.17 0.0545275
406 4.52184 296.132 13.2029 303.103 0 664.956 0.0545813
407 4.51757 296.13 13.2346 303.103 0 664.741 0.054627
408 4.51329 296.129 13.2664 303.103 0 664.527 0.0546628
409 4.50902 296.127 13.2982 303.104 0 664.313 0.0546871
410 4.50476 296.126 13.33 303.104 0 664.1 0.0546985
411 4.5005 296.124 13.3618 303.104 0 663.887 0.0546963
412 4.49624 296.123 13.3936 303.104 0 663.674 0.0546801
413 4.49198 296.121 13.4254 303.105 0 663.462 0.0546499
414 4.48773 296.12 13.4573 303.105 0 663.25 0.0546059
415 4.48347 296.118 13.4892 303.105 0 663.039 0.0545491
416 4.47922 296.116 13.5211 303.105 0 662.827 0.0544802
417 4.47496 296.115 13.553 303.105 0 662.617 0.0544004
418 4.47071 296.113 13.5849 303.106 0 662.406 0.0543109
419 4.46646 296.111 13.6168 303.106 0 662.196 0.0542133
420 4.46221 296.109 13.6487 303.106 0 661.986 0.0541088
421 4.45797 296.107 13.6807 303.106 0 661.777 0.0539991
422 4.45372 296.105 13.7127 303.106 0 661.568 0.0538855
423 4.44948 296.103 13.7447 303.106 0 661.359 0.0537696
424 4.44524 296.102 13.7767 303.107 0 661.151 0.053653
425 4.441 296.1 13.8087 303.107 0 660.943 0.0535371
426 4.43677 296.098 13.8408 303.107 0 660.735 0.0534234
427 4.43253 296.096 13.8728 303.107 0 660.528 0.0533133
428 4.42829 296.094 13.9049 303.107 0 660.321 0.0532078
429 4.42406 296.092 13.937 303.107 0 660.114 0.0531082
430 4.41983 296.09 13.9691 303.108 0 659.908 0.0530151
431 4.4156 296.087 14.0012 303.108 0 659.702 0.0529293
432 4.41137 296.085 14.0334 303.108 0 659.496 0.0528512
433 4.40714 296.083 14.0655 303.108 0 659.291 0.0527811
434 4.40291 296.081 14.0977 303.108 0 659.086 0.0527191
435 4.39868 296.079 14.1299 303.109 0 658.881 0.0526653
436 4.39446 296.077 14.1621 303.109 0 658.676 0.0526194
437 4.39023 296.074 14.1944 303.109 0 658.472 0.0525815
438 4.38601 296.072 14.2266 303.109 0 658.268 0.0525513
439 4.38179 296.07 14.2589 303.11 0 658.065 0.0525285
440 4.37757 296.068 14.2912 303.11 0 657.862 0.0525129
441 4.37335 296.066 14.3235 303.11 0 657.659 0.052504
442 4.36913 296.063 14.3558 303.11 0 657.456 0.0525012
443 4.36491 296.061 14.3882 303.111 0 657.254 0.052504
444 4.3607 296.059 14.4205 303.111 0 657.052 0.0525113
445 4.35648 296.056 14.4529 303.111 0 656.85 0.0525224
446 4.35227 296.054 14.4853 303.112 0 656.648 0.052536
447 4.34806 296.052 14.5177 303.112 0 656.447 0.0525511
448 4.34385 296.049 14.5501 303.112 0 656.247 0.0525663
449 4.33964 296.047 14.5826 303.112 0 656.046 0.0525806
450 4.33544 296.045 14.615 303.113 0 655.846 0.0525926
451 4.33123 296.042 14.6475 303.113 0 655.646 0.0526012
452 4.32703 296.04 14.68 303.113 0 655.446 0.0526056
453 4.32284 296.037 14.7125 303.114 0 655.247 0.0526047
454 4.31864 296.035 14.7451 303.114 0 655.048 0.0525978
455 4.31444 296.032 14.7776 303.114 0 654.85 0.0525841
456 4.31025 296.03 14.8102 303.115 0 654.651 0.0525633
457 4.30606 296.028 14.8428 303.115 0 654.453 0.0525347
458 4.30187 296.025 14.8754 303.115 0 654.256 0.0524983
459 4.29768 296.023 14.908 303.115 0 654.059 0.0524538
460 4.29349 296.02 14.9406 303.116 0 653.862 0.0524014
461 4.2893 296.018 14.9733 303.116 0 653.665 0.0523413
462 4.28512 296.015 15.006 303.116 0 653.468 0.0522741
463 4.28094 296.013 15.0387 303.116 0 653.272 0.0522004
464 4.27676 296.01 15.0714 303.117 0 653.077 0.0521212
465 4.27258 296.007 15.1041 303.117 0 652.881 0.0520375
466 4.26841 296.005 15.1369 303.117 0 652.686 0.0519505
467 4.26423 296.002 15.1696 303.117 0 652.491 0.0518615
468 4.26006 296 15.2024 303.118 0 652.297 0.0517717
469 4.25589 295.997 15.2352 303.118 0 652.102 0.0516822
470 4.25173 295.995 15.268 303.118 0 651.908 0.0515943
471 4.24756 295.992 15.3008 303.118 0 651.715 0.0515089
472 4.24339 295.989 15.3337 303.119 0 651.521 0.0514269
473 4.23923 295.987 15.3666 303.119 0 651.328 0.0513491
474 4.23507 295.984 15.3995 303.119 0 651.135 0.0512762
475 4.23091 295.982 15.4324 303.119 0 650.943 0.0512086
476 4.22675 295.979 15.4653 303.12 0 650.75 0.0511468
477 4.22259 295.976 15.4982 303.12 0 650.558 0.0510911
478 4.21844 295.974 15.5312 303.12 0 650.367 0.0510416
479 4.21429 295.971 15.5642 303.121 0 650.175 0.0509984
480 4.21013 295.969 15.5972 303.121 0 649.984 0.0509614
481 4.20598 295.966 15.6302 303.121 0 649.793 0.0509303
482 4.20184 295.963 15.6632 303.122 0 649.603 0.0509047
483 4.19769 295.961 15.6963 303.122 0 649.412 0.0508841
484 4.19355 295.958 15.7293 303.122 0 649.222 0.0508679
485 4.18941 295.955 15.7624 303.123 0 649.032 0.0508552
486 4.18527 295.952 15.7955 303.123 0 648.843 0.0508454
487 4.18113 295.95 15.8286 303.123 0 648.654 0.0508376
488 4.17699 295.947 15.8618 303.124 0 648.465 0.0508311
489 4.17286 295.944 15.8949 303.124 0 648.276 0.0508252
490 4.16872 295.942 15.9281 303.124 0 648.088 0.0508191
491 4.16459 295.939 15.9613 303.125 0 647.9 0.0508123
492 4.16046 295.936 15.9945 303.125 0 647.712 0.0508042
493 4.15634 295.934 16.0277 303.125 0 647.524 0.050794
494 4.15221 295.931 16.0609 303.126 0 647.337 0.0507815
495 4.14809 295.928 16.0942 303.126 0 647.15 0.0507659
496 4.14397 295.925 16.1275 303.126 0 646.964 0.0507469
497 4.13985 295.923 16.1607 303.127 0 646.777 0.050724
498 4.13574 295.92 16.194 303.127 0 646.591 0.0506968
499 4.13162 295.917 16.2274 303.127 0 646.405 0.0506652
500 4.12751 295.915 16.2607 303.128 0 646.22 0.0506289
501 4.1234 295.912 16.2941 303.128 0 646.034 0.050588
502 4.1193 295.909 16.3274 303.128 0 645.849 0.0505424
503 4.11519 295.906 16.3608 303.129 0 645.665 0.0504925
504 4.11109 295.904 16.3942 303.129 0 645.48 0.0504385
505 4.10699 295.901 16.4277 303.13 0 645.296 0.0503808
506 4.10289 295.898 16.4611 303.13 0 645.112 0.0503197
507 4.09879 295.896 16.4945 303.13 0 644.928 0.0502559
508 4.0947 295.893 16.528 303.131 0 644.745 0.0501897
509 4.0906 295.89 16.5615 303.131 0 644.562 0.0501217
510 4.08651 295.887 16.595 303.131 0 644.379 0.0500525
511 4.08243 295.885 16.6285 303.132 0 644.197 0.0499826
512 4.07834 295.882 16.662 303.132 0 644.015 0.0499127
513 4.07426 295.879 16.6956 303.132 0 643.833 0.0498434
514 4.07017 295.876 16.7292 303.133 0 643.651 0.0497754
515 4.06609 295.874 16.7627 303.133 0 643.469 0.0497092
516 4.06201 295.871 16.7963 303.133 0 643.288 0.0496456
517 4.05794 295.868 16.8299 303.134 0 643.107 0.0495849
518 4.05386 295.866 16.8636 303.134 0 642.927 0.0495277
519 4.04979 295.863 16.8972 303.134 0 642.746 0.0494742
520 4.04572 295.86 16.9309 303.135 0 642.566 0.0494248
521 4.04166 295.857 16.9646 303.135 0 642.386 0.0493794
522 4.03759 295.855 16.9982 303.136 0 642.206 0.0493381
523 4.03353 295.852 17.032 303.136 0 642.027 0.0493007
524 4.02947 295.849 17.0657 303.136 0 641.848 0.0492671
525 4.02541 295.847 17.0994 303.137 0 641.669 0.0492371
526 4.02135 295.844 17.1332 303.137 0 641.49 0.0492104
527 4.0173 295.841 17.1669 303.138 0 641.312 0.0491865
528 4.01324 295.839 17.2007 303.138 0 641.134 0.0491652
529 4.00919 295.836 17.2345 303.139 0 640.956 0.049146
530 4.00515 295.833 17.2684 303.139 0 640.778 0.0491285
531 4.0011 295.831 17.3022 303.139 0 640.601 0.049112
532 3.99706 295.828 17.336 303.14 0 640.423 0.049096
533 3.99302 295.825 17.3699 303.14 0 640.247 0.04908
534 3.98898 295.823 17.4038 303.141 0 640.07 0.0490635
535 3.98494 295.82 17.4377 303.141 0 639.894 0.0490458
536 3.9809 295.817 17.4716 303.142 0 639.717 0.0490266
537 3.97687 295.815 17.5055 303.142 0 639.542 0.0490053
538 3.97284 295.812 17.5394 303.142 0 639.366 0.0489818
539 3.96882 295.809 17.5734 303.143 0 639.191 0.0489556
540 3.96479 295.807 17.6074 303.143 0 639.016 0.0489267
541 3.96077 295.804 17.6413 303.144 0 638.841 0.0488948
542 3.95675 295.801 17.6753 303.144 0 638.666 0.0488599
543 3.95273 295.799 17.7094 303.145 0 638.492 0.048822
544 3.94871 295.796 17.7434 303.145 0 638.318 0.0487811
545 3.9447 295.794 17.7774 303.145 0 638.144 0.0487371
546 3.94069 295.791 17.8115 303.146 0 637.97 0.0486903
547 3.93668 295.788 17.8456 303.146 0 637.797 0.0486407
548 3.93267 295.786 17.8797 303.147 0 637.624 0.0485887
549 3.92867 295.783 17.9138 303.147 0 637.451 0.0485345
550 3.92466 295.781 17.9479 303.148 0 637.278 0.0484785
551 3.92066 295.778 17.982 303.148 0 637.106 0.0484211
552 3.91667 295.775 18.0162 303.149 0 636.934 0.0483628
553 3.91267 295.773 18.0503 303.149 0 636.762 0.048304
554 3.90868 295.77 18.0845 303.149 0 636.591 0.0482451
555 3.90469 295.768 18.1187 303.15 0 636.419 0.0481866
556 3.9007 295.765 18.1529 303.15 0 636.248 0.048129
557 3.89672 295.763 18.1871 303.151 0 636.077 0.0480725
558 3.89273 295.76 18.2213 303.151 0 635.907 0.0480175
559 3.88875 295.758 18.2556 303.152 0 635.736 0.0479644
560 3.88477 295.755 18.2899 303.152 0 635.566 0.0479133
561 3.8808 295.753 18.3242 303.153 0 635.396 0.0478645
562 3.87682 295.75 18.3584 303.153 0 635.226 0.0478182
563 3.87285 295.748 18.3928 303.154 0 635.057 0.0477745
564 3.86888 295.745 18.4271 303.154 0 634.888 0.0477335
565 3.86492 295.743 18.4614 303.155 0 634.719 0.0476952
566 3.86095 295.74 18.4958 303.155 0 634.55 0.0476595
567 3.85699 295.738 18.5302 303.156 0 634.381 0.0476263
568 3.85303 295.735 18.5645 303.156 0 634.213 0.0475952
569 3.84907 295.733 18.5989 303.157 0 634.045 0.0475661
570 3.84512 295.73 18.6334 303.157 0 633.877 0.0475386
571 3.84116 295.728 18.6678 303.158 0 633.71 0.0475124
572 3.83721 295.726 18.7022 303.158 0 633.542 0.047487
573 3.83326 295.723 18.7367 303.159 0 633.375 0.0474623
574 3.82932 295.721 18.7712 303.159 0 633.208 0.0474378
575 3.82537 295.718 18.8056 303.16 0 633.042 0.0474132
576 3.82143 295.716 18.8401 303.16 0 632.875 0.0473883
577 3.81749 295.714 18.8747 303.161 0 632.709 0.0473628
578 3.81356 295.711 18.9092 303.161 0 632.543 0.0473363
579 3.80962 295.709 18.9437 303.162 0 632.377 0.0473087
580 3.80569 295.706 18.9783 303.162 0 632.212 0.0472798
581 3.80176 295.704 19.0129 303.163 0 632.047 0.0472493
582 3.79784 295.702 19.0475 303.163 0 631.881 0.0472171
583 3.79391 295.699 19.0821 303.164 0 631.717 0.0471831
584 3.78999 295.697 19.1167 303.164 0 631.552 0.0471473
585 3.78607 295.695 19.1513 303.165 0 631.388 0.0471097
586 3.78216 295.692 19.1859 303.165 0 631.224 0.0470703
587 3.77824 295.69 19.2206 303.166 0 631.06 0.0470292
588 3.77433 295.688 19.2553 303.166 0 630.896 0.0469865
589 3.77042 295.686 19.29 303.167 0 630.733 0.0469423
590 3.76651 295.683 19.3246 303.167 0 630.57 0.0468968
591 3.76261 295.681 19.3594 303.168 0 630.407 0.04685
592 3.75871 295.679 19.3941 303.168 0 630.244 0.0468021
593 3.75481 295.677 19.4288 303.169 0 630.081 0.0467533
594 3.75091 295.674 19.4636 303.17 0 629.919 0.0467037
595 3.74702 295.672 19.4983 303.17 0 629.757 0.0466535
596 3.74312 295.67 19.5331 303.171 0 629.595 0.046603
597 3.73924 295.668 19.5679 303.171 0 629.434 0.0465523
598 3.73535 295.666 19.6027 303.172 0 629.272 0.0465018
599 3.73146 295.663 19.6376 303.172 0 629.111 0.0464516
600 3.72758 295.661 19.6724 303.173 0 628.95 0.0464019
601 3.7237 295.659 19.7073 303.173 0 628.789 0.0463531
602 3.71982 295.657 19.7421 303.174 0 628.629 0.0463052
603 3.71595 295.655 19.777 303.174 0 628.468 0.0462585
604 3.71208 295.653 19.8119 303.175 0 628.308 0.046213
605 3.70821 295.651 19.8468 303.176 0 628.148 0.0461689
606 3.70434 295.649 19.8817 303.176 0 627.989 0.0461262
607 3.70047 295.646 19.9167 303.177 0 627.829 0.0460851
608 3.69661 295.644 19.9516 303.177 0 627.67 0.0460456
609 3.69275 295.642 19.9866 303.178 0 627.511 0.0460077
610 3.68889 295.64 20.0216 303.178 0 627.352 0.0459714
611 3.68504 295.638 20.0565 303.179 0 627.194 0.0459366
612 3.68118 295.636 20.0915 303.18 0 627.035 0.0459033
613 3.67733 295.634 20.1266 303.18 0 626.877 0.0458712
614 3.67348 295.632 20.1616 303.181 0 626.719 0.0458403
615 3.66964 295.63 20.1966 303.181 0 626.561 0.0458102
616 3.66579 295.628 20.2317 303.182 0 626.404 0.0457807
617 3.66195 295.626 20.2668 303.183 0 626.247 0.0457517
618 3.65811 295.624 20.3018 303.183 0 626.09 0.0457228
619 3.65428 295.622 20.3369 303.184 0 625.933 0.0456939
620 3.65044 295.62 20.3721 303.184 0 625.776 0.0456647
621 3.64661 295.618 20.4072 303.185 0 625.619 0.045635
622 3.64278 295.617 20.4423 303.186 0 625.463 0.0456047
623 3.63896 295.615 20.4775 303.186 0 625.307 0.0455736
624 3.63514 295.613 20.5126 303.187 0 625.151 0.0455415
625 3.63131 295.611 20.5478 303.187 0 624.996 0.0455082
626 3.6275 295.609 20.583 303.188 0 624.84 0.0454737
627 3.62368 295.607 20.6182 303.189 0 624.685 0.0454379
628 3.61987 295.605 20.6534 303.189 0 624.53 0.0454006
629 3.61605 295.603 20.6886 303.19 0 624.376 0.045362
630 3.61225 295.602 20.7239 303.19 0 624.221 0.045322
631 3.60844 295.6 20.7591 303.191 0 624.067 0.0452807
632 3.60464 295.598 20.7944 303.192 0 623.913 0.0452382
633 3.60083 295.596 20.8297 303.192 0 623.759 0.0451946
634 3.59704 295.594 20.865 303.193 0 623.605 0.04515
635 3.59324 295.593 20.9003 303.193 0 623.451 0.0451046
636 3.58945 295.591 20.9356 303.194 0 623.298 0.0450584
637 3.58565 295.589 20.9709 303.195 0 623.145 0.0450118
638 3.58187 295.587 21.0062 303.195 0 622.992 0.0449647
639 3.57808 295.586 21.0416 303.196 0 622.84 0.0449175
640 3.5743 295.584 21.0769 303.197 0 622.687 0.0448702
641 3.57051 295.582 21.1123 303.197 0 622.535 0.0448231
642 3.56674 295.581 21.1477 303.198 0 622.383 0.0447763
643 3.56296 295.579 21.1831 303.198 0 622.231 0.04473
644 3.55919 295.577 21.2185 303.199 0 622.079 0.0446844
645 3.55541 295.576 21.254 303.2 0 621.928 0.0446396
646 3.55165 295.574 21.2894 303.2 0 621.777 0.0445958
647 3.54788 295.572 21.3248 303.201 0 621.626 0.0445529
648 3.54411 295.571 21.3603 303.202 0 621.475 0.0445112
649 3.54035 295.569 21.3958 303.202 0 621.324 0.0444706
650 3.53659 295.568 21.4313 303.203 0 621.174 0.0444312
651 3.53284 295.566 21.4668 303.204 0 621.023 0.0443928
652 3.52908 295.565 21.5023 303.204 0 620.873 0.0443556
653 3.52533 295.563 21.5378 303.205 0 620.723 0.0443195
654 3.52158 295.562 21.5733 303.206 0 620.574 0.0442844
655 3.51783 295.56 21.6089 303.206 0 620.424 0.0442503
656 3.51409 295.559 21.6444 303.207 0 620.275 0.044217
657 3.51035 295.557 21.68 303.207 0 620.126 0.0441844
658 3.50661 295.556 21.7156 303.208 0 619.977 0.0441523
659 3.50287 295.554 21.7512 303.209 0 619.829 0.0441206
660 3.49914 295.553 21.7868 303.209 0 619.68 0.0440891
661 3.49541 295.551 21.8224 303.21 0 619.532 0.0440577
662 3.49168 295.55 21.858 303.211 0 619.384 0.0440261
663 3.48795 295.548 21.8937 303.212 0 619.236 0.0439942
664 3.48422 295.547 21.9293 303.212 0 619.088 0.043962
665 3.4805 295.546 21.965 303.213 0 618.941 0.0439292
666 3.47678 295.544 22.0007 303.214 0 618.793 0.0438958
667 3.47307 295.543 22.0364 303.214 0 618.646 0.0438617
668 3.46935 295.542 22.0721 303.215 0 618.499 0.0438268
669 3.46564 295.54 22.1078 303.216 0 618.353 0.043791
670 3.46193 295.539 22.1435 303.216 0 618.206 0.0437542
671 3.45822 295.538 22.1792 303.217 0 618.06 0.0437165
672 3.45452 295.536 22.2149 303.218 0 617.914 0.0436779
673 3.45081 295.535 22.2507 303.218 0 617.768 0.0436383
674 3.44711 295.534 22.2865 303.219 0 617.622 0.0435978
675 3.44342 295.532 22.3222 303.22 0 617.477 0.0435565
676 3.43972 295.531 22.358 303.22 0 617.331 0.0435144
677 3.43603 295.53 22.3938 303.221 0 617.186 0.0434717
678 3.43234 295.529 22.4296 303.222 0 617.041 0.0434285
679 3.42865 295.528 22.4654 303.222 0 616.897 0.0433848
680 3.42497 295.526 22.5013 303.223 0 616.752 0.0433408
681 3.42129 295.525 22.5371 303.224 0 616.608 0.0432967
682 3.41761 295.524 22.573 303.225 0 616.463 0.0432525
683 3.41393 295.523 22.6088 303.225 0 616.32 0.0432083
684 3.41025 295.522 22.6447 303.226 0 616.176 0.0431643
685 3.40658 295.521 22.6806 303.227 0 616.032 0.0431207
686 3.40291 295.52 22.7165 303.227 0 615.889 0.0430775
687 3.39924 295.518 22.7524 303.228 0 615.745 0.0430349
688 3.39558 295.517 22.7883 303.229 0 615.602 0.042993
689 3.39191 295.516 22.8242 303.229 0 615.46 0.0429518
690 3.38825 295.515 22.8601 303.23 0 615.317 0.0429114
691 3.3846 295.514 22.8961 303.231 0 615.174 0.0428719
692 3.38094 295.513 22.932 303.232 0 615.032 0.0428332
693 3.37729 295.512 22.968 303.232 0 614.89 0.0427953
694 3.37364 295.511 23.0039 303.233 0 614.748 0.0427583
695 3.36999 295.51 23.0399 303.234 0 614.606 0.0427221
696 3.36634 295.509 23.0759 303.235 0 614.465 0.0426866
697 3.3627 295.508 23.1119 303.235 0 614.324 0.0426517
698 3.35906 295.507 23.1479 303.236 0 614.182 0.0426175
699 3.35542 295.506 23.184 303.237 0 614.041 0.0425837
700 3.35178 295.505 23.22 303.237 0 613.901 0.0425504
701 3.34815 295.504 23.256 303.238 0 613.76 0.0425172
702 3.34452 295.504 23.2921 303.239 0 613.62 0.0424842
703 3.34089 295.503 23.3282 303.24 0 613.479 0.0424512
704 3.33727 295.502 23.3642 303.24 0 613.339 0.042418
705 3.33364 295.501 23.4003 303.241 0 613.199 0.0423846
706 3.33002 295.5 23.4364 303.242 0 613.06 0.0423508
707 3.3264 295.499 23.4725 303.243 0 612.92 0.0423166
708 3.32279 295.498 23.5086 303.243 0 612.781 0.0422818
709 3.31917 295.498 23.5447 303.244 0 612.642 0.0422465
710 3.31556 295.497 23.5808 303.245 0 612.503 0.0422106
711 3.31195 295.496 23.617 303.246 0 612.364 0.0421741
712 3.30834 295.495 23.6531 303.246 0 612.225 0.0421369
713 3.30474 295.495 23.6893 303.247 0 612.087 0.042099
714 3.30114 295.494 23.7254 303.248 0 611.949 0.0420605
715 3.29754 295.493 23.7616 303.249 0 611.811 0.0420214
716 3.29394 295.492 23.7978 303.249 0 611.673 0.0419817
717 3.29035 295.492 23.834 303.25 0 611.535 0.0419415
718 3.28676 295.491 23.8702 303.251 0 611.398 0.0419009
719 3.28317 295.49 23.9064 303.252 0 611.26 0.0418599
720 3.27958 295.49 23.9426 303.252 0 611.123 0.0418187
721 3.276 295.489 23.9788 303.253 0 610.986 0.0417772
722 3.27241 295.488 24.0151 303.254 0 610.849 0.0417357
723 3.26883 295.488 24.0513 303.255 0 610.713 0.0416941
724 3.26526 295.487 24.0876 303.256 0 610.576 0.0416525
725 3.26168 295.487 24.1238 303.256 0 610.44 0.0416111
726 3.25811 295.486 24.1601 303.257 0 610.304 0.0415698
727 3.25454 295.485 24.1964 303.258 0 610.168 0.0415288
728 3.25097 295.485 24.2326 303.259 0 610.033 0.0414881
729 3.24741 295.484 24.2689 303.259 0 609.897 0.0414478
730 3.24384 295.484 24.3052 303.26 0 609.762 0.0414079
731 3.24028 295.483 24.3416 303.261 0 609.627 0.0413684
732 3.23672 295.483 24.3779 303.262 0 609.492 0.0413295
733 3.23317 295.482 24.4142 303.263 0 609.357 0.0412911
734 3.22962 295.482 24.4505 303.263 0 609.222 0.0412531
735 3.22606 295.481 24.4869 303.264 0 609.088 0.0412157
736 3.22252 295.481 24.5232 303.265 0 608.953 0.0411787
737 3.21897 295.481 24.5596 303.266 0 608.819 0.0411422
738 3.21543 295.48 24.5959 303.266 0 608.685 0.0411062
739 3.21189 295.48 24.6323 303.267 0 608.551 0.0410705
740 3.20835 295.479 24.6687 303.268 0 608.418 0.0410352
741 3.20481 295.479 24.7051 303.269 0 608.284 0.0410002
742 3.20128 295.479 24.7415 303.27 0 608.151 0.0409655
743 3.19774 295.478 24.7779 303.27 0 608.018 0.0409309
744 3.19421 295.478 24.8143 303.271 0 607.885 0.0408965
745 3.19069 295.478 24.8507 303.272 0 607.752 0.040862
746 3.18716 295.477 24.8871 303.273 0 607.62 0.0408275
747 3.18364 295.477 24.9236 303.274 0 607.488 0.0407929
748 3.18012 295.477 24.96 303.274 0 607.355 0.0407581
749 3.1766 295.476 24.9964 303.275 0 607.223 0.0407231
750 3.17309 295.476 25.0329 303.276 0 607.091 0.0406878
751 3.16958 295.476 25.0694 303.277 0 606.96 0.0406522
752 3.16607 295.476 25.1058 303.278 0 606.828 0.0406162
753 3.16256 295.475 25.1423 303.279 0 606.697 0.0405799
754 3.15905 295.475 25.1788 303.279 0 606.566 0.0405431
755 3.15555 295.475 25.2153 303.28 0 606.435 0.040506
756 3.15205 295.475 25.2518 303.281 0 606.304 0.0404684
757 3.14855 295.475 25.2883 303.282 0 606.173 0.0404305
758 3.14506 295.474 25.3248 303.283 0 606.043 0.0403922
759 3.14156 295.474 25.3613 303.283 0 605.912 0.0403536
760 3.13807 295.474 25.3978 303.284 0 605.782 0.0403147
761 3.13458 295.474 25.4343 303.285 0 605.652 0.0402755
762 3.1311 295.474 25.4709 303.286 0 605.522 0.0402362
763 3.12761 295.474 25.5074 303.287 0 605.393 0.0401967
764 3.12413 295.474 25.5439 303.288 0 605.263 0.0401572
765 3.12065 295.474 25.5805 303.288 0 605.134 0.0401176
766 3.11718 295.474 25.617 303.289 0 605.005 0.040078
767 3.1137 295.474 25.6536 303.29 0 604.876 0.0400385
768 3.11023 295.474 25.6902 303.291 0 604.747 0.0399991
769 3.10676 295.474 25.7268 303.292 0 604.618 0.0399598
770 3.10329 295.474 25.7633 303.293 0 604.49 0.0399207
771 3.09983 295.474 25.7999 303.293 0 604.362 0.0398819
772 3.09636 295.474 25.8365 303.294 0 604.234 0.0398433
773 3.0929 295.474 25.8731 303.295 0 604.106 0.039805
774 3.08945 295.474 25.9097 303.296 0 603.978 0.039767
775 3.08599 295.474 25.9463 303.297 0 603.85 0.0397292
776 3.08254 295.474 25.9829 303.298 0 603.723 0.0396919
777 3.07909 295.474 26.0196 303.298 0 603.595 0.0396548
778 3.07564 295.474 26.0562 303.299 0 603.468 0.039618
779 3.07219 295.474 26.0928 303.3 0 603.341 0.0395816
780 3.06875 295.474 26.1295 303.301 0 603.214 0.0395454
781 3.06531 295.475 26.1661 303.302 0 603.088 0.0395096
782 3.06187 295.475 26.2028 303.303 0 602.961 0.039474
783 3.05843 295.475 26.2394 303.304 0 602.835 0.0394386
784 3.055 295.475 26.2761 303.304 0 602.709 0.0394035
785 3.05156 295.475 26.3127 303.305 0 602.583 0.0393686
786 3.04813 295.476 26.3494 303.306 0 602.457 0.0393338
787 3.04471 295.476 26.3861 303.307 0 602.331 0.039299
788 3.04128 295.476 26.4228 303.308 0 602.206 0.0392644
789 3.03786 295.476 26.4594 303.309 0 602.081 0.0392297
790 3.03444 295.477 26.4961 303.31 0 601.955 0.039195
791 3.03102 295.477 26.5328 303.31 0 601.83 0.0391602
792 3.0276 295.477 26.5695 303.311 0 601.706 0.0391253
793 3.02419 295.477 26.6062 303.312 0 601.581 0.0390902
794 3.02078 295.478 26.6429 303.313 0 601.456 0.0390549
795 3.01737 295.478 26.6796 303.314 0 601.332 0.0390194
796 3.01396 295.478 26.7164 303.315 0 601.208 0.0389836
797 3.01056 295.479 26.7531 303.316 0 601.084 0.0389476
798 3.00716 295.479 26.7898 303.317 0 600.96 0.0389113
799 3.00376 295.48 26.8265 303.317 0 600.836 0.0388747
800 3.00036 295.48 26.8633 303.318 0 600.713 0.0388378
801 2.99697 295.48 26.9 303.319 0 600.589 0.0388006
802 2.99357 295.481 26.9367 303.32 0 600.466 0.0387632
803 2.99018 295.481 26.9735 303.321 0 600.343 0.0387256
804 2.98679 295.482 27.0102 303.322 0 600.22 0.0386878
805 2.98341 295.482 27.047 303.323 0 600.097 0.0386498
806 2.98003 295.483 27.0837 303.324 0 599.975 0.0386118
807 2.97664 295.483 27.1205 303.324 0 599.852 0.0385736
808 2.97327 295.484 27.1573 303.325 0 599.73 0.0385355
809 2.96989 295.484 27.194 303.326 0 599.608 0.0384974
810 2.96652 295.485 27.2308 303.327 0 599.486 0.0384593
811 2.96314 295.485 27.2676 303.328 0 599.364 0.0384214
812 2.95977 295.486 27.3044 303.329 0 599.242 0.0383836
813 2.95641 295.486 27.3412 303.33 0 599.121 0.0383459
814 2.95304 295.487 27.3779 303.331 0 599 0.0383085
815 2.94968 295.488 27.4147 303.332 0 598.878 0.0382713
816 2.94632 295.488 27.4515 303.332 0 598.757 0.0382343
817 2.94296 295.489 27.4883 303.333 0 598.637 0.0381976
818 2.93961 295.489 27.5251 303.334 0 598.516 0.0381611
819 2.93625 295.49 27.5619 303.335 0 598.395 0.0381249
820 2.9329 295.491 27.5987 303.336 0 598.275 0.038089
821 2.92955 295.491 27.6356 303.337 0 598.155 0.0380533
822 2.92621 295.492 27.6724 303.338 0 598.035 0.0380178
823 2.92286 295.493 27.7092 303.339 0 597.915 0.0379825
824 2.91952 295.493 27.746 303.34 0 597.795 0.0379475
825 2.91618 295.494 27.7828 303.341 0 597.675 0.0379126
826 2.91284 295.495 27.8197 303.342 0 597.556 0.0378779
827 2.90951 295.496 27.8565 303.342 0 597.437 0.0378433
828 2.90617 295.496 27.8933 303.343 0 597.317 0.0378088
829 2.90284 295.497 27.9301 303.344 0 597.198 0.0377743
830 2.89952 295.498 27.967 303.345 0 597.08 0.0377399
831 2.89619 295.499 28.0038 303.346 0 596.961 0.0377055
832 2.89287 295.5 28.0407 303.347 0 596.842 0.0376711
833 2.88954 295.501 28.0775 303.348 0 596.724 0.0376365
834 2.88623 295.501 28.1144 303.349 0 596.606 0.0376019
835 2.88291 295.502 28.1512 303.35 0 596.488 0.0375672
836 2.87959 295.503 28.1881 303.351 0 596.37 0.0375324
837 2.87628 295.504 28.2249 303.352 0 596.252 0.0374974
838 2.87297 295.505 28.2618 303.353 0 596.134 0.0374622
839 2.86966 295.506 28.2986 303.353 0 596.017 0.0374268
840 2.86636 295.507 28.3355 303.354 0 595.9 0.0373912
841 2.86305 295.508 28.3723 303.355 0 595.782 0.0373554
842 2.85975 295.509 28.4092 303.356 0 595.665 0.0373194
843 2.85645 295.51 28.4461 303.357 0 595.548 0.0372832
844 2.85316 295.511 28.4829 303.358 0 595.432 0.0372469
845 2.84986 295.512 28.5198 303.359 0 595.315 0.0372104
846 2.84657 295.513 28.5567 303.36 0 595.199 0.0371737
847 2.84328 295.514 28.5936 303.361 0 595.083 0.037137
848 2.83999 295.515 28.6304 303.362 0 594.966 0.0371002
849 2.83671 295.516 28.6673 303.363 0 594.851 0.0370634
850 2.83343 295.517 28.7042 303.364 0 594.735 0.0370265
851 2.83014 295.518 28.7411 303.365 0 594.619 0.0369897
852 2.82687 295.519 28.778 303.366 0 594.504 0.036953
853 2.82359 295.52 28.8148 303.367 0 594.388 0.0369163
854 2.82032 295.521 28.8517 303.367 0 594.273 0.0368798
855 2.81704 295.522 28.8886 303.368 0 594.158 0.0368434
856 2.81377 295.523 28.9255 303.369 0 594.043 0.0368073
857 2.81051 295.524 28.9624 303.37 0 593.928 0.0367713
858 2.80724 295.526 28.9993 303.371 0 593.814 0.0367355
859 2.80398 295.527 29.0362 303.372 0 593.699 0.0366999
860 2.80072 295.528 29.0731 303.373 0 593.585 0.0366645
861 2.79746 295.529 29.11 303.374 0 593.471 0.0366294
862 2.7942 295.53 29.1468 303.375 0 593.357 0.0365944
863 2.79095 295.531 29.1837 303.376 0 593.243 0.0365596
864 2.7877 295.533 29.2206 303.377 0 593.129 0.0365251
865 2.78445 295.534 29.2575 303.378 0 593.016 0.0364906
866 2.7812 295.535 29.2944 303.379 0 592.902 0.0364564
867 2.77796 295.536 29.3313 303.38 0 592.789 0.0364222
868 2.77471 295.538 29.3682 303.381 0 592.676 0.0363882
869 2.77147 295.539 29.4051 303.382 0 592.563 0.0363542
870 2.76823 295.54 29.442 303.383 0 592.45 0.0363202
871 2.765 295.542 29.4789 303.384 0 592.337 0.0362863
872 2.76176 295.543 29.5158 303.385 0 592.225 0.0362524
873 2.75853 295.544 29.5527 303.386 0 592.112 0.0362185
874 2.7553 295.546 29.5896 303.387 0 592 0.0361845
875 2.75207 295.547 29.6265 303.388 0 591.888 0.0361505
876 2.74885 295.548 29.6634 303.389 0 591.776 0.0361164
877 2.74563 295.55 29.7004 303.389 0 591.664 0.0360822
878 2.74241 295.551 29.7373 303.39 0 591.552 0.036048
879 2.73919 295.553 29.7742 303.391 0 591.441 0.0360136
880 2.73597 295.554 29.8111 303.392 0 591.329 0.0359791
881 2.73276 295.556 29.848 303.393 0 591.218 0.0359444
882 2.72955 295.557 29.8849 303.394 0 591.107 0.0359097
883 2.72634 295.559 29.9218 303.395 0 590.996 0.0358748
884 2.72313 295.56 29.9587 303.396 0 590.885 0.0358398
885 2.71992 295.562 29.9956 303.397 0 590.774 0.0358047
886 2.71672 295.563 30.0325 303.398 0 590.664 0.0357695
887 2.71352 295.565 30.0694 303.399 0 590.554 0.0357342
888 2.71032 295.566 30.1063 303.4 0 590.443 0.0356989
889 2.70712 295.568 30.1432 303.401 0 590.333 0.0356634
890 2.70393 295.569 30.1801 303.402 0 590.223 0.035628
891 2.70074 295.571 30.217 303.403 0 590.113 0.0355925
892 2.69755 295.572 30.2539 303.404 0 590.004 0.035557
893 2.69436 295.574 30.2908 303.405 0 589.894 0.0355215
894 2.69117 295.576 30.3277 303.406 0 589.785 0.0354861
895 2.68799 295.577 30.3646 303.407 0 589.675 0.0354508
896 2.68481 295.579 30.4015 303.408 0 589.566 0.0354155
897 2.68163 295.581 30.4384 303.409 0 589.457 0.0353803
898 2.67845 295.582 30.4753 303.41 0 589.349 0.0353453
899 2.67528 295.584 30.5122 303.411 0 589.24 0.0353104
900 2.67211 295.586 30.5491 303.412 0 589.131 0.0352756
901 2.66894 295.587 30.586 303.413 0 589.023 0.035241
902 2.66577 295.589 30.6229 303.414 0 588.915 0.0352066
903 2.6626 295.591 30.6598 303.415 0 588.806 0.0351723
904 2.65944 295.592 30.6967 303.416 0 588.698 0.0351382
905 2.65628 295.594 30.7336 303.417 0 588.591 0.0351042
906 2.65312 295.596 30.7705 303.418 0 588.483 0.0350704
907 2.64996 295.598 30.8074 303.419 0 588.375 0.0350367
908 2.64681 295.599 30.8443 303.42 0 588.268 0.0350032
909 2.64365 295.601 30.8812 303.421 0 588.161 0.0349698
910 2.6405 295.603 30.9181 303.422 0 588.053 0.0349365
911 2.63735 295.605 30.9549 303.423 0 587.946 0.0349032
912 2.63421 295.607 30.9918 303.424 0 587.839 0.03487
913 2.63106 295.609 31.0287 303.425 0 587.733 0.0348369
914 2.62792 295.61 31.0656 303.426 0 587.626 0.0348037
915 2.62478 295.612 31.1025 303.427 0 587.52 0.0347706
916 2.62164 295.614 31.1394 303.428 0 587.413 0.0347374
917 2.61851 295.616 31.1762 303.429 0 587.307 0.0347042
918 2.61537 295.618 31.2131 303.43 0 587.201 0.034671
919 2.61224 295.62 31.25 303.431 0 587.095 0.0346376
920 2.60911 295.622 31.2869 303.432 0 586.989 0.0346042
921 2.60599 295.624 31.3237 303.433 0 586.884 0.0345707
922 2.60286 295.626 31.3606 303.434 0 586.778 0.0345371
923 2.59974 295.628 31.3975 303.435 0 586.673 0.0345034
924 2.59662 295.63 31.4343 303.436 0 586.567 0.0344696
925 2.5935 295.632 31.4712 303.437 0 586.462 0.0344357
926 2.59038 295.634 31.5081 303.438 0 586.357 0.0344017
927 2.58727 295.636 31.5449 303.439 0 586.252 0.0343676
928 2.58416 295.638 31.5818 303.44 0 586.148 0.0343335
929 2.58105 295.64 31.6187 303.441 0 586.043 0.0342993
930 2.57794 295.642 31.6555 303.442 0 585.939 0.0342651
931 2.57483 295.644 31.6924 303.443 0 585.834 0.0342309
932 2.57173 295.646 31.7292 303.444 0 585.73 0.0341966
933 2.56863 295.648 31.7661 303.445 0 585.626 0.0341624
934 2.56553 295.65 31.8029 303.446 0 585.522 0.0341282
935 2.56243 295.652 31.8398 303.447 0 585.419 0.034094
936 2.55934 295.655 31.8766 303.448 0 585.315 0.0340599
937 2.55625 295.657 31.9134 303.449 0 585.211 0.0340259
938 2.55316 295.659 31.9503 303.45 0 585.108 0.033992
939 2.55007 295.661 31.9871 303.451 0 585.005 0.0339582
940 2.54698 295.663 32.0239 303.452 0 584.902 0.0339244
941 2.5439 295.665 32.0608 303.453 0 584.799 0.0338909
942 2.54081 295.668 32.0976 303.454 0 584.696 0.0338574
943 2.53773 295.67 32.1344 303.455 0 584.593 0.033824
944 2.53466 295.672 32.1713 303.456 0 584.491 0.0337908
945 2.53158 295.674 32.2081 303.458 0 584.388 0.0337576
946 2.52851 295.677 32.2449 303.459 0 584.286 0.0337246
947 2.52544 295.679 32.2817 303.46 0 584.184 0.0336917
948 2.52237 295.681 32.3185 303.461 0 584.082 0.0336589
949 2.5193 295.683 32.3553 303.462 0 583.98 0.0336262
950 2.51623 295.686 32.3921 303.463 0 583.878 0.0335936
951 2.51317 295.688 32.4289 303.464 0 583.776 0.033561
952 2.51011 295.69 32.4657 303.465 0 583.675 0.0335285
953 2.50705 295.693 32.5025 303.466 0 583.573 0.033496
954 2.504 295.695 32.5393 303.467 0 583.472 0.0334636
955 2.50094 295.697 32.5761 303.468 0 583.371 0.0334312
956 2.49789 295.7 32.6129 303.469 0 583.27 0.0333988
957 2.49484 295.702 32.6497 303.47 0 583.169 0.0333665
958 2.49179 295.704 32.6865 303.471 0 583.068 0.0333341
959 2.48874 295.707 32.7233 303.472 0 582.968 0.0333017
960 2.4857 295.709 32.76 303.473 0 582.867 0.0332692
961 2.48266 295.712 32.7968 303.474 0 582.767 0.0332367
962 2.47962 295.714 32.8336 303.475 0 582.667 0.0332042
963 2.47658 295.717 32.8704 303.476 0 582.567 0.0331716
964 2.47354 295.719 32.9071 303.477 0 582.467 0.033139
965 2.47051 295.722 32.9439 303.478 0 582.367 0.0331062
966 2.46748 295.724 32.9806 303.479 0 582.267 0.0330735
967 2.46445 295.727 33.0174 303.48 0 582.168 0.0330406
968 2.46142 295.729 33.0541 303.481 0 582.068 0.0330077
969 2.4584 295.732 33.0909 303.482 0 581.969 0.0329747
970 2.45538 295.734 33.1276 303.483 0 581.87 0.0329417
971 2.45235 295.737 33.1644 303.485 0 581.771 0.0329087
972 2.44934 295.739 33.2011 303.486 0 581.672 0.0328756
973 2.44632 295.742 33.2378 303.487 0 581.573 0.0328426
974 2.4433 295.744 33.2746 303.488 0 581.474 0.0328095
975 2.44029 295.747 33.3113 303.489 0 581.376 0.0327764
976 2.43728 295.75 33.348 303.49 0 581.277 0.0327434
977 2.43427 295.752 33.3847 303.491 0 581.179 0.0327104
978 2.43127 295.755 33.4214 303.492 0 581.081 0.0326775
979 2.42826 295.757 33.4581 303.493 0 580.983 0.0326447
980 2.42526 295.76 33.4949 303.494 0 580.885 0.0326119
981 2.42226 295.763 33.5316 303.495 0 580.787 0.0325793
982 2.41926 295.765 33.5683 303.496 0 580.689 0.0325467
983 2.41627 295.768 33.6049 303.497 0 580.592 0.0325143
984 2.41327 295.771 33.6416 303.498 0 580.494 0.032482
985 2.41028 295.774 33.6783 303.499 0 580.397 0.0324497
986 2.40729 295.776 33.715 303.5 0 580.3 0.0324176
987 2.4043 295.779 33.7517 303.501 0 580.203 0.0323856
988 2.40132 295.782 33.7883 303.502 0 580.106 0.0323537
989 2.39834 295.785 33.825 303.503 0 580.009 0.0323219
990 2.39535 295.787 33.8617 303.505 0 579.913 0.0322902
991 2.39237 295.79 33.8983 303.506 0 579.816 0.0322585
992 2.3894 295.793 33.935 303.507 0 579.72 0.0322269
993 2.38642 295.796 33.9716 303.508 0 579.623 0.0321953
994 2.38345 295.798 34.0083 303.509 0 579.527 0.0321638
995 2.38048 295.801 34.0449 303.51 0 579.431 0.0321323
996 2.37751 295.804 34.0816 303.511 0 579.335 0.0321008
997 2.37454 295.807 34.1182 303.512 0 579.239 0.0320692
998 2.37158 295.81 34.1548 303.513 0 579.144 0.0320377
999 2.36861 295.813 34.1914 303.514 0 579.048 0.0320062
1000 2.36565 295.816 34.2281 303.515 0 578.953 0.0319746
2000 0.395093 300.079 63.2293 304.387 0 528.451 0.0129479
3000 0.341153 301.279 53.6426 305.131 0 536.531 0.016558
4000 0.577134 301.494 64.4888 304.929 0 525.832 0.0119531
5000 0.531163 299.606 59.8868 304.414 0 532.191 0.0148783
6000 0.468784 301.285 53.9284 304.892 0 536.739 0.0160407
7000 0.5899 301.125 60.9029 304.776 0 529.414 0.0132984
8000 0.512177 299.013 59.3502 304.379 0 533.541 0.0152126
9000 0.485476 301.495 56.806 304.94 0 533.148 0.0147954
10000 0.564831 301.353 61.8155 304.962 0 528.097 0.0131299
11000 0.580022 298.663 58.5116 304.108 0 535.368 0.0156589
12000 0.540625 300.173 60.1674 304.447 0 531.331 0.0142277
13000 0.501503 302.355 62.1606 305.334 0 526.669 0.0127904
14000 0.592462 300.103 55.8808 304.524 0 535.918 0.0157972
15000 0.548428 299.581 61.0815 304.354 0 531.079 0.0141621
16000 0.506342 302.439 59.248 305.201 0 529.708 0.0135374
17000 0.558761 300.204 55.9859 304.683 0 535.254 0.015676
18000 0.547037 299.841 63.0894 304.385 0 529.126 0.0134669
19000 0.533743 301.207 59.0254 304.864 0 531.124 0.0141048
20000 0.536669 300.467 56.5804 304.715 0 534.433 0.0155389
21000 0.563584 300.202 63.6334 304.423 0 528.399 0.0129512
22000 0.503047 300.721 59.7606 304.673 0 530.93 0.0142102
23000 0.581268 301.008 54.6219 304.943 0 536.117 0.0160239
24000 0.585739 299.921 62.1129 304.378 0 529.846 0.0134313
25000 0.534387 300.359 59.2681 304.572 0 532.099 0.0144601
