0
         0        31
         0         1
1
         0        37
         0         2
2
         0       119
         2         3
3
         0       120
         3         4
4
         0       353
         1         4
5
         1        32
         5         6
6
         1        39
         5         7
7
         1       121
         7         8
8
         1       122
         8         9
9
         1       354
         6         9
10
         2        33
        10        11
11
         2        41
        10        12
12
         2       123
        12        13
13
         2       124
        13        14
14
         2       355
        11        14
15
         3        34
        15        16
16
         3        43
        15        17
17
         3       125
        17        18
18
         3       126
        18        19
19
         3       356
        16        19
20
         4        35
        20        21
21
         4        45
        20        22
22
         4       117
        22        23
23
         4       118
        23        24
24
         4       352
        21        24
25
         5        36
        25        26
26
         5       127
        25        27
27
         5       128
        27        28
28
         5       358
        26        29
29
         5       359
        28        29
30
         6        38
        30        31
31
         6        47
        30        32
32
         6       129
        32        33
33
         6       360
        31        34
34
         6       361
        33        34
35
         7        40
        35        36
36
         7        48
        35        37
37
         7       130
        37        38
38
         7       362
        36        39
39
         7       363
        38        39
40
         8        42
        40        41
41
         8        49
        40        42
42
         8       131
        42        43
43
         8       364
        41        44
44
         8       365
        43        44
45
         9        44
        45        46
46
         9        50
        45        47
47
         9       357
        48        49
48
         9       366
        46        48
49
         9       367
        47        49
50
        10        46
        50        51
51
        10       368
        50        52
52
        10       369
        52        53
53
        10       370
        53        54
54
        10       371
        51        54
55
        11        31
        55        56
56
        11        71
        57        58
57
        11        91
        55        57
58
        11       293
        58        59
59
        11       313
        59        60
60
        11       353
        56        60
61
        12        32
        61        62
62
        12        72
        63        64
63
        12        92
        61        63
64
        12       294
        64        65
65
        12       314
        65        66
66
        12       354
        62        66
67
        13        33
        67        68
68
        13        73
        69        70
69
        13        93
        67        69
70
        13       295
        70        71
71
        13       315
        71        72
72
        13       355
        68        72
73
        14        34
        73        74
74
        14        74
        75        76
75
        14        94
        73        75
76
        14       296
        76        77
77
        14       316
        77        78
78
        14       356
        74        78
79
        15        35
        79        80
80
        15        75
        81        82
81
        15        95
        79        81
82
        15       292
        82        83
83
        15       312
        83        84
84
        15       352
        80        84
85
        16        36
        85        86
86
        16        76
        87        88
87
        16        96
        85        87
88
        16       298
        88        89
89
        16       318
        89        90
90
        16       358
        86        90
91
        17        31
        91        92
92
        17        37
        91        93
93
        17        77
        94        95
94
        17        91
        92        96
95
        17        97
        93        94
96
        17       192
        95        96
97
        18        38
        97        98
98
        18        78
        99       100
99
        18        98
        97        99
100
        18       300
       100       101
101
        18       320
       101       102
102
        18       360
        98       102
103
        19        32
       103       104
104
        19        39
       103       105
105
        19        79
       106       107
106
        19        92
       104       108
107
        19        99
       105       106
108
        19       193
       107       108
109
        20        40
       109       110
110
        20        80
       111       112
111
        20       100
       109       111
112
        20       302
       112       113
113
        20       322
       113       114
114
        20       362
       110       114
115
        21        33
       115       116
116
        21        41
       115       117
117
        21        81
       118       119
118
        21        93
       116       120
119
        21       101
       117       118
120
        21       194
       119       120
121
        22        42
       121       122
122
        22        82
       123       124
123
        22       102
       121       123
124
        22       304
       124       125
125
        22       324
       125       126
126
        22       364
       122       126
127
        23        34
       127       128
128
        23        43
       127       129
129
        23        83
       130       131
130
        23        94
       128       132
131
        23       103
       129       130
132
        23       195
       131       132
133
        24        44
       133       134
134
        24        84
       135       136
135
        24       104
       133       135
136
        24       306
       136       137
137
        24       326
       137       138
138
        24       366
       134       138
139
        25        35
       139       140
140
        25        45
       139       141
141
        25        85
       142       143
142
        25        95
       140       144
143
        25       105
       141       142
144
        25       196
       143       144
145
        26        46
       145       146
146
        26        86
       147       148
147
        26       106
       145       147
148
        26       308
       148       149
149
        26       328
       149       150
150
        26       368
       146       150
151
        27        38
       151       152
152
        27        47
       151       153
153
        27        87
       154       155
154
        27        98
       152       156
155
        27       107
       153       154
156
        27       199
       155       156
157
        28        40
       157       158
158
        28        48
       157       159
159
        28        88
       160       161
160
        28       100
       158       162
161
        28       108
       159       160
162
        28       201
       161       162
163
        29        42
       163       164
164
        29        49
       163       165
165
        29        89
       166       167
166
        29       102
       164       168
167
        29       109
       165       166
168
        29       203
       167       168
169
        30        44
       169       170
170
        30        50
       169       171
171
        30        90
       172       173
172
        30       104
       170       174
173
        30       110
       171       172
174
        30       205
       173       174
175
        31        37
         0        91
176
        31        91
        55        92
177
        31       353
         1        56
178
        32        39
         5       103
179
        32        92
        61       104
180
        32       354
         6        62
181
        33        41
        10       115
182
        33        93
        67       116
183
        33       355
        11        68
184
        34        43
        15       127
185
        34        94
        73       128
186
        34       356
        16        74
187
        35        45
        20       139
188
        35        95
        79       140
189
        35       352
        21        80
190
        36        96
        85       175
191
        36       127
        25       176
192
        36       227
       175       176
193
        36       358
        26        86
194
        37        97
        93       177
195
        37       119
         2       178
196
        37       219
       177       178
197
        38        47
        30       151
198
        38        98
        97       152
199
        38       360
        31        98
200
        39        99
       105       179
201
        39       121
         7       180
202
        39       221
       179       180
203
        40        48
        35       157
204
        40       100
       109       158
205
        40       362
        36       110
206
        41       101
       117       181
207
        41       123
        12       182
208
        41       223
       181       182
209
        42        49
        40       163
210
        42       102
       121       164
211
        42       364
        41       122
212
        43       103
       129       183
213
        43       125
        17       184
214
        43       225
       183       184
215
        44        50
        45       169
216
        44       104
       133       170
217
        44       366
        46       134
218
        45       105
       141       185
219
        45       117
        22       186
220
        45       217
       185       186
221
        46       106
       145       187
222
        46       351
       187       188
223
        46       368
        50       146
224
        46       371
        51       188
225
        47       107
       153       189
226
        47       129
        32       190
227
        47       229
       189       190
228
        48       108
       159       191
229
        48       130
        37       192
230
        48       230
       191       192
231
        49       109
       165       193
232
        49       131
        42       194
233
        49       231
       193       194
234
        50       110
       171       195
235
        50       347
       195       196
236
        50       367
        47       196
237
        51        71
       197       198
238
        51       132
       199       200
239
        51       152
       197       199
240
        51       213
       200       201
241
        51       233
       201       202
242
        51       293
       198       202
243
        52        72
       203       204
244
        52       133
       205       206
245
        52       153
       203       205
246
        52       214
       206       207
247
        52       234
       207       208
248
        52       294
       204       208
249
        53        73
       209       210
250
        53       134
       211       212
251
        53       154
       209       211
252
        53       215
       212       213
253
        53       235
       213       214
254
        53       295
       210       214
255
        54        74
       215       216
256
        54       135
       217       218
257
        54       155
       215       217
258
        54       216
       218       219
259
        54       236
       219       220
260
        54       296
       216       220
261
        55        75
       221       222
262
        55       136
       223       224
263
        55       156
       221       223
264
        55       212
       224       225
265
        55       232
       225       226
266
        55       292
       222       226
267
        56        76
       227       228
268
        56       137
       229       230
269
        56       157
       227       229
270
        56       218
       230       231
271
        56       238
       231       232
272
        56       298
       228       232
273
        57        77
       233       234
274
        57       138
       235       236
275
        57       158
       233       235
276
        57       192
       234       237
277
        57       272
       237       238
278
        57       332
       236       238
279
        58        78
       239       240
280
        58       139
       241       242
281
        58       159
       239       241
282
        58       220
       242       243
283
        58       240
       243       244
284
        58       300
       240       244
285
        59        79
       245       246
286
        59       140
       247       248
287
        59       160
       245       247
288
        59       193
       246       249
289
        59       273
       249       250
290
        59       333
       248       250
291
        60        80
       251       252
292
        60       141
       253       254
293
        60       161
       251       253
294
        60       222
       254       255
295
        60       242
       255       256
296
        60       302
       252       256
297
        61        81
       257       258
298
        61       142
       259       260
299
        61       162
       257       259
300
        61       194
       258       261
301
        61       274
       261       262
302
        61       334
       260       262
303
        62        82
       263       264
304
        62       143
       265       266
305
        62       163
       263       265
306
        62       224
       266       267
307
        62       244
       267       268
308
        62       304
       264       268
309
        63        83
       269       270
310
        63       144
       271       272
311
        63       164
       269       271
312
        63       195
       270       273
313
        63       275
       273       274
314
        63       335
       272       274
315
        64        84
       275       276
316
        64       145
       277       278
317
        64       165
       275       277
318
        64       226
       278       279
319
        64       246
       279       280
320
        64       306
       276       280
321
        65        85
       281       282
322
        65       146
       283       284
323
        65       166
       281       283
324
        65       196
       282       285
325
        65       276
       285       286
326
        65       336
       284       286
327
        66        86
       287       288
328
        66       147
       289       290
329
        66       167
       287       289
330
        66       228
       290       291
331
        66       248
       291       292
332
        66       308
       288       292
333
        67        87
       293       294
334
        67       148
       295       296
335
        67       168
       293       295
336
        67       199
       294       297
337
        67       279
       297       298
338
        67       339
       296       298
339
        68        88
       299       300
340
        68       149
       301       302
341
        68       169
       299       301
342
        68       201
       300       303
343
        68       281
       303       304
344
        68       341
       302       304
345
        69        89
       305       306
346
        69       150
       307       308
347
        69       170
       305       307
348
        69       203
       306       309
349
        69       283
       309       310
350
        69       343
       308       310
351
        70        90
       311       312
352
        70       151
       313       314
353
        70       171
       311       313
354
        70       205
       312       315
355
        70       285
       315       316
356
        70       345
       314       316
357
        71        91
        57       317
358
        71       152
       197       318
359
        71       172
       317       318
360
        71       293
        58       198
361
        72        92
        63       319
362
        72       153
       203       320
363
        72       173
       319       320
364
        72       294
        64       204
365
        73        93
        69       321
366
        73       154
       209       322
367
        73       174
       321       322
368
        73       295
        70       210
369
        74        94
        75       323
370
        74       155
       215       324
371
        74       175
       323       324
372
        74       296
        76       216
373
        75        95
        81       325
374
        75       156
       221       326
375
        75       176
       325       326
376
        75       292
        82       222
377
        76        96
        87       327
378
        76       157
       227       328
379
        76       177
       327       328
380
        76       298
        88       228
381
        77        97
        94       329
382
        77       158
       233       330
383
        77       178
       329       330
384
        77       192
        95       234
385
        78        98
        99       331
386
        78       159
       239       332
387
        78       179
       331       332
388
        78       300
       100       240
389
        79        99
       106       333
390
        79       160
       245       334
391
        79       180
       333       334
392
        79       193
       107       246
393
        80       100
       111       335
394
        80       161
       251       336
395
        80       181
       335       336
396
        80       302
       112       252
397
        81       101
       118       337
398
        81       162
       257       338
399
        81       182
       337       338
400
        81       194
       119       258
401
        82       102
       123       339
402
        82       163
       263       340
403
        82       183
       339       340
404
        82       304
       124       264
405
        83       103
       130       341
406
        83       164
       269       342
407
        83       184
       341       342
408
        83       195
       131       270
409
        84       104
       135       343
410
        84       165
       275       344
411
        84       185
       343       344
412
        84       306
       136       276
413
        85       105
       142       345
414
        85       166
       281       346
415
        85       186
       345       346
416
        85       196
       143       282
417
        86       106
       147       347
418
        86       167
       287       348
419
        86       187
       347       348
420
        86       308
       148       288
421
        87       107
       154       349
422
        87       168
       293       350
423
        87       188
       349       350
424
        87       199
       155       294
425
        88       108
       160       351
426
        88       169
       299       352
427
        88       189
       351       352
428
        88       201
       161       300
429
        89       109
       166       353
430
        89       170
       305       354
431
        89       190
       353       354
432
        89       203
       167       306
433
        90       110
       172       355
434
        90       171
       311       356
435
        90       191
       355       356
436
        90       205
       173       312
437
        91       172
       317       357
438
        91       192
        96       357
439
        92       173
       319       358
440
        92       193
       108       358
441
        93       174
       321       359
442
        93       194
       120       359
443
        94       175
       323       360
444
        94       195
       132       360
445
        95       176
       325       361
446
        95       196
       144       361
447
        96       177
       327       362
448
        96       197
       362       363
449
        96       227
       175       363
450
        97       178
       329       364
451
        97       198
       364       365
452
        97       219
       177       365
453
        98       179
       331       366
454
        98       199
       156       366
455
        99       180
       333       367
456
        99       200
       367       368
457
        99       221
       179       368
458
       100       181
       335       369
459
       100       201
       162       369
460
       101       182
       337       370
461
       101       202
       370       371
462
       101       223
       181       371
463
       102       183
       339       372
464
       102       203
       168       372
465
       103       184
       341       373
466
       103       204
       373       374
467
       103       225
       183       374
468
       104       185
       343       375
469
       104       205
       174       375
470
       105       186
       345       376
471
       105       206
       376       377
472
       105       217
       185       377
473
       106       187
       347       378
474
       106       207
       378       379
475
       106       351
       187       379
476
       107       188
       349       380
477
       107       208
       380       381
478
       107       229
       189       381
479
       108       189
       351       382
480
       108       209
       382       383
481
       108       230
       191       383
482
       109       190
       353       384
483
       109       210
       384       385
484
       109       231
       193       385
485
       110       191
       355       386
486
       110       211
       386       387
487
       110       347
       195       387
488
       111       112
       388       389
489
       111       113
       388       390
490
       111       114
       390       391
491
       111       115
       391       392
492
       111       116
       389       392
493
       112       113
       388       393
494
       112       116
       389       394
495
       112       132
       395       396
496
       112       212
       394       395
497
       112       213
       393       396
498
       113       114
       390       397
499
       113       133
       398       399
500
       113       213
       393       398
501
       113       214
       397       399
502
       114       115
       391       400
503
       114       134
       401       402
504
       114       214
       397       401
505
       114       215
       400       402
506
       115       116
       392       403
507
       115       135
       404       405
508
       115       215
       400       404
509
       115       216
       403       405
510
       116       136
       406       407
511
       116       212
       394       406
512
       116       216
       403       407
513
       117       118
        23       408
514
       117       137
       409       410
515
       117       217
       186       409
516
       117       218
       408       410
517
       118       138
       411       412
518
       118       218
       408       411
519
       118       332
       412       413
520
       118       352
        24       413
521
       119       120
         3       414
522
       119       139
       415       416
523
       119       219
       178       415
524
       119       220
       414       416
525
       120       140
       417       418
526
       120       220
       414       417
527
       120       333
       418       419
528
       120       353
         4       419
529
       121       122
         8       420
530
       121       141
       421       422
531
       121       221
       180       421
532
       121       222
       420       422
533
       122       142
       423       424
534
       122       222
       420       423
535
       122       334
       424       425
536
       122       354
         9       425
537
       123       124
        13       426
538
       123       143
       427       428
539
       123       223
       182       427
540
       123       224
       426       428
541
       124       144
       429       430
542
       124       224
       426       429
543
       124       335
       430       431
544
       124       355
        14       431
545
       125       126
        18       432
546
       125       145
       433       434
547
       125       225
       184       433
548
       125       226
       432       434
549
       126       146
       435       436
550
       126       226
       432       435
551
       126       336
       436       437
552
       126       356
        19       437
553
       127       128
        27       438
554
       127       147
       439       440
555
       127       227
       176       439
556
       127       228
       438       440
557
       128       148
       441       442
558
       128       228
       438       441
559
       128       339
       442       443
560
       128       359
        28       443
561
       129       149
       444       445
562
       129       229
       190       444
563
       129       341
       445       446
564
       129       361
        33       446
565
       130       150
       447       448
566
       130       230
       192       447
567
       130       343
       448       449
568
       130       363
        38       449
569
       131       151
       450       451
570
       131       231
       194       450
571
       131       345
       451       452
572
       131       365
        43       452
573
       132       152
       199       453
574
       132       212
       395       454
575
       132       213
       200       396
576
       132       232
       453       454
577
       133       153
       205       455
578
       133       213
       398       456
579
       133       214
       206       399
580
       133       233
       455       456
581
       134       154
       211       457
582
       134       214
       401       458
583
       134       215
       212       402
584
       134       234
       457       458
585
       135       155
       217       459
586
       135       215
       404       460
587
       135       216
       218       405
588
       135       235
       459       460
589
       136       156
       223       461
590
       136       212
       224       406
591
       136       216
       407       462
592
       136       236
       461       462
593
       137       157
       229       463
594
       137       217
       409       464
595
       137       218
       230       410
596
       137       237
       463       464
597
       138       158
       235       465
598
       138       218
       411       466
599
       138       238
       465       466
600
       138       332
       236       412
601
       139       159
       241       467
602
       139       219
       415       468
603
       139       220
       242       416
604
       139       239
       467       468
605
       140       160
       247       469
606
       140       220
       417       470
607
       140       240
       469       470
608
       140       333
       248       418
609
       141       161
       253       471
610
       141       221
       421       472
611
       141       222
       254       422
612
       141       241
       471       472
613
       142       162
       259       473
614
       142       222
       423       474
615
       142       242
       473       474
616
       142       334
       260       424
617
       143       163
       265       475
618
       143       223
       427       476
619
       143       224
       266       428
620
       143       243
       475       476
621
       144       164
       271       477
622
       144       224
       429       478
623
       144       244
       477       478
624
       144       335
       272       430
625
       145       165
       277       479
626
       145       225
       433       480
627
       145       226
       278       434
628
       145       245
       479       480
629
       146       166
       283       481
630
       146       226
       435       482
631
       146       246
       481       482
632
       146       336
       284       436
633
       147       167
       289       483
634
       147       227
       439       484
635
       147       228
       290       440
636
       147       247
       483       484
637
       148       168
       295       485
638
       148       228
       441       486
639
       148       248
       485       486
640
       148       339
       296       442
641
       149       169
       301       487
642
       149       229
       444       488
643
       149       249
       487       488
644
       149       341
       302       445
645
       150       170
       307       489
646
       150       230
       447       490
647
       150       250
       489       490
648
       150       343
       308       448
649
       151       171
       313       491
650
       151       231
       450       492
651
       151       251
       491       492
652
       151       345
       314       451
653
       152       172
       318       493
654
       152       232
       453       494
655
       152       252
       493       494
656
       153       173
       320       495
657
       153       233
       455       496
658
       153       253
       495       496
659
       154       174
       322       497
660
       154       234
       457       498
661
       154       254
       497       498
662
       155       175
       324       499
663
       155       235
       459       500
664
       155       255
       499       500
665
       156       176
       326       501
666
       156       236
       461       502
667
       156       256
       501       502
668
       157       177
       328       503
669
       157       237
       463       504
670
       157       257
       503       504
671
       158       178
       330       505
672
       158       238
       465       506
673
       158       258
       505       506
674
       159       179
       332       507
675
       159       239
       467       508
676
       159       259
       507       508
677
       160       180
       334       509
678
       160       240
       469       510
679
       160       260
       509       510
680
       161       181
       336       511
681
       161       241
       471       512
682
       161       261
       511       512
683
       162       182
       338       513
684
       162       242
       473       514
685
       162       262
       513       514
686
       163       183
       340       515
687
       163       243
       475       516
688
       163       263
       515       516
689
       164       184
       342       517
690
       164       244
       477       518
691
       164       264
       517       518
692
       165       185
       344       519
693
       165       245
       479       520
694
       165       265
       519       520
695
       166       186
       346       521
696
       166       246
       481       522
697
       166       266
       521       522
698
       167       187
       348       523
699
       167       247
       483       524
700
       167       267
       523       524
701
       168       188
       350       525
702
       168       248
       485       526
703
       168       268
       525       526
704
       169       189
       352       527
705
       169       249
       487       528
706
       169       269
       527       528
707
       170       190
       354       529
708
       170       250
       489       530
709
       170       270
       529       530
710
       171       191
       356       531
711
       171       251
       491       532
712
       171       271
       531       532
713
       172       192
       357       533
714
       172       252
       493       534
715
       172       272
       533       534
716
       173       193
       358       535
717
       173       253
       495       536
718
       173       273
       535       536
719
       174       194
       359       537
720
       174       254
       497       538
721
       174       274
       537       538
722
       175       195
       360       539
723
       175       255
       499       540
724
       175       275
       539       540
725
       176       196
       361       541
726
       176       256
       501       542
727
       176       276
       541       542
728
       177       197
       362       543
729
       177       257
       503       544
730
       177       277
       543       544
731
       178       198
       364       545
732
       178       258
       505       546
733
       178       278
       545       546
734
       179       199
       366       547
735
       179       259
       507       548
736
       179       279
       547       548
737
       180       200
       367       549
738
       180       260
       509       550
739
       180       280
       549       550
740
       181       201
       369       551
741
       181       261
       511       552
742
       181       281
       551       552
743
       182       202
       370       553
744
       182       262
       513       554
745
       182       282
       553       554
746
       183       203
       372       555
747
       183       263
       515       556
748
       183       283
       555       556
749
       184       204
       373       557
750
       184       264
       517       558
751
       184       284
       557       558
752
       185       205
       375       559
753
       185       265
       519       560
754
       185       285
       559       560
755
       186       206
       376       561
756
       186       266
       521       562
757
       186       286
       561       562
758
       187       207
       378       563
759
       187       267
       523       564
760
       187       287
       563       564
761
       188       208
       380       565
762
       188       268
       525       566
763
       188       288
       565       566
764
       189       209
       382       567
765
       189       269
       527       568
766
       189       289
       567       568
767
       190       210
       384       569
768
       190       270
       529       570
769
       190       290
       569       570
770
       191       211
       386       571
771
       191       271
       531       572
772
       191       291
       571       572
773
       192       272
       237       533
774
       193       273
       249       535
775
       194       274
       261       537
776
       195       275
       273       539
777
       196       276
       285       541
778
       197       227
       363       573
779
       197       247
       573       574
780
       197       277
       543       575
781
       197       307
       574       575
782
       198       219
       365       576
783
       198       239
       576       577
784
       198       278
       545       578
785
       198       299
       577       578
786
       199       279
       297       547
787
       200       221
       368       579
788
       200       241
       579       580
789
       200       280
       549       581
790
       200       301
       580       581
791
       201       281
       303       551
792
       202       223
       371       582
793
       202       243
       582       583
794
       202       282
       553       584
795
       202       303
       583       584
796
       203       283
       309       555
797
       204       225
       374       585
798
       204       245
       585       586
799
       204       284
       557       587
800
       204       305
       586       587
801
       205       285
       315       559
802
       206       217
       377       588
803
       206       237
       588       589
804
       206       286
       561       590
805
       206       297
       589       590
806
       207       211
       591       592
807
       207       287
       563       591
808
       207       291
       592       593
809
       207       351
       379       593
810
       208       229
       381       594
811
       208       249
       594       595
812
       208       288
       565       596
813
       208       309
       595       596
814
       209       230
       383       597
815
       209       250
       597       598
816
       209       289
       567       599
817
       209       310
       598       599
818
       210       231
       385       600
819
       210       251
       600       601
820
       210       290
       569       602
821
       210       311
       601       602
822
       211       287
       591       603
823
       211       291
       571       592
824
       211       347
       387       603
825
       212       232
       225       454
826
       213       233
       201       456
827
       214       234
       207       458
828
       215       235
       213       460
829
       216       236
       219       462
830
       217       237
       464       588
831
       218       238
       231       466
832
       219       239
       468       576
833
       220       240
       243       470
834
       221       241
       472       579
835
       222       242
       255       474
836
       223       243
       476       582
837
       224       244
       267       478
838
       225       245
       480       585
839
       226       246
       279       482
840
       227       247
       484       573
841
       228       248
       291       486
842
       229       249
       488       594
843
       230       250
       490       597
844
       231       251
       492       600
845
       232       252
       494       604
846
       232       292
       226       604
847
       233       253
       496       605
848
       233       293
       202       605
849
       234       254
       498       606
850
       234       294
       208       606
851
       235       255
       500       607
852
       235       295
       214       607
853
       236       256
       502       608
854
       236       296
       220       608
855
       237       257
       504       609
856
       237       297
       589       609
857
       238       258
       506       610
858
       238       298
       232       610
859
       239       259
       508       611
860
       239       299
       577       611
861
       240       260
       510       612
862
       240       300
       244       612
863
       241       261
       512       613
864
       241       301
       580       613
865
       242       262
       514       614
866
       242       302
       256       614
867
       243       263
       516       615
868
       243       303
       583       615
869
       244       264
       518       616
870
       244       304
       268       616
871
       245       265
       520       617
872
       245       305
       586       617
873
       246       266
       522       618
874
       246       306
       280       618
875
       247       267
       524       619
876
       247       307
       574       619
877
       248       268
       526       620
878
       248       308
       292       620
879
       249       269
       528       621
880
       249       309
       595       621
881
       250       270
       530       622
882
       250       310
       598       622
883
       251       271
       532       623
884
       251       311
       601       623
885
       252       272
       534       624
886
       252       292
       604       625
887
       252       312
       624       625
888
       253       273
       536       626
889
       253       293
       605       627
890
       253       313
       626       627
891
       254       274
       538       628
892
       254       294
       606       629
893
       254       314
       628       629
894
       255       275
       540       630
895
       255       295
       607       631
896
       255       315
       630       631
897
       256       276
       542       632
898
       256       296
       608       633
899
       256       316
       632       633
900
       257       277
       544       634
901
       257       297
       609       635
902
       257       317
       634       635
903
       258       278
       546       636
904
       258       298
       610       637
905
       258       318
       636       637
906
       259       279
       548       638
907
       259       299
       611       639
908
       259       319
       638       639
909
       260       280
       550       640
910
       260       300
       612       641
911
       260       320
       640       641
912
       261       281
       552       642
913
       261       301
       613       643
914
       261       321
       642       643
915
       262       282
       554       644
916
       262       302
       614       645
917
       262       322
       644       645
918
       263       283
       556       646
919
       263       303
       615       647
920
       263       323
       646       647
921
       264       284
       558       648
922
       264       304
       616       649
923
       264       324
       648       649
924
       265       285
       560       650
925
       265       305
       617       651
926
       265       325
       650       651
927
       266       286
       562       652
928
       266       306
       618       653
929
       266       326
       652       653
930
       267       287
       564       654
931
       267       307
       619       655
932
       267       327
       654       655
933
       268       288
       566       656
934
       268       308
       620       657
935
       268       328
       656       657
936
       269       289
       568       658
937
       269       309
       621       659
938
       269       329
       658       659
939
       270       290
       570       660
940
       270       310
       622       661
941
       270       330
       660       661
942
       271       291
       572       662
943
       271       311
       623       663
944
       271       331
       662       663
945
       272       312
       624       664
946
       272       332
       238       664
947
       273       313
       626       665
948
       273       333
       250       665
949
       274       314
       628       666
950
       274       334
       262       666
951
       275       315
       630       667
952
       275       335
       274       667
953
       276       316
       632       668
954
       276       336
       286       668
955
       277       307
       575       669
956
       277       317
       634       670
957
       277       337
       669       670
958
       278       299
       578       671
959
       278       318
       636       672
960
       278       338
       671       672
961
       279       319
       638       673
962
       279       339
       298       673
963
       280       301
       581       674
964
       280       320
       640       675
965
       280       340
       674       675
966
       281       321
       642       676
967
       281       341
       304       676
968
       282       303
       584       677
969
       282       322
       644       678
970
       282       342
       677       678
971
       283       323
       646       679
972
       283       343
       310       679
973
       284       305
       587       680
974
       284       324
       648       681
975
       284       344
       680       681
976
       285       325
       650       682
977
       285       345
       316       682
978
       286       297
       590       683
979
       286       326
       652       684
980
       286       346
       683       684
981
       287       327
       654       685
982
       287       347
       603       685
983
       288       309
       596       686
984
       288       328
       656       687
985
       288       348
       686       687
986
       289       310
       599       688
987
       289       329
       658       689
988
       289       349
       688       689
989
       290       311
       602       690
990
       290       330
       660       691
991
       290       350
       690       691
992
       291       331
       662       692
993
       291       351
       593       692
994
       292       312
        83       625
995
       293       313
        59       627
996
       294       314
        65       629
997
       295       315
        71       631
998
       296       316
        77       633
999
       297       317
       635       693
1000
       297       346
       683       693
1001
       298       318
        89       637
1002
       299       319
       639       694
1003
       299       338
       671       694
1004
       300       320
       101       641
1005
       301       321
       643       695
1006
       301       340
       674       695
1007
       302       322
       113       645
1008
       303       323
       647       696
1009
       303       342
       677       696
1010
       304       324
       125       649
1011
       305       325
       651       697
1012
       305       344
       680       697
1013
       306       326
       137       653
1014
       307       327
       655       698
1015
       307       337
       669       698
1016
       308       328
       149       657
1017
       309       329
       659       699
1018
       309       348
       686       699
1019
       310       330
       661       700
1020
       310       349
       688       700
1021
       311       331
       663       701
1022
       311       350
       690       701
1023
       312       332
       664       702
1024
       312       352
        84       702
1025
       313       333
       665       703
1026
       313       353
        60       703
1027
       314       334
       666       704
1028
       314       354
        66       704
1029
       315       335
       667       705
1030
       315       355
        72       705
1031
       316       336
       668       706
1032
       316       356
        78       706
1033
       317       337
       670       707
1034
       317       346
       693       708
1035
       317       357
       707       708
1036
       318       338
       672       709
1037
       318       358
        90       709
1038
       319       338
       694       710
1039
       319       339
       673       711
1040
       319       359
       710       711
1041
       320       340
       675       712
1042
       320       360
       102       712
1043
       321       340
       695       713
1044
       321       341
       676       714
1045
       321       361
       713       714
1046
       322       342
       678       715
1047
       322       362
       114       715
1048
       323       342
       696       716
1049
       323       343
       679       717
1050
       323       363
       716       717
1051
       324       344
       681       718
1052
       324       364
       126       718
1053
       325       344
       697       719
1054
       325       345
       682       720
1055
       325       365
       719       720
1056
       326       346
       684       721
1057
       326       366
       138       721
1058
       327       337
       698       722
1059
       327       347
       685       723
1060
       327       367
       722       723
1061
       328       348
       687       724
1062
       328       368
       150       724
1063
       329       348
       699       725
1064
       329       349
       689       726
1065
       329       369
       725       726
1066
       330       349
       700       727
1067
       330       350
       691       728
1068
       330       370
       727       728
1069
       331       350
       701       729
1070
       331       351
       692       730
1071
       331       371
       729       730
1072
       332       352
       413       702
1073
       333       353
       419       703
1074
       334       354
       425       704
1075
       335       355
       431       705
1076
       336       356
       437       706
1077
       337       357
       707       731
1078
       337       367
       722       731
1079
       338       358
       709       732
1080
       338       359
       710       732
1081
       339       359
       443       711
1082
       340       360
       712       733
1083
       340       361
       713       733
1084
       341       361
       446       714
1085
       342       362
       715       734
1086
       342       363
       716       734
1087
       343       363
       449       717
1088
       344       364
       718       735
1089
       344       365
       719       735
1090
       345       365
       452       720
1091
       346       357
       708       736
1092
       346       366
       721       736
1093
       347       367
       196       723
1094
       348       368
       724       737
1095
       348       369
       725       737
1096
       349       369
       726       738
1097
       349       370
       727       738
1098
       350       370
       728       739
1099
       350       371
       729       739
1100
       351       371
       188       730
1101
       357       366
        48       736
1102
       357       367
        49       731
1103
       358       359
        29       732
1104
       360       361
        34       733
1105
       362       363
        39       734
1106
       364       365
        44       735
1107
       368       369
        52       737
1108
       369       370
        53       738
1109
       370       371
        54       739
