1    0.000114406
2    0.000443501
3    0.000947187
4     0.00156584
5     0.00222996
6     0.00287153
7     0.00343507
8     0.00388657
9     0.00421868
10     0.00445092
11     0.00462527
12     0.00479747
13     0.00502618
14     0.00536168
15     0.00583639
16     0.00645884
17      0.0072122
18     0.00805756
19     0.00894125
20     0.00980486
21       0.010596
22      0.0112776
23      0.0118341
24      0.0122732
25      0.0126225
26       0.012923
27      0.0132195
28      0.0135506
29      0.0139407
30      0.0143948
31      0.0148976
32       0.015417
33        0.01591
34       0.016332
35      0.0166453
36      0.0168262
37      0.0168691
38      0.0167869
39      0.0166077
40      0.0163687
41      0.0161086
42      0.0158608
43      0.0156474
44      0.0154763
45      0.0153416
46      0.0152263
47      0.0151066
48      0.0149584
49      0.0147618
50      0.0145055
51      0.0141892
52      0.0138229
53      0.0134254
54      0.0130204
55      0.0126328
56      0.0122845
57      0.0119915
58      0.0117614
59      0.0115939
60      0.0114808
61      0.0114086
62      0.0113612
63      0.0113226
64      0.0112796
65      0.0112237
66      0.0111517
67      0.0110661
68      0.0109738
69      0.0108843
70      0.0108078
71      0.0107533
72      0.0107269
73      0.0107307
74      0.0107632
75      0.0108191
76      0.0108907
77      0.0109694
78       0.011047
79      0.0111171
80      0.0111756
81      0.0112212
82      0.0112551
83      0.0112804
84      0.0113009
85      0.0113202
86      0.0113412
87      0.0113648
88      0.0113907
89      0.0114169
90      0.0114405
91      0.0114586
92      0.0114684
93      0.0114684
94      0.0114582
95      0.0114386
96      0.0114116
97      0.0113795
98       0.011345
99      0.0113101
100      0.0112763
101      0.0112442
102      0.0112136
103      0.0111836
104      0.0111533
105      0.0111218
106      0.0110883
107      0.0110528
108      0.0110155
109      0.0109771
110      0.0109387
111       0.010901
112       0.010865
113       0.010831
114      0.0107993
115      0.0107697
116      0.0107421
117      0.0107162
118      0.0106916
119      0.0106684
120      0.0106465
121      0.0106262
122      0.0106076
123       0.010591
124      0.0105766
125      0.0105645
126      0.0105546
127      0.0105468
128      0.0105411
129      0.0105372
130      0.0105352
131      0.0105351
132      0.0105368
133      0.0105405
134      0.0105462
135      0.0105541
136      0.0105641
137      0.0105762
138      0.0105903
139      0.0106062
140      0.0106238
141      0.0106428
142      0.0106631
143      0.0106842
144       0.010706
145      0.0107282
146      0.0107503
147      0.0107722
148      0.0107937
149      0.0108146
150      0.0108351
151      0.0108551
152      0.0108748
153      0.0108944
154      0.0109139
155      0.0109334
156      0.0109526
157      0.0109715
158      0.0109897
159      0.0110071
160      0.0110235
161      0.0110387
162      0.0110526
163      0.0110654
164      0.0110769
165      0.0110873
166      0.0110965
167      0.0111046
168      0.0111115
169      0.0111173
170      0.0111219
171      0.0111256
172      0.0111286
173      0.0111309
174      0.0111329
175      0.0111344
176      0.0111356
177      0.0111362
178       0.011136
179      0.0111347
180      0.0111322
181      0.0111283
182      0.0111233
183      0.0111173
184      0.0111106
185      0.0111037
186      0.0110967
187      0.0110899
188      0.0110832
189      0.0110765
190      0.0110696
191      0.0110622
192      0.0110542
193      0.0110455
194       0.011036
195       0.011026
196      0.0110156
197      0.0110048
198      0.0109939
199      0.0109829
200      0.0109719
201      0.0109609
202        0.01095
203      0.0109392
204      0.0109286
205      0.0109182
206       0.010908
207      0.0108978
208      0.0108876
209      0.0108773
210      0.0108668
211      0.0108561
212      0.0108453
213      0.0108345
214      0.0108238
215      0.0108135
216      0.0108034
217      0.0107937
218      0.0107842
219      0.0107749
220      0.0107657
221      0.0107564
222      0.0107471
223      0.0107378
224      0.0107284
225       0.010719
226      0.0107095
227      0.0107001
228      0.0106907
229      0.0106813
230       0.010672
231      0.0106627
232      0.0106536
233      0.0106447
234      0.0106358
235       0.010627
236      0.0106181
237      0.0106092
238      0.0106002
239      0.0105912
240      0.0105821
241      0.0105731
242      0.0105642
243      0.0105554
244      0.0105466
245       0.010538
246      0.0105293
247      0.0105205
248      0.0105117
249      0.0105029
250       0.010494
251      0.0104852
252      0.0104764
253      0.0104676
254      0.0104587
255      0.0104499
256       0.010441
257       0.010432
258      0.0104231
259      0.0104142
260      0.0104053
261      0.0103964
262      0.0103875
263      0.0103785
264      0.0103694
265      0.0103603
266      0.0103511
267      0.0103419
268      0.0103327
269      0.0103236
270      0.0103145
271      0.0103053
272      0.0102962
273      0.0102871
274      0.0102779
275      0.0102688
276      0.0102596
277      0.0102505
278      0.0102413
279       0.010232
280      0.0102227
281      0.0102133
282      0.0102039
283      0.0101945
284      0.0101852
285       0.010176
286      0.0101668
287      0.0101577
288      0.0101485
289      0.0101393
290      0.0101301
291      0.0101209
292      0.0101116
293      0.0101024
294      0.0100931
295      0.0100838
296      0.0100745
297      0.0100652
298      0.0100559
299      0.0100467
300      0.0100374
301      0.0100282
302       0.010019
303      0.0100097
304      0.0100005
305     0.00999119
306     0.00998193
307     0.00997267
308     0.00996344
309     0.00995421
310     0.00994499
311     0.00993574
312     0.00992648
313     0.00991722
314     0.00990796
315     0.00989872
316     0.00988951
317     0.00988033
318     0.00987115
319     0.00986198
320     0.00985281
321     0.00984363
322     0.00983447
323      0.0098253
324     0.00981614
325     0.00980698
326     0.00979781
327     0.00978863
328     0.00977946
329     0.00977031
330     0.00976117
331     0.00975204
332     0.00974292
333     0.00973379
334     0.00972464
335     0.00971548
336     0.00970632
337     0.00969716
338     0.00968801
339     0.00967888
340     0.00966974
341     0.00966062
342     0.00965149
343     0.00964238
344     0.00963327
345     0.00962418
346     0.00961509
347     0.00960599
348     0.00959687
349     0.00958776
350     0.00957864
351     0.00956953
352     0.00956043
353     0.00955135
354     0.00954227
355     0.00953319
356     0.00952412
357     0.00951506
358       0.009506
359     0.00949696
360     0.00948791
361     0.00947886
362      0.0094698
363     0.00946073
364     0.00945166
365      0.0094426
366     0.00943355
367      0.0094245
368     0.00941546
369     0.00940643
370     0.00939739
371     0.00938837
372     0.00937936
373     0.00937035
374     0.00936134
375     0.00935232
376      0.0093433
377     0.00933428
378     0.00932527
379     0.00931627
380     0.00930727
381     0.00929827
382     0.00928928
383     0.00928029
384      0.0092713
385     0.00926232
386     0.00925335
387     0.00924438
388     0.00923541
389     0.00922644
390     0.00921748
391     0.00920852
392     0.00919957
393     0.00919063
394     0.00918169
395     0.00917276
396     0.00916382
397     0.00915489
398     0.00914597
399     0.00913705
400     0.00912814
401     0.00911923
402     0.00911031
403     0.00910141
404      0.0090925
405     0.00908361
406     0.00907471
407     0.00906582
408     0.00905694
409     0.00904805
410     0.00903918
411     0.00903031
412     0.00902145
413      0.0090126
414     0.00900374
415     0.00899489
416     0.00898604
417     0.00897719
418     0.00896835
419     0.00895952
420     0.00895068
421     0.00894186
422     0.00893304
423     0.00892423
424     0.00891542
425     0.00890662
426     0.00889783
427     0.00888904
428     0.00888025
429     0.00887147
430     0.00886269
431     0.00885392
432     0.00884515
433     0.00883638
434     0.00882762
435     0.00881886
436     0.00881012
437     0.00880137
438     0.00879263
439      0.0087839
440     0.00877517
441     0.00876644
442     0.00875772
443     0.00874901
444      0.0087403
445     0.00873159
446     0.00872289
447      0.0087142
448     0.00870551
449     0.00869683
450     0.00868815
451     0.00867947
452      0.0086708
453     0.00866214
454     0.00865348
455     0.00864483
456     0.00863618
457     0.00862754
458      0.0086189
459     0.00861027
460     0.00860165
461     0.00859303
462     0.00858441
463      0.0085758
464     0.00856719
465      0.0085586
466        0.00855
467     0.00854142
468     0.00853283
469     0.00852425
470     0.00851568
471     0.00850712
472     0.00849855
473        0.00849
474     0.00848145
475      0.0084729
476     0.00846436
477     0.00845583
478      0.0084473
479     0.00843878
480     0.00843026
481     0.00842175
482     0.00841324
483     0.00840474
484     0.00839625
485     0.00838776
486     0.00837927
487      0.0083708
488     0.00836232
489     0.00835385
490     0.00834539
491     0.00833694
492     0.00832849
493     0.00832004
494     0.00831161
495     0.00830318
496     0.00829475
497     0.00828633
498     0.00827791
499      0.0082695
500      0.0082611
501      0.0082527
502     0.00824431
503     0.00823592
504     0.00822754
505     0.00821916
506     0.00821079
507     0.00820243
508     0.00819407
509     0.00818572
510     0.00817737
511     0.00816903
512     0.00816069
513     0.00815236
514     0.00814404
515     0.00813572
516     0.00812741
517     0.00811911
518     0.00811081
519     0.00810251
520     0.00809422
521     0.00808594
522     0.00807766
523     0.00806939
524     0.00806113
525     0.00805287
526     0.00804461
527     0.00803637
528     0.00802812
529     0.00801989
530     0.00801166
531     0.00800343
532     0.00799522
533     0.00798701
534      0.0079788
535      0.0079706
536      0.0079624
537     0.00795422
538     0.00794603
539     0.00793786
540     0.00792969
541     0.00792152
542     0.00791336
543     0.00790521
544     0.00789706
545     0.00788892
546     0.00788079
547     0.00787266
548     0.00786453
549     0.00785642
550     0.00784831
551      0.0078402
552      0.0078321
553     0.00782401
554     0.00781592
555     0.00780784
556     0.00779976
557     0.00779169
558     0.00778363
559     0.00777557
560     0.00776752
561     0.00775948
562     0.00775144
563      0.0077434
564     0.00773538
565     0.00772735
566     0.00771934
567     0.00771133
568     0.00770333
569     0.00769533
570     0.00768734
571     0.00767935
572     0.00767137
573      0.0076634
574     0.00765543
575     0.00764747
576     0.00763951
577     0.00763156
578     0.00762362
579     0.00761568
580     0.00760775
581     0.00759982
582      0.0075919
583     0.00758399
584     0.00757608
585     0.00756818
586     0.00756028
587     0.00755239
588     0.00754451
589     0.00753663
590     0.00752876
591     0.00752089
592     0.00751303
593     0.00750518
594     0.00749733
595     0.00748949
596     0.00748165
597     0.00747382
598     0.00746599
599     0.00745818
600     0.00745036
601     0.00744256
602     0.00743476
603     0.00742696
604     0.00741917
605     0.00741139
606     0.00740361
607     0.00739584
608     0.00738808
609     0.00738032
610     0.00737256
611     0.00736482
612     0.00735707
613     0.00734934
614     0.00734161
615     0.00733389
616     0.00732617
617     0.00731846
618     0.00731075
619     0.00730305
620     0.00729536
621     0.00728767
622     0.00727999
623     0.00727231
624     0.00726464
625     0.00725697
626     0.00724932
627     0.00724166
628     0.00723402
629     0.00722637
630     0.00721874
631     0.00721111
632     0.00720349
633     0.00719587
634     0.00718826
635     0.00718065
636     0.00717305
637     0.00716546
638     0.00715787
639     0.00715028
640     0.00714271
641     0.00713514
642     0.00712757
643     0.00712001
644     0.00711246
645     0.00710491
646     0.00709737
647     0.00708983
648      0.0070823
649     0.00707478
650     0.00706726
651     0.00705975
652     0.00705224
653     0.00704474
654     0.00703724
655     0.00702975
656     0.00702227
657     0.00701479
658     0.00700731
659     0.00699985
660     0.00699239
661     0.00698493
662     0.00697748
663     0.00697004
664      0.0069626
665     0.00695517
666     0.00694774
667     0.00694032
668      0.0069329
669     0.00692549
670     0.00691809
671     0.00691069
672      0.0069033
673     0.00689591
674     0.00688853
675     0.00688115
676     0.00687378
677     0.00686642
678     0.00685906
679     0.00685171
680     0.00684436
681     0.00683702
682     0.00682968
683     0.00682235
684     0.00681503
685     0.00680771
686     0.00680039
687     0.00679309
688     0.00678578
689     0.00677849
690      0.0067712
691     0.00676391
692     0.00675663
693     0.00674936
694     0.00674209
695     0.00673482
696     0.00672757
697     0.00672031
698     0.00671307
699     0.00670583
700     0.00669859
701     0.00669136
702     0.00668414
703     0.00667692
704      0.0066697
705      0.0066625
706     0.00665529
707      0.0066481
708      0.0066409
709     0.00663372
710     0.00662654
711     0.00661936
712     0.00661219
713     0.00660503
714     0.00659787
715     0.00659072
716     0.00658357
717     0.00657643
718     0.00656929
719     0.00656216
720     0.00655503
721     0.00654791
722      0.0065408
723     0.00653369
724     0.00652659
725     0.00651949
726     0.00651239
727     0.00650531
728     0.00649822
729     0.00649115
730     0.00648407
731     0.00647701
732     0.00646995
733     0.00646289
734     0.00645584
735     0.00644879
736     0.00644175
737     0.00643472
738     0.00642769
739     0.00642067
740     0.00641365
741     0.00640664
742     0.00639963
743     0.00639263
744     0.00638563
745     0.00637864
746     0.00637165
747     0.00636467
748     0.00635769
749     0.00635072
750     0.00634376
751      0.0063368
752     0.00632984
753     0.00632289
754     0.00631595
755     0.00630901
756     0.00630207
757     0.00629514
758     0.00628822
759      0.0062813
760     0.00627439
761     0.00626748
762     0.00626058
763     0.00625368
764     0.00624679
765      0.0062399
766     0.00623302
767     0.00622614
768     0.00621927
769      0.0062124
770     0.00620554
771     0.00619868
772     0.00619183
773     0.00618499
774     0.00617815
775     0.00617131
776     0.00616448
777     0.00615765
778     0.00615083
779     0.00614402
780     0.00613721
781      0.0061304
782      0.0061236
783     0.00611681
784     0.00611002
785     0.00610323
786     0.00609645
787     0.00608968
788     0.00608291
789     0.00607614
790     0.00606938
791     0.00606263
792     0.00605588
793     0.00604913
794     0.00604239
795     0.00603566
796     0.00602893
797     0.00602221
798     0.00601549
799     0.00600877
800     0.00600206
801     0.00599536
802     0.00598866
803     0.00598196
804     0.00597527
805     0.00596859
806     0.00596191
807     0.00595523
808     0.00594856
809      0.0059419
810     0.00593524
811     0.00592858
812     0.00592193
813     0.00591529
814     0.00590865
815     0.00590201
816     0.00589538
817     0.00588875
818     0.00588213
819     0.00587552
820     0.00586891
821      0.0058623
822      0.0058557
823      0.0058491
824     0.00584251
825     0.00583592
826     0.00582934
827     0.00582276
828     0.00581619
829     0.00580962
830     0.00580306
831      0.0057965
832     0.00578995
833      0.0057834
834     0.00577686
835     0.00577032
836     0.00576379
837     0.00575726
838     0.00575073
839     0.00574421
840      0.0057377
841     0.00573119
842     0.00572468
843     0.00571818
844     0.00571169
845      0.0057052
846     0.00569871
847     0.00569223
848     0.00568575
849     0.00567928
850     0.00567281
851     0.00566635
852     0.00565989
853     0.00565344
854     0.00564699
855     0.00564055
856     0.00563411
857     0.00562767
858     0.00562125
859     0.00561482
860      0.0056084
861     0.00560198
862     0.00559557
863     0.00558917
864     0.00558277
865     0.00557637
866     0.00556998
867     0.00556359
868     0.00555721
869     0.00555083
870     0.00554445
871     0.00553808
872     0.00553172
873     0.00552536
874       0.005519
875     0.00551265
876     0.00550631
877     0.00549997
878     0.00549363
879      0.0054873
880     0.00548097
881     0.00547465
882     0.00546833
883     0.00546201
884      0.0054557
885      0.0054494
886      0.0054431
887      0.0054368
888     0.00543051
889     0.00542422
890     0.00541794
891     0.00541166
892     0.00540539
893     0.00539912
894     0.00539286
895      0.0053866
896     0.00538034
897     0.00537409
898     0.00536785
899     0.00536161
900     0.00535537
901     0.00534914
902     0.00534291
903     0.00533668
904     0.00533046
905     0.00532425
906     0.00531804
907     0.00531183
908     0.00530563
909     0.00529944
910     0.00529324
911     0.00528706
912     0.00528087
913     0.00527469
914     0.00526852
915     0.00526235
916     0.00525618
917     0.00525002
918     0.00524386
919     0.00523771
920     0.00523156
921     0.00522542
922     0.00521928
923     0.00521314
924     0.00520701
925     0.00520089
926     0.00519477
927     0.00518865
928     0.00518254
929     0.00517643
930     0.00517032
931     0.00516422
932     0.00515813
933     0.00515204
934     0.00514595
935     0.00513987
936     0.00513379
937     0.00512772
938     0.00512165
939     0.00511558
940     0.00510952
941     0.00510346
942     0.00509741
943     0.00509136
944     0.00508532
945     0.00507928
946     0.00507325
947     0.00506721
948     0.00506119
949     0.00505517
950     0.00504915
951     0.00504314
952     0.00503713
953     0.00503112
954     0.00502512
955     0.00501912
956     0.00501313
957     0.00500714
958     0.00500116
959     0.00499518
960     0.00498921
961     0.00498324
962     0.00497727
963     0.00497131
964     0.00496535
965      0.0049594
966     0.00495345
967      0.0049475
968     0.00494156
969     0.00493562
970     0.00492969
971     0.00492376
972     0.00491784
973     0.00491192
974       0.004906
975     0.00490009
976     0.00489418
977     0.00488828
978     0.00488238
979     0.00487649
980      0.0048706
981     0.00486471
982     0.00485883
983     0.00485295
984     0.00484708
985     0.00484121
986     0.00483534
987     0.00482948
988     0.00482362
989     0.00481777
990     0.00481192
991     0.00480608
992     0.00480024
993      0.0047944
994     0.00478857
995     0.00478274
996     0.00477691
997     0.00477109
998     0.00476528
999     0.00475947
1000     0.00475366
2000    0.000814025
3000     0.00050918
4000    0.000931187
5000     0.00106689
6000    0.000863719
7000     0.00106821
8000    0.000902384
9000     0.00103027
10000    0.000943614
11000      0.0011329
12000     0.00103453
13000    0.000914885
14000     0.00105629
15000     0.00100575
16000     0.00100342
17000     0.00101533
18000    0.000987927
19000     0.00101556
20000     0.00101115
21000     0.00100336
22000    0.000986047
23000     0.00106679
24000    0.000948304
25000    0.000984301
