1    9.47181e-16
2     2.1291e-15
3    1.91132e-15
4    2.48464e-15
5    3.00122e-15
6    4.46921e-15
7    6.23645e-15
8     6.6526e-15
9    6.51493e-15
10     6.3741e-15
11    7.25935e-15
12    7.65173e-15
13    6.86715e-15
14    6.48863e-15
15    7.01426e-15
16     7.1115e-15
17    6.76876e-15
18    7.39062e-15
19    7.96205e-15
20    9.18899e-15
21    1.00899e-14
22    1.01856e-14
23    9.30177e-15
24    6.42165e-15
25     5.8377e-15
26    7.22013e-15
27    6.59355e-15
28    5.56111e-15
29    5.13976e-15
30    5.71475e-15
31    5.80871e-15
32    6.58301e-15
33     7.1833e-15
34    6.86072e-15
35    5.85111e-15
36    6.22792e-15
37    6.32686e-15
38    5.41752e-15
39    4.13109e-15
40    4.29309e-15
41    4.57674e-15
42    4.28194e-15
43    5.71416e-15
44    6.47648e-15
45    6.11438e-15
46    6.45671e-15
47    6.11785e-15
48    6.21097e-15
49    6.25105e-15
50    7.31777e-15
51    9.25624e-15
52    8.47166e-15
53    8.26193e-15
54    7.93794e-15
55    6.52025e-15
56    6.30343e-15
57    5.10271e-15
58    4.11914e-15
59    3.79228e-15
60    3.05924e-15
61    2.25237e-15
62    2.22277e-15
63    3.13772e-15
64     4.1277e-15
65    4.67866e-15
66    4.91864e-15
67    4.70499e-15
68    4.19224e-15
69    4.51714e-15
70    5.46033e-15
71    6.00776e-15
72    7.17711e-15
73    7.45692e-15
74    6.96881e-15
75    6.78958e-15
76    4.60345e-15
77    3.29735e-15
78     3.7116e-15
79    4.11154e-15
80    5.59465e-15
81    7.00877e-15
82    7.13458e-15
83    6.74142e-15
84    6.63708e-15
85    7.03696e-15
86    6.83252e-15
87    6.74008e-15
88    8.18239e-15
89    7.74284e-15
90    6.96333e-15
91    8.95322e-15
92     9.8136e-15
93    9.57648e-15
94    9.02379e-15
95    7.63042e-15
96    6.77641e-15
97    7.10602e-15
98    7.93455e-15
99    8.07553e-15
100    8.06745e-15
101    9.00594e-15
102    9.89637e-15
103    8.53313e-15
104    6.92699e-15
105    6.85882e-15
106    6.63288e-15
107    5.85537e-15
108    6.21912e-15
109    7.04685e-15
110    8.47882e-15
111     1.0451e-14
112    1.13768e-14
113    1.09806e-14
114    9.60209e-15
115    9.13275e-15
116    9.21641e-15
117    9.87719e-15
118    1.01748e-14
119    9.23847e-15
120     8.7928e-15
121    8.22599e-15
122    7.42414e-15
123    6.63532e-15
124    6.19534e-15
125    6.31584e-15
126    6.38888e-15
127    6.10303e-15
128     7.0354e-15
129    8.12304e-15
130     7.9519e-15
131    6.51199e-15
132    4.97798e-15
133    5.34778e-15
134    6.25953e-15
135     6.5797e-15
136    6.21381e-15
137    5.47505e-15
138    4.46373e-15
139    2.67112e-15
140    2.34817e-15
141    2.96349e-15
142    3.26184e-15
143    5.09101e-15
144    7.01497e-15
145    7.76267e-15
146    8.90275e-15
147    1.05947e-14
148    1.03395e-14
149    9.02346e-15
150    8.73291e-15
151    8.65214e-15
152    8.94147e-15
153    9.89289e-15
154    1.09156e-14
155    1.15421e-14
156    1.30674e-14
157    1.54122e-14
158    1.70258e-14
159    1.76412e-14
160    1.67098e-14
161    1.63125e-14
162    1.66326e-14
163    1.55621e-14
164    1.37215e-14
165    1.15694e-14
166    9.11234e-15
167    8.71305e-15
168     9.6654e-15
169    1.08988e-14
170    1.27609e-14
171    1.44412e-14
172     1.4648e-14
173    1.39609e-14
174    1.33147e-14
175     1.2286e-14
176    1.24968e-14
177    1.31727e-14
178    1.34051e-14
179     1.2751e-14
180     1.1383e-14
181    1.15296e-14
182    1.12169e-14
183    9.98032e-15
184    8.87299e-15
185    8.36558e-15
186    7.95245e-15
187    7.49807e-15
188    7.58583e-15
189    6.78714e-15
190    5.68631e-15
191    4.72685e-15
192    4.47503e-15
193    4.28655e-15
194    3.83424e-15
195     4.7486e-15
196      6.202e-15
197    6.75579e-15
198    7.19238e-15
199    8.01575e-15
200    8.74713e-15
201    8.72451e-15
202    7.41719e-15
203    6.62229e-15
204    6.70542e-15
205    7.87895e-15
206    8.78737e-15
207    9.17974e-15
208    9.02662e-15
209    1.01271e-14
210    1.07898e-14
211    1.01416e-14
212    9.93174e-15
213    9.38858e-15
214    8.66301e-15
215     9.6137e-15
216    1.08155e-14
217    1.20508e-14
218    1.34478e-14
219     1.3248e-14
220    1.26318e-14
221    1.20788e-14
222    1.27181e-14
223    1.37101e-14
224    1.28561e-14
225    1.14899e-14
226    1.18298e-14
227    1.26299e-14
228    1.31449e-14
229    1.30512e-14
230    1.30282e-14
231    1.22964e-14
232    1.16386e-14
233    1.15778e-14
234    1.14672e-14
235    9.89656e-15
236    8.23459e-15
237     7.7411e-15
238    7.04199e-15
239    7.20636e-15
240    6.86541e-15
241    6.45609e-15
242    5.76857e-15
243    6.14583e-15
244    6.67573e-15
245    6.15555e-15
246    5.79678e-15
247    6.03789e-15
248      6.817e-15
249    6.83695e-15
250    6.94808e-15
251    7.80353e-15
252    8.79587e-15
253    9.33586e-15
254    1.01199e-14
255    9.66736e-15
256    8.88166e-15
257    8.78039e-15
258    9.02463e-15
259    8.66805e-15
260    7.99314e-15
261    8.52761e-15
262    9.49564e-15
263    8.93057e-15
264    7.87314e-15
265     7.9929e-15
266    8.68497e-15
267    9.80711e-15
268    1.07839e-14
269    1.12357e-14
270      1.096e-14
271    9.76116e-15
272    8.53368e-15
273    8.69679e-15
274    8.35772e-15
275     7.1547e-15
276    6.69639e-15
277    6.94292e-15
278    7.43642e-15
279    8.36358e-15
280      9.091e-15
281    9.89395e-15
282    1.05751e-14
283     1.1138e-14
284    1.17135e-14
285    1.05539e-14
286     9.7697e-15
287    1.10965e-14
288    1.20648e-14
289    1.14058e-14
290    1.02413e-14
291    8.83565e-15
292    8.11318e-15
293    8.54531e-15
294    8.98447e-15
295    9.94906e-15
296     1.2231e-14
297    1.42627e-14
298    1.54015e-14
299    1.60118e-14
300    1.75713e-14
301    1.91867e-14
302    1.92083e-14
303    1.88853e-14
304    1.85213e-14
305    1.92245e-14
306    2.02431e-14
307    2.02656e-14
308    2.02919e-14
309    2.04041e-14
310    1.98957e-14
311    1.94908e-14
312    1.92035e-14
313    1.93357e-14
314    2.00137e-14
315    2.01009e-14
316    2.04503e-14
317    2.17497e-14
318    2.31213e-14
319    2.37145e-14
320    2.38126e-14
321    2.32125e-14
322    2.33177e-14
323    2.26355e-14
324    2.07783e-14
325    1.93493e-14
326    1.87436e-14
327    1.81891e-14
328    1.65146e-14
329    1.65372e-14
330    1.64184e-14
331    1.55093e-14
332    1.58174e-14
333    1.62945e-14
334    1.53068e-14
335    1.34907e-14
336     1.2367e-14
337    1.00456e-14
338     7.5429e-15
339     6.5788e-15
340    5.68435e-15
341    5.24796e-15
342    5.19074e-15
343    4.20383e-15
344    2.70297e-15
345    4.17257e-15
346    5.94682e-15
347    5.94099e-15
348    6.17416e-15
349    4.36329e-15
350    3.45811e-15
351    4.53979e-15
352    4.81548e-15
353    5.59084e-15
354    5.72641e-15
355    4.90555e-15
356    5.56926e-15
357    6.59963e-15
358     7.5608e-15
359    7.94173e-15
360    8.04488e-15
361    8.61866e-15
362    8.52476e-15
363    9.92609e-15
364     1.1811e-14
365    1.16544e-14
366    1.20929e-14
367    1.34119e-14
368     1.3384e-14
369    1.26704e-14
370     1.2353e-14
371    1.21895e-14
372    1.15495e-14
373    1.03472e-14
374    9.61206e-15
375    1.01191e-14
376    1.21701e-14
377    1.33731e-14
378    1.24377e-14
379    1.08496e-14
380    9.89225e-15
381    8.90596e-15
382     8.5462e-15
383    9.08501e-15
384    1.04825e-14
385     1.0392e-14
386    9.07111e-15
387    8.00993e-15
388    7.71717e-15
389    8.48481e-15
390    8.95663e-15
391    7.78548e-15
392    5.85634e-15
393    4.99001e-15
394    5.75115e-15
395    7.91343e-15
396    9.61847e-15
397    1.10386e-14
398    1.28421e-14
399    1.34624e-14
400    1.25714e-14
401    1.24406e-14
402    1.19345e-14
403    1.07102e-14
404    9.73883e-15
405     7.9377e-15
406    7.67824e-15
407    7.18155e-15
408    6.47688e-15
409    7.91638e-15
410    9.46208e-15
411    9.63225e-15
412    8.28522e-15
413    7.26368e-15
414    8.52564e-15
415    1.01544e-14
416    1.06491e-14
417    9.38782e-15
418    9.19607e-15
419    9.63784e-15
420    9.72436e-15
421    1.02768e-14
422     1.0564e-14
423    9.51279e-15
424    8.63373e-15
425    9.72133e-15
426     9.7651e-15
427    8.37496e-15
428    6.92641e-15
429    6.70865e-15
430    8.00186e-15
431    8.05933e-15
432    8.20517e-15
433    8.44203e-15
434    8.98042e-15
435    9.70498e-15
436    9.50108e-15
437    9.21629e-15
438    9.31179e-15
439     9.9707e-15
440    9.57256e-15
441     8.8733e-15
442    9.93773e-15
443    1.02902e-14
444    8.00764e-15
445    6.86666e-15
446    7.09033e-15
447    6.86509e-15
448    7.72442e-15
449    8.90467e-15
450    9.23512e-15
451    9.30023e-15
452    9.18189e-15
453    9.05667e-15
454    8.23467e-15
455    7.70981e-15
456    8.39535e-15
457    8.93733e-15
458    9.31089e-15
459    1.00366e-14
460    1.03974e-14
461    1.03245e-14
462    9.92457e-15
463     9.6876e-15
464    8.81062e-15
465    7.95271e-15
466    7.57585e-15
467    8.04387e-15
468     8.6845e-15
469    7.55193e-15
470    5.74799e-15
471    4.85123e-15
472    5.26269e-15
473      5.685e-15
474    3.84651e-15
475    3.33035e-15
476    4.40706e-15
477     6.1027e-15
478    6.21772e-15
479    4.97303e-15
480    3.56017e-15
481    3.18444e-15
482    3.88458e-15
483    3.17325e-15
484    3.58716e-15
485    4.13422e-15
486    5.44728e-15
487    5.73577e-15
488    5.81707e-15
489    6.03723e-15
490    6.59729e-15
491    7.33199e-15
492     7.5162e-15
493    7.94971e-15
494    9.33031e-15
495    9.36866e-15
496    7.25129e-15
497    6.77836e-15
498    6.98224e-15
499    7.76957e-15
500    9.48316e-15
501    9.18175e-15
502    8.21486e-15
503    8.27906e-15
504    7.54412e-15
505    5.93504e-15
506    5.18542e-15
507    5.51006e-15
508    5.88352e-15
509    6.03771e-15
510    6.70229e-15
511    6.04258e-15
512    5.22057e-15
513    5.67099e-15
514    6.08888e-15
515    5.42119e-15
516    3.55504e-15
517    3.43682e-15
518      4.265e-15
519    3.92969e-15
520    4.91151e-15
521    5.63432e-15
522    4.31613e-15
523     4.0232e-15
524    4.52468e-15
525       5.18e-15
526    6.77685e-15
527    8.11469e-15
528    7.26108e-15
529    6.02282e-15
530    4.84838e-15
531    4.83901e-15
532    6.77437e-15
533     8.3399e-15
534    8.74699e-15
535    8.91894e-15
536    8.62495e-15
537    7.21257e-15
538    6.14293e-15
539    6.25349e-15
540    6.48853e-15
541    6.79848e-15
542    7.71057e-15
543    7.77667e-15
544    8.25305e-15
545    8.35988e-15
546     7.5151e-15
547    5.88018e-15
548     5.0225e-15
549    6.70713e-15
550    8.50885e-15
551    7.80825e-15
552    5.89799e-15
553    5.27287e-15
554    4.76033e-15
555    4.16043e-15
556    3.71172e-15
557     3.1645e-15
558    2.52929e-15
559    1.39204e-15
560     2.3629e-15
561    2.70548e-15
562    1.78498e-15
563    1.73618e-15
564     1.4674e-15
565    2.45115e-16
566    2.53418e-15
567    3.04156e-15
568    3.45135e-15
569    4.49907e-15
570    4.27056e-15
571    3.48988e-15
572    3.85505e-15
573    4.70034e-15
574    5.98846e-15
575     7.4359e-15
576    8.46921e-15
577    1.03548e-14
578    1.12435e-14
579    1.18142e-14
580    1.23099e-14
581    1.25012e-14
582    1.30375e-14
583    1.38989e-14
584    1.47136e-14
585    1.46301e-14
586     1.5388e-14
587     1.5672e-14
588    1.57206e-14
589    1.54899e-14
590    1.37078e-14
591    1.32842e-14
592    1.36423e-14
593    1.35883e-14
594    1.37481e-14
595    1.32982e-14
596    1.26219e-14
597    1.30899e-14
598     1.4021e-14
599    1.43519e-14
600    1.41059e-14
601    1.31473e-14
602    1.28193e-14
603    1.15711e-14
604    1.12946e-14
605    1.22788e-14
606    1.20866e-14
607    1.17007e-14
608    1.09858e-14
609    9.93077e-15
610    9.40742e-15
611    8.69241e-15
612    7.79394e-15
613    6.40215e-15
614    5.08043e-15
615    4.55902e-15
616    4.41201e-15
617    3.80882e-15
618    2.36131e-15
619    1.23962e-15
620    1.88653e-15
621    3.60612e-15
622    4.25517e-15
623    5.76478e-15
624    5.29258e-15
625    4.35115e-15
626    3.47495e-15
627    3.27213e-15
628     4.5868e-15
629    5.15009e-15
630    4.44088e-15
631    2.81274e-15
632    2.41808e-15
633    2.39128e-15
634    2.41661e-15
635    3.61313e-15
636    4.94207e-15
637    6.31536e-15
638    6.93657e-15
639    6.42415e-15
640    6.59595e-15
641    6.55693e-15
642    6.37742e-15
643    6.72256e-15
644    7.75429e-15
645    8.39818e-15
646    8.55278e-15
647    9.17114e-15
648    1.08692e-14
649    1.17486e-14
650    1.13156e-14
651    1.08896e-14
652     1.1527e-14
653    1.28313e-14
654    1.34142e-14
655    1.34718e-14
656    1.38299e-14
657    1.34072e-14
658    1.20884e-14
659    1.12793e-14
660    1.01306e-14
661    9.42612e-15
662    9.41749e-15
663    9.44243e-15
664    9.15059e-15
665    9.62697e-15
666    1.01751e-14
667    1.00969e-14
668     1.0639e-14
669    1.18437e-14
670    1.10249e-14
671    1.00642e-14
672    1.12479e-14
673     1.1406e-14
674    1.22062e-14
675    1.39519e-14
676    1.48006e-14
677    1.52409e-14
678    1.62714e-14
679     1.8149e-14
680    1.98896e-14
681    2.05526e-14
682    1.99554e-14
683    1.86989e-14
684    1.72965e-14
685    1.62595e-14
686     1.6006e-14
687    1.43806e-14
688    1.39232e-14
689    1.58263e-14
690    1.68017e-14
691    1.71781e-14
692    1.73786e-14
693    1.65176e-14
694    1.58329e-14
695    1.45357e-14
696    1.23767e-14
697    1.13513e-14
698    1.11713e-14
699    1.12048e-14
700    1.14568e-14
701     1.1549e-14
702    1.12807e-14
703     1.0938e-14
704    1.02409e-14
705    1.13215e-14
706    1.18084e-14
707    1.21681e-14
708    1.33706e-14
709    1.26761e-14
710    1.15879e-14
711    1.10194e-14
712    1.00891e-14
713    1.01004e-14
714    1.00801e-14
715    1.01752e-14
716    1.08487e-14
717    1.06401e-14
718    1.10034e-14
719    1.21104e-14
720    1.24027e-14
721    1.18717e-14
722    1.12255e-14
723    1.14089e-14
724    1.17122e-14
725    1.19437e-14
726    1.16506e-14
727    1.20016e-14
728    1.30817e-14
729    1.27743e-14
730     1.1525e-14
731     1.1617e-14
732    1.22884e-14
733    1.18222e-14
734    1.03021e-14
735    9.08689e-15
736    1.03392e-14
737    1.27226e-14
738    1.25999e-14
739    1.03928e-14
740    8.10727e-15
741    6.62409e-15
742    7.08254e-15
743    7.74987e-15
744    7.83756e-15
745    6.82588e-15
746    6.20405e-15
747    7.24146e-15
748    8.38989e-15
749    1.04989e-14
750    1.08284e-14
751    8.37665e-15
752    6.40827e-15
753     6.5846e-15
754    7.85385e-15
755    8.12815e-15
756    8.79866e-15
757    9.47906e-15
758    1.00096e-14
759    9.68731e-15
760     1.0028e-14
761    1.13434e-14
762    1.28208e-14
763    1.40413e-14
764    1.41326e-14
765    1.50229e-14
766    1.71411e-14
767    1.87136e-14
768    1.99331e-14
769    1.97351e-14
770     2.0274e-14
771    2.12855e-14
772    2.02422e-14
773    1.85288e-14
774    1.71437e-14
775    1.67054e-14
776    1.59734e-14
777    1.62759e-14
778    1.65692e-14
779    1.54762e-14
780    1.59436e-14
781    1.78743e-14
782    1.82425e-14
783    1.78462e-14
784    1.97199e-14
785     2.1051e-14
786    2.25273e-14
787    2.49432e-14
788    2.61328e-14
789    2.50784e-14
790    2.37154e-14
791    2.33024e-14
792    2.20047e-14
793    2.20905e-14
794    2.28516e-14
795    2.23843e-14
796     2.2955e-14
797    2.24649e-14
798    2.11749e-14
799    2.12248e-14
800    2.12794e-14
801    2.26661e-14
802     2.4454e-14
803     2.3681e-14
804    2.33313e-14
805    2.42651e-14
806    2.42292e-14
807    2.33032e-14
808    2.24754e-14
809    2.17035e-14
810    2.07349e-14
811    1.94734e-14
812     1.8912e-14
813    1.97647e-14
814    2.01379e-14
815    2.07233e-14
816    2.04721e-14
817    2.03713e-14
818    2.05432e-14
819    1.98354e-14
820    1.89365e-14
821    1.86826e-14
822    1.74979e-14
823    1.53381e-14
824    1.42143e-14
825    1.44671e-14
826    1.47336e-14
827    1.26936e-14
828    9.78825e-15
829    9.21894e-15
830     9.4564e-15
831    9.48895e-15
832    9.04969e-15
833    8.56884e-15
834    7.99268e-15
835     7.9142e-15
836    8.59205e-15
837    7.89052e-15
838    6.73761e-15
839    6.28393e-15
840    6.06515e-15
841     4.6581e-15
842    6.03616e-15
843    8.54599e-15
844    9.29523e-15
845     1.0678e-14
846    1.24675e-14
847    1.40964e-14
848    1.50656e-14
849    1.49581e-14
850    1.57779e-14
851    1.59192e-14
852    1.41611e-14
853    1.45065e-14
854    1.48224e-14
855     1.4577e-14
856    1.55351e-14
857    1.75256e-14
858    1.88809e-14
859    2.00984e-14
860    2.17724e-14
861    2.21522e-14
862     2.3656e-14
863    2.46916e-14
864    2.42521e-14
865    2.58313e-14
866    2.81382e-14
867    2.82485e-14
868    2.87694e-14
869    3.02745e-14
870    3.07696e-14
871    3.10711e-14
872    2.98338e-14
873    2.82982e-14
874     2.8846e-14
875    2.98546e-14
876    3.03135e-14
877     2.9762e-14
878     2.9298e-14
879    2.85981e-14
880    2.73435e-14
881    2.50656e-14
882    2.34101e-14
883    2.32857e-14
884    2.29812e-14
885    2.26837e-14
886    2.28713e-14
887    2.36429e-14
888    2.34639e-14
889    2.19562e-14
890    2.12063e-14
891    2.09031e-14
892    2.10634e-14
893     2.1775e-14
894    2.06989e-14
895    1.96475e-14
896    2.03159e-14
897     2.1597e-14
898    2.20974e-14
899    2.16597e-14
900    2.20958e-14
901    2.23082e-14
902     2.1181e-14
903    2.12883e-14
904    2.11238e-14
905    2.06475e-14
906    2.10729e-14
907    2.06568e-14
908    1.97182e-14
909    2.02833e-14
910     2.0921e-14
911    2.13946e-14
912    2.25205e-14
913    2.18737e-14
914    2.00534e-14
915    1.86242e-14
916    1.75657e-14
917     1.5948e-14
918    1.48241e-14
919    1.43845e-14
920    1.43506e-14
921    1.47428e-14
922    1.36692e-14
923      1.199e-14
924      1.076e-14
925    1.05033e-14
926    1.07204e-14
927    1.01341e-14
928    1.00779e-14
929    8.93357e-15
930    8.82897e-15
931    8.67756e-15
932    8.60587e-15
933    1.07889e-14
934    1.21838e-14
935    1.27847e-14
936    1.31246e-14
937    1.31564e-14
938    1.29849e-14
939    1.29517e-14
940    1.37797e-14
941    1.49707e-14
942    1.57643e-14
943    1.46556e-14
944    1.32363e-14
945    1.23621e-14
946    1.24706e-14
947    1.34761e-14
948    1.44768e-14
949    1.51105e-14
950    1.60862e-14
951    1.67977e-14
952    1.56579e-14
953    1.35774e-14
954    1.30605e-14
955    1.31895e-14
956    1.36476e-14
957    1.37128e-14
958    1.28717e-14
959    1.21321e-14
960     1.1103e-14
961    1.18306e-14
962    1.45037e-14
963    1.64174e-14
964    1.59385e-14
965    1.55694e-14
966    1.54542e-14
967     1.5103e-14
968    1.48727e-14
969    1.46398e-14
970     1.4908e-14
971    1.37457e-14
972    1.27591e-14
973    1.26339e-14
974    1.19958e-14
975    1.22357e-14
976    1.29425e-14
977    1.12041e-14
978    9.19012e-15
979    8.67659e-15
980    9.33746e-15
981    9.85962e-15
982    1.00587e-14
983    1.06265e-14
984    1.07035e-14
985    1.16202e-14
986     1.2717e-14
987    1.30617e-14
988    1.37425e-14
989    1.33215e-14
990    1.27285e-14
991    1.48094e-14
992    1.67483e-14
993    1.70353e-14
994    1.75148e-14
995    1.93973e-14
996    2.07749e-14
997    2.02294e-14
998     1.9258e-14
999    1.82126e-14
1000    1.76609e-14
2000    4.93425e-14
3000      2.328e-13
4000    4.72213e-13
5000     2.7683e-13
6000    6.03317e-13
7000     4.5365e-13
8000    5.62764e-13
9000    6.16858e-13
10000    6.09108e-13
11000     8.3659e-13
12000    5.72315e-13
13000    8.65673e-13
14000    8.59057e-13
15000       6.11e-13
16000    1.01971e-12
17000    7.29696e-13
18000    9.67747e-13
19000    8.25251e-13
20000     7.7184e-13
21000    1.19499e-12
22000    6.46053e-13
23000    1.22077e-12
24000    9.10303e-13
25000    9.09019e-13
