1        4.12629
2        4.12636
3        4.12647
4        4.12663
5        4.12682
6        4.12705
7         4.1273
8        4.12758
9        4.12786
10        4.12815
11        4.12844
12        4.12873
13        4.12899
14        4.12924
15        4.12946
16        4.12964
17        4.12979
18         4.1299
19        4.12998
20        4.13001
21           4.13
22        4.12995
23        4.12987
24        4.12975
25         4.1296
26        4.12943
27        4.12924
28        4.12903
29        4.12882
30         4.1286
31        4.12838
32        4.12817
33        4.12797
34        4.12778
35        4.12761
36        4.12746
37        4.12733
38        4.12722
39        4.12713
40        4.12707
41        4.12704
42        4.12703
43        4.12704
44        4.12707
45        4.12712
46        4.12719
47        4.12728
48        4.12738
49        4.12749
50        4.12761
51        4.12774
52        4.12788
53        4.12801
54        4.12815
55        4.12829
56        4.12842
57        4.12854
58        4.12865
59        4.12876
60        4.12885
61        4.12893
62        4.12899
63        4.12904
64        4.12907
65        4.12909
66        4.12908
67        4.12906
68        4.12903
69        4.12898
70        4.12891
71        4.12883
72        4.12874
73        4.12864
74        4.12854
75        4.12843
76        4.12831
77         4.1282
78         4.1281
79        4.12799
80         4.1279
81        4.12782
82        4.12774
83        4.12768
84        4.12764
85        4.12761
86        4.12759
87        4.12759
88         4.1276
89        4.12763
90        4.12767
91        4.12772
92        4.12777
93        4.12784
94        4.12791
95        4.12799
96        4.12807
97        4.12815
98        4.12822
99         4.1283
100        4.12836
101        4.12842
102        4.12848
103        4.12852
104        4.12856
105        4.12859
106        4.12861
107        4.12861
108        4.12862
109        4.12861
110        4.12859
111        4.12857
112        4.12854
113         4.1285
114        4.12847
115        4.12842
116        4.12838
117        4.12833
118        4.12829
119        4.12824
120        4.12819
121        4.12815
122        4.12811
123        4.12807
124        4.12803
125          4.128
126        4.12798
127        4.12796
128        4.12794
129        4.12793
130        4.12792
131        4.12792
132        4.12792
133        4.12793
134        4.12794
135        4.12796
136        4.12798
137          4.128
138        4.12803
139        4.12806
140        4.12809
141        4.12812
142        4.12815
143        4.12818
144        4.12821
145        4.12824
146        4.12826
147        4.12829
148        4.12831
149        4.12832
150        4.12834
151        4.12835
152        4.12835
153        4.12836
154        4.12835
155        4.12835
156        4.12834
157        4.12833
158        4.12831
159        4.12829
160        4.12827
161        4.12825
162        4.12823
163        4.12821
164        4.12818
165        4.12816
166        4.12814
167        4.12811
168        4.12809
169        4.12807
170        4.12806
171        4.12804
172        4.12803
173        4.12802
174        4.12801
175        4.12801
176        4.12801
177        4.12801
178        4.12801
179        4.12802
180        4.12803
181        4.12804
182        4.12805
183        4.12807
184        4.12808
185         4.1281
186        4.12811
187        4.12813
188        4.12814
189        4.12816
190        4.12817
191        4.12818
192        4.12819
193         4.1282
194        4.12821
195        4.12822
196        4.12822
197        4.12823
198        4.12823
199        4.12822
200        4.12822
201        4.12822
202        4.12821
203         4.1282
204        4.12819
205        4.12818
206        4.12817
207        4.12815
208        4.12814
209        4.12813
210        4.12812
211         4.1281
212        4.12809
213        4.12808
214        4.12807
215        4.12807
216        4.12806
217        4.12805
218        4.12805
219        4.12805
220        4.12805
221        4.12805
222        4.12805
223        4.12806
224        4.12806
225        4.12807
226        4.12807
227        4.12808
228        4.12809
229         4.1281
230         4.1281
231        4.12811
232        4.12812
233        4.12813
234        4.12813
235        4.12814
236        4.12814
237        4.12815
238        4.12815
239        4.12815
240        4.12815
241        4.12815
242        4.12815
243        4.12815
244        4.12815
245        4.12814
246        4.12814
247        4.12813
248        4.12812
249        4.12812
250        4.12811
251         4.1281
252        4.12809
253        4.12809
254        4.12808
255        4.12807
256        4.12807
257        4.12806
258        4.12806
259        4.12805
260        4.12805
261        4.12805
262        4.12805
263        4.12805
264        4.12805
265        4.12805
266        4.12805
267        4.12806
268        4.12806
269        4.12806
270        4.12807
271        4.12807
272        4.12807
273        4.12808
274        4.12808
275        4.12809
276        4.12809
277        4.12809
278        4.12809
279         4.1281
280         4.1281
281         4.1281
282         4.1281
283         4.1281
284         4.1281
285         4.1281
286         4.1281
287        4.12809
288        4.12809
289        4.12809
290        4.12808
291        4.12808
292        4.12808
293        4.12807
294        4.12807
295        4.12806
296        4.12806
297        4.12806
298        4.12805
299        4.12805
300        4.12805
301        4.12804
302        4.12804
303        4.12804
304        4.12804
305        4.12803
306        4.12803
307        4.12803
308        4.12803
309        4.12803
310        4.12803
311        4.12803
312        4.12803
313        4.12804
314        4.12804
315        4.12804
316        4.12804
317        4.12805
318        4.12805
319        4.12805
320        4.12805
321        4.12805
322        4.12806
323        4.12806
324        4.12806
325        4.12806
326        4.12806
327        4.12806
328        4.12806
329        4.12806
330        4.12806
331        4.12805
332        4.12805
333        4.12805
334        4.12805
335        4.12804
336        4.12804
337        4.12804
338        4.12803
339        4.12803
340        4.12803
341        4.12803
342        4.12802
343        4.12802
344        4.12802
345        4.12802
346        4.12801
347        4.12801
348        4.12801
349        4.12801
350        4.12801
351        4.12801
352        4.12801
353        4.12801
354        4.12801
355        4.12801
356        4.12801
357        4.12801
358        4.12801
359        4.12802
360        4.12802
361        4.12802
362        4.12802
363        4.12802
364        4.12802
365        4.12802
366        4.12802
367        4.12802
368        4.12802
369        4.12802
370        4.12802
371        4.12802
372        4.12802
373        4.12802
374        4.12802
375        4.12802
376        4.12802
377        4.12801
378        4.12801
379        4.12801
380        4.12801
381          4.128
382          4.128
383          4.128
384          4.128
385          4.128
386        4.12799
387        4.12799
388        4.12799
389        4.12799
390        4.12799
391        4.12799
392        4.12799
393        4.12798
394        4.12798
395        4.12798
396        4.12798
397        4.12798
398        4.12798
399        4.12798
400        4.12798
401        4.12799
402        4.12799
403        4.12799
404        4.12799
405        4.12799
406        4.12799
407        4.12799
408        4.12799
409        4.12799
410        4.12799
411        4.12799
412        4.12799
413        4.12799
414        4.12799
415        4.12799
416        4.12798
417        4.12798
418        4.12798
419        4.12798
420        4.12798
421        4.12798
422        4.12798
423        4.12797
424        4.12797
425        4.12797
426        4.12797
427        4.12797
428        4.12797
429        4.12797
430        4.12796
431        4.12796
432        4.12796
433        4.12796
434        4.12796
435        4.12796
436        4.12796
437        4.12796
438        4.12796
439        4.12796
440        4.12796
441        4.12796
442        4.12796
443        4.12796
444        4.12796
445        4.12796
446        4.12796
447        4.12796
448        4.12796
449        4.12796
450        4.12796
451        4.12796
452        4.12795
453        4.12795
454        4.12795
455        4.12795
456        4.12795
457        4.12795
458        4.12795
459        4.12795
460        4.12795
461        4.12795
462        4.12795
463        4.12795
464        4.12795
465        4.12794
466        4.12794
467        4.12794
468        4.12794
469        4.12794
470        4.12794
471        4.12794
472        4.12794
473        4.12794
474        4.12793
475        4.12793
476        4.12793
477        4.12793
478        4.12793
479        4.12793
480        4.12793
481        4.12793
482        4.12793
483        4.12793
484        4.12793
485        4.12793
486        4.12793
487        4.12793
488        4.12793
489        4.12793
490        4.12792
491        4.12792
492        4.12792
493        4.12792
494        4.12792
495        4.12792
496        4.12792
497        4.12792
498        4.12792
499        4.12792
500        4.12792
501        4.12792
502        4.12792
503        4.12792
504        4.12792
505        4.12792
506        4.12792
507        4.12791
508        4.12791
509        4.12791
510        4.12791
511        4.12791
512        4.12791
513        4.12791
514        4.12791
515        4.12791
516        4.12791
517         4.1279
518         4.1279
519         4.1279
520         4.1279
521         4.1279
522         4.1279
523         4.1279
524         4.1279
525         4.1279
526         4.1279
527         4.1279
528         4.1279
529         4.1279
530         4.1279
531         4.1279
532        4.12789
533        4.12789
534        4.12789
535        4.12789
536        4.12789
537        4.12789
538        4.12789
539        4.12789
540        4.12789
541        4.12789
542        4.12789
543        4.12789
544        4.12789
545        4.12789
546        4.12789
547        4.12789
548        4.12788
549        4.12788
550        4.12788
551        4.12788
552        4.12788
553        4.12788
554        4.12788
555        4.12788
556        4.12788
557        4.12788
558        4.12788
559        4.12787
560        4.12787
561        4.12787
562        4.12787
563        4.12787
564        4.12787
565        4.12787
566        4.12787
567        4.12787
568        4.12787
569        4.12787
570        4.12787
571        4.12787
572        4.12787
573        4.12787
574        4.12786
575        4.12786
576        4.12786
577        4.12786
578        4.12786
579        4.12786
580        4.12786
581        4.12786
582        4.12786
583        4.12786
584        4.12786
585        4.12786
586        4.12786
587        4.12786
588        4.12786
589        4.12786
590        4.12785
591        4.12785
592        4.12785
593        4.12785
594        4.12785
595        4.12785
596        4.12785
597        4.12785
598        4.12785
599        4.12785
600        4.12785
601        4.12784
602        4.12784
603        4.12784
604        4.12784
605        4.12784
606        4.12784
607        4.12784
608        4.12784
609        4.12784
610        4.12784
611        4.12784
612        4.12784
613        4.12784
614        4.12784
615        4.12784
616        4.12783
617        4.12783
618        4.12783
619        4.12783
620        4.12783
621        4.12783
622        4.12783
623        4.12783
624        4.12783
625        4.12783
626        4.12783
627        4.12783
628        4.12783
629        4.12783
630        4.12783
631        4.12782
632        4.12782
633        4.12782
634        4.12782
635        4.12782
636        4.12782
637        4.12782
638        4.12782
639        4.12782
640        4.12782
641        4.12782
642        4.12782
643        4.12782
644        4.12781
645        4.12781
646        4.12781
647        4.12781
648        4.12781
649        4.12781
650        4.12781
651        4.12781
652        4.12781
653        4.12781
654        4.12781
655        4.12781
656        4.12781
657        4.12781
658         4.1278
659         4.1278
660         4.1278
661         4.1278
662         4.1278
663         4.1278
664         4.1278
665         4.1278
666         4.1278
667         4.1278
668         4.1278
669         4.1278
670         4.1278
671         4.1278
672         4.1278
673        4.12779
674        4.12779
675        4.12779
676        4.12779
677        4.12779
678        4.12779
679        4.12779
680        4.12779
681        4.12779
682        4.12779
683        4.12779
684        4.12779
685        4.12779
686        4.12778
687        4.12778
688        4.12778
689        4.12778
690        4.12778
691        4.12778
692        4.12778
693        4.12778
694        4.12778
695        4.12778
696        4.12778
697        4.12778
698        4.12778
699        4.12778
700        4.12777
701        4.12777
702        4.12777
703        4.12777
704        4.12777
705        4.12777
706        4.12777
707        4.12777
708        4.12777
709        4.12777
710        4.12777
711        4.12777
712        4.12777
713        4.12777
714        4.12777
715        4.12776
716        4.12776
717        4.12776
718        4.12776
719        4.12776
720        4.12776
721        4.12776
722        4.12776
723        4.12776
724        4.12776
725        4.12776
726        4.12776
727        4.12776
728        4.12775
729        4.12775
730        4.12775
731        4.12775
732        4.12775
733        4.12775
734        4.12775
735        4.12775
736        4.12775
737        4.12775
738        4.12775
739        4.12775
740        4.12775
741        4.12775
742        4.12774
743        4.12774
744        4.12774
745        4.12774
746        4.12774
747        4.12774
748        4.12774
749        4.12774
750        4.12774
751        4.12774
752        4.12774
753        4.12774
754        4.12774
755        4.12774
756        4.12774
757        4.12773
758        4.12773
759        4.12773
760        4.12773
761        4.12773
762        4.12773
763        4.12773
764        4.12773
765        4.12773
766        4.12773
767        4.12773
768        4.12773
769        4.12773
770        4.12772
771        4.12772
772        4.12772
773        4.12772
774        4.12772
775        4.12772
776        4.12772
777        4.12772
778        4.12772
779        4.12772
780        4.12772
781        4.12772
782        4.12772
783        4.12772
784        4.12772
785        4.12771
786        4.12771
787        4.12771
788        4.12771
789        4.12771
790        4.12771
791        4.12771
792        4.12771
793        4.12771
794        4.12771
795        4.12771
796        4.12771
797        4.12771
798        4.12771
799         4.1277
800         4.1277
801         4.1277
802         4.1277
803         4.1277
804         4.1277
805         4.1277
806         4.1277
807         4.1277
808         4.1277
809         4.1277
810         4.1277
811         4.1277
812         4.1277
813        4.12769
814        4.12769
815        4.12769
816        4.12769
817        4.12769
818        4.12769
819        4.12769
820        4.12769
821        4.12769
822        4.12769
823        4.12769
824        4.12769
825        4.12769
826        4.12769
827        4.12768
828        4.12768
829        4.12768
830        4.12768
831        4.12768
832        4.12768
833        4.12768
834        4.12768
835        4.12768
836        4.12768
837        4.12768
838        4.12768
839        4.12768
840        4.12768
841        4.12768
842        4.12767
843        4.12767
844        4.12767
845        4.12767
846        4.12767
847        4.12767
848        4.12767
849        4.12767
850        4.12767
851        4.12767
852        4.12767
853        4.12767
854        4.12767
855        4.12767
856        4.12766
857        4.12766
858        4.12766
859        4.12766
860        4.12766
861        4.12766
862        4.12766
863        4.12766
864        4.12766
865        4.12766
866        4.12766
867        4.12766
868        4.12766
869        4.12766
870        4.12766
871        4.12765
872        4.12765
873        4.12765
874        4.12765
875        4.12765
876        4.12765
877        4.12765
878        4.12765
879        4.12765
880        4.12765
881        4.12765
882        4.12765
883        4.12765
884        4.12765
885        4.12764
886        4.12764
887        4.12764
888        4.12764
889        4.12764
890        4.12764
891        4.12764
892        4.12764
893        4.12764
894        4.12764
895        4.12764
896        4.12764
897        4.12764
898        4.12764
899        4.12764
900        4.12763
901        4.12763
902        4.12763
903        4.12763
904        4.12763
905        4.12763
906        4.12763
907        4.12763
908        4.12763
909        4.12763
910        4.12763
911        4.12763
912        4.12763
913        4.12763
914        4.12762
915        4.12762
916        4.12762
917        4.12762
918        4.12762
919        4.12762
920        4.12762
921        4.12762
922        4.12762
923        4.12762
924        4.12762
925        4.12762
926        4.12762
927        4.12762
928        4.12762
929        4.12761
930        4.12761
931        4.12761
932        4.12761
933        4.12761
934        4.12761
935        4.12761
936        4.12761
937        4.12761
938        4.12761
939        4.12761
940        4.12761
941        4.12761
942        4.12761
943        4.12761
944         4.1276
945         4.1276
946         4.1276
947         4.1276
948         4.1276
949         4.1276
950         4.1276
951         4.1276
952         4.1276
953         4.1276
954         4.1276
955         4.1276
956         4.1276
957         4.1276
958         4.1276
959        4.12759
960        4.12759
961        4.12759
962        4.12759
963        4.12759
964        4.12759
965        4.12759
966        4.12759
967        4.12759
968        4.12759
969        4.12759
970        4.12759
971        4.12759
972        4.12759
973        4.12759
974        4.12758
975        4.12758
976        4.12758
977        4.12758
978        4.12758
979        4.12758
980        4.12758
981        4.12758
982        4.12758
983        4.12758
984        4.12758
985        4.12758
986        4.12758
987        4.12758
988        4.12758
989        4.12757
990        4.12757
991        4.12757
992        4.12757
993        4.12757
994        4.12757
995        4.12757
996        4.12757
997        4.12757
998        4.12757
999        4.12757
1000        4.12757
2000        4.12708
3000        4.12717
4000        4.12704
5000        4.12714
6000        4.12713
7000        4.12708
8000        4.12715
9000         4.1271
10000        4.12707
11000        4.12714
12000        4.12707
13000        4.12708
14000        4.12714
15000        4.12711
16000        4.12709
17000        4.12714
18000        4.12709
19000        4.12708
20000        4.12715
21000         4.1271
22000        4.12709
23000        4.12714
24000         4.1271
25000        4.12708
