# Number of Vertices= 632

vertices

0	0.851	0.000	0.526	1
1	0.526	0.851	0.000	2
2	-0.526	0.851	0.000	2
3	-0.851	0.000	0.526	1
4	0.000	-0.526	0.851	1
5	0.526	-0.851	0.000	1
6	0.851	0.000	-0.526	2
7	0.000	0.526	-0.851	2
8	-0.851	0.000	-0.526	2
9	-0.526	-0.851	0.000	1
10	0.000	-0.526	-0.851	2
11	0.653	0.202	0.730	1
12	0.404	0.855	0.326	1
13	-0.404	0.855	0.326	1
14	-0.653	0.202	0.730	1
15	0.000	-0.202	0.979	1
16	0.404	-0.855	0.326	1
17	0.653	-0.202	0.730	1
18	0.979	0.000	-0.202	2
19	0.730	0.653	0.202	1
20	0.202	0.730	-0.653	2
21	-0.202	0.979	0.000	2
22	-0.855	0.326	-0.404	2
23	-0.855	0.326	0.404	1
24	-0.730	-0.653	0.202	1
25	-0.326	-0.404	0.855	1
26	0.202	-0.730	-0.653	2
27	0.855	-0.326	-0.404	2
28	0.326	0.404	-0.855	2
29	-0.653	0.202	-0.730	2
30	-0.730	-0.653	-0.202	2
31	0.729	0.085	0.679	1
32	0.496	0.842	0.211	1
33	-0.423	0.888	0.182	1
34	-0.758	0.158	0.633	1
35	-0.046	-0.338	0.940	1
36	0.423	-0.888	0.182	1
37	0.758	-0.158	0.633	1
38	0.940	-0.046	-0.338	2
39	0.679	0.729	0.085	1
40	0.158	0.633	-0.758	2
41	-0.338	0.940	-0.046	2
42	-0.842	0.211	-0.496	2
43	-0.888	0.182	0.423	1
44	-0.679	-0.729	0.085	1
45	-0.211	-0.496	0.842	1
46	0.085	-0.679	-0.729	2
47	0.842	-0.211	-0.496	2
48	0.182	0.423	-0.888	2
49	-0.729	0.085	-0.679	2
50	-0.633	-0.758	-0.158	2
51	0.786	-0.027	0.617	1
52	0.573	0.813	0.098	1
53	-0.432	0.901	0.044	1
54	-0.840	0.114	0.530	1
55	-0.087	-0.459	0.884	1
56	0.432	-0.901	0.044	1
57	0.840	-0.114	0.530	1
58	0.884	-0.087	-0.459	2
59	0.617	0.786	-0.027	2
60	0.114	0.530	-0.840	2
61	-0.459	0.884	-0.087	2
62	-0.813	0.098	-0.573	2
63	-0.901	0.044	0.432	1
64	-0.617	-0.786	-0.027	2
65	-0.098	-0.573	0.813	1
66	-0.027	-0.617	-0.786	2
67	0.813	-0.098	-0.573	2
68	0.044	0.432	-0.901	2
69	-0.786	-0.027	-0.617	2
70	-0.530	-0.840	-0.114	2
71	0.326	0.404	0.855	1
72	0.202	0.730	0.653	1
73	-0.202	0.730	0.653	1
74	-0.326	0.404	0.855	1
75	0.000	0.202	0.979	1
76	0.202	-0.730	0.653	1
77	0.326	-0.404	0.855	1
78	0.979	0.000	0.202	1
79	0.855	0.326	0.404	1
80	0.404	0.855	-0.326	2
81	0.202	0.979	0.000	2
82	-0.730	0.653	-0.202	2
83	-0.730	0.653	0.202	1
84	-0.855	-0.326	0.404	1
85	-0.653	-0.202	0.730	1
86	0.404	-0.855	-0.326	2
87	0.730	-0.653	-0.202	2
88	0.653	0.202	-0.730	2
89	-0.326	0.404	-0.855	2
90	-0.855	-0.326	-0.404	2
91	0.435	0.299	0.849	1
92	0.317	0.764	0.562	1
93	-0.239	0.812	0.532	1
94	-0.465	0.377	0.801	1
95	-0.048	0.060	0.997	1
96	0.239	-0.812	0.532	1
97	0.465	-0.377	0.801	1
98	0.997	-0.048	0.060	1
99	0.849	0.435	0.299	1
100	0.377	0.801	-0.465	2
101	0.060	0.997	-0.048	2
102	-0.764	0.562	-0.317	2
103	-0.812	0.532	0.239	1
104	-0.849	-0.435	0.299	1
105	-0.562	-0.317	0.764	1
106	0.299	-0.849	-0.435	2
107	0.764	-0.562	-0.317	2
108	0.532	0.239	-0.812	2
109	-0.435	0.299	-0.849	2
110	-0.801	-0.465	-0.377	2
111	0.539	0.182	0.823	1
112	0.431	0.781	0.452	1
113	-0.272	0.879	0.392	1
114	-0.599	0.340	0.725	1
115	-0.098	-0.091	0.991	1
116	0.272	-0.879	0.392	1
117	0.599	-0.340	0.725	1
118	0.991	-0.098	-0.091	2
119	0.823	0.539	0.182	1
120	0.340	0.725	-0.599	2
121	-0.091	0.991	-0.098	2
122	-0.781	0.452	-0.431	2
123	-0.879	0.392	0.272	1
124	-0.823	-0.539	0.182	1
125	-0.452	-0.431	0.781	1
126	0.182	-0.823	-0.539	2
127	0.781	-0.452	-0.431	2
128	0.392	0.272	-0.879	2
129	-0.539	0.182	-0.823	2
130	-0.725	-0.599	-0.340	2
131	0.629	0.060	0.775	1
132	0.534	0.778	0.331	1
133	-0.299	0.923	0.242	1
134	-0.718	0.295	0.630	1
135	-0.145	-0.239	0.960	1
136	0.299	-0.923	0.242	1
137	0.718	-0.295	0.630	1
138	0.960	-0.145	-0.239	2
139	0.775	0.629	0.060	1
140	0.295	0.630	-0.718	2
141	-0.239	0.960	-0.145	2
142	-0.778	0.331	-0.534	2
143	-0.923	0.242	0.299	1
144	-0.775	-0.629	0.060	1
145	-0.331	-0.534	0.778	1
146	0.060	-0.775	-0.629	2
147	0.778	-0.331	-0.534	2
148	0.242	0.299	-0.923	2
149	-0.629	0.060	-0.775	2
150	-0.630	-0.718	-0.295	2
151	0.700	-0.058	0.712	1
152	0.619	0.757	0.209	1
153	-0.317	0.944	0.093	1
154	-0.815	0.244	0.526	1
155	-0.187	-0.375	0.908	1
156	0.317	-0.944	0.093	1
157	0.815	-0.244	0.526	1
158	0.908	-0.187	-0.375	2
159	0.712	0.700	-0.058	2
160	0.244	0.526	-0.815	2
161	-0.375	0.908	-0.187	2
162	-0.757	0.209	-0.619	2
163	-0.944	0.093	0.317	1
164	-0.712	-0.700	-0.058	2
165	-0.209	-0.619	0.757	1
166	-0.058	-0.712	-0.700	2
167	0.757	-0.209	-0.619	2
168	0.093	0.317	-0.944	2
169	-0.700	-0.058	-0.712	2
170	-0.526	-0.815	-0.244	2
171	0.000	0.526	0.851	1
172	0.087	0.459	0.884	1
173	0.098	0.573	0.813	1
174	-0.027	0.617	0.786	1
175	-0.114	0.530	0.840	1
176	-0.044	0.432	0.901	1
177	0.027	-0.617	0.786	1
178	0.114	-0.530	0.840	1
179	0.901	-0.044	0.432	1
180	0.884	0.087	0.459	1
181	0.530	0.840	-0.114	2
182	0.432	0.901	-0.044	2
183	-0.573	0.813	-0.098	2
184	-0.617	0.786	0.027	1
185	-0.884	-0.087	0.459	1
186	-0.813	-0.098	0.573	1
187	0.459	-0.884	-0.087	2
188	0.573	-0.813	-0.098	2
189	0.786	0.027	-0.617	2
190	-0.087	0.459	-0.884	2
191	-0.840	-0.114	-0.530	2
192	0.187	0.375	0.908	1
193	0.209	0.619	0.757	1
194	-0.058	0.712	0.700	1
195	-0.244	0.526	0.815	1
196	-0.093	0.317	0.944	1
197	0.058	-0.712	0.700	1
198	0.244	-0.526	0.815	1
199	0.944	-0.093	0.317	1
200	0.908	0.187	0.375	1
201	0.526	0.815	-0.244	2
202	0.317	0.944	-0.093	2
203	-0.619	0.757	-0.209	2
204	-0.712	0.700	0.058	1
205	-0.908	-0.187	0.375	1
206	-0.757	-0.209	0.619	1
207	0.375	-0.908	-0.187	2
208	0.619	-0.757	-0.209	2
209	0.700	0.058	-0.712	2
210	-0.187	0.375	-0.908	2
211	-0.815	-0.244	-0.526	2
212	0.294	0.272	0.916	1
213	0.329	0.657	0.678	1
214	-0.091	0.804	0.588	1
215	-0.385	0.510	0.769	1
216	-0.147	0.182	0.972	1
217	0.091	-0.804	0.588	1
218	0.385	-0.510	0.769	1
219	0.972	-0.147	0.182	1
220	0.916	0.294	0.272	1
221	0.510	0.769	-0.385	2
222	0.182	0.972	-0.147	2
223	-0.657	0.678	-0.329	2
224	-0.804	0.588	0.091	1
225	-0.916	-0.294	0.272	1
226	-0.678	-0.329	0.657	1
227	0.272	-0.916	-0.294	2
228	0.657	-0.678	-0.329	2
229	0.588	0.091	-0.804	2
230	-0.294	0.272	-0.916	2
231	-0.769	-0.385	-0.510	2
232	0.402	0.155	0.902	1
233	0.450	0.682	0.577	1
234	-0.124	0.883	0.453	1
235	-0.527	0.481	0.701	1
236	-0.201	0.031	0.979	1
237	0.124	-0.883	0.453	1
238	0.527	-0.481	0.701	1
239	0.979	-0.201	0.031	1
240	0.902	0.402	0.155	1
241	0.481	0.701	-0.527	2
242	0.031	0.979	-0.201	2
243	-0.682	0.577	-0.450	2
244	-0.883	0.453	0.124	1
245	-0.902	-0.402	0.155	1
246	-0.577	-0.450	0.682	1
247	0.155	-0.902	-0.402	2
248	0.682	-0.577	-0.450	2
249	0.453	0.124	-0.883	2
250	-0.402	0.155	-0.902	2
251	-0.701	-0.527	-0.481	2
252	0.503	0.031	0.864	1
253	0.562	0.689	0.457	1
254	-0.155	0.941	0.302	1
255	-0.658	0.438	0.612	1
256	-0.251	-0.124	0.960	1
257	0.155	-0.941	0.302	1
258	0.658	-0.438	0.612	1
259	0.960	-0.251	-0.124	2
260	0.864	0.503	0.031	1
261	0.438	0.612	-0.658	2
262	-0.124	0.960	-0.251	2
263	-0.689	0.457	-0.562	2
264	-0.941	0.302	0.155	1
265	-0.864	-0.503	0.031	1
266	-0.457	-0.562	0.689	1
267	0.031	-0.864	-0.503	2
268	0.689	-0.457	-0.562	2
269	0.302	0.155	-0.941	2
270	-0.503	0.031	-0.864	2
271	-0.612	-0.658	-0.438	2
272	0.588	-0.091	0.804	1
273	0.657	0.678	0.329	1
274	-0.182	0.972	0.147	1
275	-0.769	0.385	0.510	1
276	-0.294	-0.272	0.916	1
277	0.182	-0.972	0.147	1
278	0.769	-0.385	0.510	1
279	0.916	-0.294	-0.272	2
280	0.804	0.588	-0.091	2
281	0.385	0.510	-0.769	2
282	-0.272	0.916	-0.294	2
283	-0.678	0.329	-0.657	2
284	-0.972	0.147	0.182	1
285	-0.804	-0.588	-0.091	2
286	-0.329	-0.657	0.678	1
287	-0.091	-0.804	-0.588	2
288	0.678	-0.329	-0.657	2
289	0.147	0.182	-0.972	2
290	-0.588	-0.091	-0.804	2
291	-0.510	-0.769	-0.385	2
292	0.202	-0.979	0.000	1
293	0.855	-0.326	0.404	1
294	0.730	0.653	-0.202	2
295	-0.404	0.855	-0.326	2
296	-0.979	0.000	0.202	1
297	-0.202	-0.730	0.653	1
298	-0.202	-0.730	-0.653	2
299	0.653	-0.202	-0.730	2
300	0.000	0.202	-0.979	2
301	-0.653	-0.202	-0.730	2
302	-0.404	-0.855	-0.326	2
303	0.046	0.338	0.940	1
304	0.211	0.496	0.842	1
305	0.085	0.679	0.729	1
306	-0.158	0.633	0.758	1
307	-0.182	0.423	0.888	1
308	-0.085	-0.679	0.729	1
309	0.158	-0.633	0.758	1
310	0.888	-0.182	0.423	1
311	0.940	0.046	0.338	1
312	0.633	0.758	-0.158	2
313	0.423	0.888	-0.182	2
314	-0.496	0.842	-0.211	2
315	-0.679	0.729	-0.085	2
316	-0.940	-0.046	0.338	1
317	-0.842	-0.211	0.496	1
318	0.338	-0.940	-0.046	2
319	0.496	-0.842	-0.211	2
320	0.729	-0.085	-0.679	2
321	-0.046	0.338	-0.940	2
322	-0.758	-0.158	-0.633	2
323	0.145	0.239	0.960	1
324	0.331	0.534	0.778	1
325	0.060	0.775	0.629	1
326	-0.295	0.630	0.718	1
327	-0.242	0.299	0.923	1
328	-0.060	-0.775	0.629	1
329	0.295	-0.630	0.718	1
330	0.923	-0.242	0.299	1
331	0.960	0.145	0.239	1
332	0.630	0.718	-0.295	2
333	0.299	0.923	-0.242	2
334	-0.534	0.778	-0.331	2
335	-0.775	0.629	-0.060	2
336	-0.960	-0.145	0.239	1
337	-0.778	-0.331	0.534	1
338	0.239	-0.960	-0.145	2
339	0.534	-0.778	-0.331	2
340	0.629	-0.060	-0.775	2
341	-0.145	0.239	-0.960	2
342	-0.718	-0.295	-0.630	2
343	0.251	0.124	0.960	1
344	0.457	0.562	0.689	1
345	0.031	0.864	0.503	1
346	-0.438	0.612	0.658	1
347	-0.302	0.155	0.941	1
348	-0.031	-0.864	0.503	1
349	0.438	-0.612	0.658	1
350	0.941	-0.302	0.155	1
351	0.960	0.251	0.124	1
352	0.612	0.658	-0.438	2
353	0.155	0.941	-0.302	2
354	-0.562	0.689	-0.457	2
355	-0.864	0.503	-0.031	2
356	-0.960	-0.251	0.124	1
357	-0.689	-0.457	0.562	1
358	0.124	-0.960	-0.251	2
359	0.562	-0.689	-0.457	2
360	0.503	-0.031	-0.864	2
361	-0.251	0.124	-0.960	2
362	-0.658	-0.438	-0.612	2
363	0.357	0.000	0.934	1
364	0.577	0.577	0.577	1
365	-0.000	0.934	0.357	1
366	-0.577	0.577	0.577	1
367	-0.357	-0.000	0.934	1
368	0.000	-0.934	0.357	1
369	0.577	-0.577	0.577	1
370	0.934	-0.357	-0.000	1
371	0.934	0.357	0.000	2
372	0.577	0.577	-0.577	2
373	-0.000	0.934	-0.357	2
374	-0.577	0.577	-0.577	2
375	-0.934	0.357	0.000	2
376	-0.934	-0.357	0.000	1
377	-0.577	-0.577	0.577	1
378	0.000	-0.934	-0.357	2
379	0.577	-0.577	-0.577	2
380	0.357	0.000	-0.934	2
381	-0.357	0.000	-0.934	2
382	-0.577	-0.577	-0.577	2
383	0.453	-0.124	0.883	1
384	0.682	0.577	0.450	1
385	-0.031	0.979	0.201	1
386	-0.701	0.527	0.481	1
387	-0.402	-0.155	0.902	1
388	0.031	-0.979	0.201	1
389	0.701	-0.527	0.481	1
390	0.902	-0.402	-0.155	2
391	0.883	0.453	-0.124	2
392	0.527	0.481	-0.701	2
393	-0.155	0.902	-0.402	2
394	-0.577	0.450	-0.682	2
395	-0.979	0.201	0.031	1
396	-0.883	-0.453	-0.124	2
397	-0.450	-0.682	0.577	1
398	-0.124	-0.883	-0.453	2
399	0.577	-0.450	-0.682	2
400	0.201	0.031	-0.979	2
401	-0.453	-0.124	-0.883	2
402	-0.481	-0.701	-0.527	2
403	0.532	-0.239	0.812	1
404	0.764	0.562	0.317	1
405	-0.060	0.997	0.048	1
406	-0.801	0.465	0.377	1
407	-0.435	-0.299	0.849	1
408	0.060	-0.997	0.048	1
409	0.801	-0.465	0.377	1
410	0.849	-0.435	-0.299	2
411	0.812	0.532	-0.239	2
412	0.465	0.377	-0.801	2
413	-0.299	0.849	-0.435	2
414	-0.562	0.317	-0.764	2
415	-0.997	0.048	0.060	1
416	-0.812	-0.532	-0.239	2
417	-0.317	-0.764	0.562	1
418	-0.239	-0.812	-0.532	2
419	0.562	-0.317	-0.764	2
420	0.048	0.060	-0.997	2
421	-0.532	-0.239	-0.812	2
422	-0.377	-0.801	-0.465	2
423	0.098	0.091	0.991	1
424	0.452	0.431	0.781	1
425	0.182	0.823	0.539	1
426	-0.340	0.725	0.599	1
427	-0.392	0.272	0.879	1
428	-0.182	-0.823	0.539	1
429	0.340	-0.725	0.599	1
430	0.879	-0.392	0.272	1
431	0.991	0.098	0.091	1
432	0.725	0.599	-0.340	2
433	0.272	0.879	-0.392	2
434	-0.431	0.781	-0.452	2
435	-0.823	0.539	-0.182	2
436	-0.991	-0.098	0.091	1
437	-0.781	-0.452	0.431	1
438	0.091	-0.991	-0.098	2
439	0.431	-0.781	-0.452	2
440	0.539	-0.182	-0.823	2
441	-0.098	0.091	-0.991	2
442	-0.599	-0.340	-0.725	2
443	0.201	-0.031	0.979	1
444	0.577	0.450	0.682	1
445	0.155	0.902	0.402	1
446	-0.481	0.701	0.527	1
447	-0.453	0.124	0.883	1
448	-0.155	-0.902	0.402	1
449	0.481	-0.701	0.527	1
450	0.883	-0.453	0.124	1
451	0.979	0.201	-0.031	2
452	0.701	0.527	-0.481	2
453	0.124	0.883	-0.453	2
454	-0.450	0.682	-0.577	2
455	-0.902	0.402	-0.155	2
456	-0.979	-0.201	-0.031	2
457	-0.682	-0.577	0.450	1
458	-0.031	-0.979	-0.201	2
459	0.450	-0.682	-0.577	2
460	0.402	-0.155	-0.902	2
461	-0.201	-0.031	-0.979	2
462	-0.527	-0.481	-0.701	2
463	0.302	-0.155	0.941	1
464	0.689	0.457	0.562	1
465	0.124	0.960	0.251	1
466	-0.612	0.658	0.438	1
467	-0.503	-0.031	0.864	1
468	-0.124	-0.960	0.251	1
469	0.612	-0.658	0.438	1
470	0.864	-0.503	-0.031	2
471	0.941	0.302	-0.155	2
472	0.658	0.438	-0.612	2
473	-0.031	0.864	-0.503	2
474	-0.457	0.562	-0.689	2
475	-0.960	0.251	-0.124	2
476	-0.941	-0.302	-0.155	2
477	-0.562	-0.689	0.457	1
478	-0.155	-0.941	-0.302	2
479	0.457	-0.562	-0.689	2
480	0.251	-0.124	-0.960	2
481	-0.302	-0.155	-0.941	2
482	-0.438	-0.612	-0.658	2
483	0.392	-0.272	0.879	1
484	0.781	0.452	0.431	1
485	0.091	0.991	0.098	1
486	-0.725	0.599	0.340	1
487	-0.539	-0.182	0.823	1
488	-0.091	-0.991	0.098	1
489	0.725	-0.599	0.340	1
490	0.823	-0.539	-0.182	2
491	0.879	0.392	-0.272	2
492	0.599	0.340	-0.725	2
493	-0.182	0.823	-0.539	2
494	-0.452	0.431	-0.781	2
495	-0.991	0.098	-0.091	2
496	-0.879	-0.392	-0.272	2
497	-0.431	-0.781	0.452	1
498	-0.272	-0.879	-0.392	2
499	0.452	-0.431	-0.781	2
500	0.098	-0.091	-0.991	2
501	-0.392	-0.272	-0.879	2
502	-0.340	-0.725	-0.599	2
503	0.048	-0.060	0.997	1
504	0.562	0.317	0.764	1
505	0.299	0.849	0.435	1
506	-0.377	0.801	0.465	1
507	-0.532	0.239	0.812	1
508	-0.299	-0.849	0.435	1
509	0.377	-0.801	0.465	1
510	0.812	-0.532	0.239	1
511	0.997	0.048	-0.060	2
512	0.801	0.465	-0.377	2
513	0.239	0.812	-0.532	2
514	-0.317	0.764	-0.562	2
515	-0.849	0.435	-0.299	2
516	-0.997	-0.048	-0.060	2
517	-0.764	-0.562	0.317	1
518	-0.060	-0.997	-0.048	2
519	0.317	-0.764	-0.562	2
520	0.435	-0.299	-0.849	2
521	-0.048	-0.060	-0.997	2
522	-0.465	-0.377	-0.801	2
523	0.147	-0.182	0.972	1
524	0.678	0.329	0.657	1
525	0.272	0.916	0.294	1
526	-0.510	0.769	0.385	1
527	-0.588	0.091	0.804	1
528	-0.272	-0.916	0.294	1
529	0.510	-0.769	0.385	1
530	0.804	-0.588	0.091	1
531	0.972	0.147	-0.182	2
532	0.769	0.385	-0.510	2
533	0.091	0.804	-0.588	2
534	-0.329	0.657	-0.678	2
535	-0.916	0.294	-0.272	2
536	-0.972	-0.147	-0.182	2
537	-0.657	-0.678	0.329	1
538	-0.182	-0.972	-0.147	2
539	0.329	-0.657	-0.678	2
540	0.294	-0.272	-0.916	2
541	-0.147	-0.182	-0.972	2
542	-0.385	-0.510	-0.769	2
543	0.242	-0.299	0.923	1
544	0.778	0.331	0.534	1
545	0.239	0.960	0.145	1
546	-0.630	0.718	0.295	1
547	-0.629	-0.060	0.775	1
548	-0.239	-0.960	0.145	1
549	0.630	-0.718	0.295	1
550	0.775	-0.629	-0.060	2
551	0.923	0.242	-0.299	2
552	0.718	0.295	-0.630	2
553	-0.060	0.775	-0.629	2
554	-0.331	0.534	-0.778	2
555	-0.960	0.145	-0.239	2
556	-0.923	-0.242	-0.299	2
557	-0.534	-0.778	0.331	1
558	-0.299	-0.923	-0.242	2
559	0.331	-0.534	-0.778	2
560	0.145	-0.239	-0.960	2
561	-0.242	-0.299	-0.923	2
562	-0.295	-0.630	-0.718	2
563	-0.202	-0.979	0.000	1
564	0.730	-0.653	0.202	1
565	0.855	0.326	-0.404	2
566	-0.202	0.730	-0.653	2
567	-0.979	0.000	-0.202	2
568	-0.404	-0.855	0.326	1
569	0.326	-0.404	-0.855	2
570	0.000	-0.202	-0.979	2
571	-0.326	-0.404	-0.855	2
572	0.093	-0.317	0.944	1
573	0.757	0.209	0.619	1
574	0.375	0.908	0.187	1
575	-0.526	0.815	0.244	1
576	-0.700	0.058	0.712	1
577	-0.375	-0.908	0.187	1
578	0.526	-0.815	0.244	1
579	0.712	-0.700	0.058	1
580	0.944	0.093	-0.317	2
581	0.815	0.244	-0.526	2
582	0.058	0.712	-0.700	2
583	-0.209	0.619	-0.757	2
584	-0.908	0.187	-0.375	2
585	-0.944	-0.093	-0.317	2
586	-0.619	-0.757	0.209	1
587	-0.317	-0.944	-0.093	2
588	0.209	-0.619	-0.757	2
589	0.187	-0.375	-0.908	2
590	-0.093	-0.317	-0.944	2
591	-0.244	-0.526	-0.815	2
592	0.182	-0.423	0.888	1
593	0.842	0.211	0.496	1
594	0.338	0.940	0.046	1
595	-0.633	0.758	0.158	1
596	-0.729	-0.085	0.679	1
597	-0.338	-0.940	0.046	1
598	0.633	-0.758	0.158	1
599	0.679	-0.729	-0.085	2
600	0.888	0.182	-0.423	2
601	0.758	0.158	-0.633	2
602	-0.085	0.679	-0.729	2
603	-0.211	0.496	-0.842	2
604	-0.940	0.046	-0.338	2
605	-0.888	-0.182	-0.423	2
606	-0.496	-0.842	0.211	1
607	-0.423	-0.888	-0.182	2
608	0.211	-0.496	-0.842	2
609	0.046	-0.338	-0.940	2
610	-0.182	-0.423	-0.888	2
611	-0.158	-0.633	-0.758	2
612	0.044	-0.432	0.901	1
613	0.813	0.098	0.573	1
614	0.459	0.884	0.087	1
615	-0.530	0.840	0.114	1
616	-0.786	0.027	0.617	1
617	-0.459	-0.884	0.087	1
618	0.530	-0.840	0.114	1
619	0.617	-0.786	0.027	1
620	0.901	0.044	-0.432	2
621	0.840	0.114	-0.530	2
622	0.027	0.617	-0.786	2
623	-0.098	0.573	-0.813	2
624	-0.884	0.087	-0.459	2
625	-0.901	-0.044	-0.432	2
626	-0.573	-0.813	0.098	1
627	-0.432	-0.901	-0.044	2
628	0.098	-0.573	-0.813	2
629	0.087	-0.459	-0.884	2
630	-0.044	-0.432	-0.901	2
631	-0.114	-0.530	-0.840	2



# Number of Edges= 1890

edges

0	0	51	1
1	0	57	1
2	0	179	1
3	0	180	1
4	0	613	1
5	1	52	1
6	1	59	1
7	1	181	1
8	1	182	1
9	1	614	1
10	2	53	1
11	2	61	1
12	2	183	1
13	2	184	1
14	2	615	1
15	3	54	1
16	3	63	1
17	3	185	1
18	3	186	1
19	3	616	1
20	4	55	1
21	4	65	1
22	4	177	1
23	4	178	1
24	4	612	1
25	5	56	1
26	5	187	1
27	5	188	1
28	5	618	1
29	5	619	1
30	6	58	1
31	6	67	1
32	6	189	1
33	6	620	1
34	6	621	1
35	7	60	1
36	7	68	1
37	7	190	1
38	7	622	1
39	7	623	1
40	8	62	1
41	8	69	1
42	8	191	1
43	8	624	1
44	8	625	1
45	9	64	1
46	9	70	1
47	9	617	1
48	9	626	1
49	9	627	1
50	10	66	1
51	10	628	1
52	10	629	1
53	10	630	1
54	10	631	1
55	11	31	1
56	11	111	1
57	11	131	1
58	11	504	1
59	11	524	1
60	11	573	1
61	12	32	1
62	12	112	1
63	12	132	1
64	12	505	1
65	12	525	1
66	12	574	1
67	13	33	1
68	13	113	1
69	13	133	1
70	13	506	1
71	13	526	1
72	13	575	1
73	14	34	1
74	14	114	1
75	14	134	1
76	14	507	1
77	14	527	1
78	14	576	1
79	15	35	1
80	15	115	1
81	15	135	1
82	15	503	1
83	15	523	1
84	15	572	1
85	16	36	1
86	16	116	1
87	16	136	1
88	16	509	1
89	16	529	1
90	16	578	1
91	17	37	1
92	17	117	1
93	17	137	1
94	17	151	1
95	17	272	1
96	17	403	1
97	18	38	1
98	18	118	1
99	18	138	1
100	18	511	1
101	18	531	1
102	18	580	1
103	19	39	1
104	19	119	1
105	19	139	1
106	19	152	1
107	19	273	1
108	19	404	1
109	20	40	1
110	20	120	1
111	20	140	1
112	20	513	1
113	20	533	1
114	20	582	1
115	21	41	1
116	21	121	1
117	21	141	1
118	21	153	1
119	21	274	1
120	21	405	1
121	22	42	1
122	22	122	1
123	22	142	1
124	22	515	1
125	22	535	1
126	22	584	1
127	23	43	1
128	23	123	1
129	23	143	1
130	23	154	1
131	23	275	1
132	23	406	1
133	24	44	1
134	24	124	1
135	24	144	1
136	24	517	1
137	24	537	1
138	24	586	1
139	25	45	1
140	25	125	1
141	25	145	1
142	25	155	1
143	25	276	1
144	25	407	1
145	26	46	1
146	26	126	1
147	26	146	1
148	26	519	1
149	26	539	1
150	26	588	1
151	27	47	1
152	27	127	1
153	27	147	1
154	27	158	1
155	27	279	1
156	27	410	1
157	28	48	1
158	28	128	1
159	28	148	1
160	28	160	1
161	28	281	1
162	28	412	1
163	29	49	1
164	29	129	1
165	29	149	1
166	29	162	1
167	29	283	1
168	29	414	1
169	30	50	1
170	30	130	1
171	30	150	1
172	30	164	1
173	30	285	1
174	30	416	1
175	31	51	1
176	31	131	1
177	31	151	1
178	31	573	1
179	31	613	1
180	32	52	1
181	32	132	1
182	32	152	1
183	32	574	1
184	32	614	1
185	33	53	1
186	33	133	1
187	33	153	1
188	33	575	1
189	33	615	1
190	34	54	1
191	34	134	1
192	34	154	1
193	34	576	1
194	34	616	1
195	35	55	1
196	35	135	1
197	35	155	1
198	35	572	1
199	35	612	1
200	36	56	1
201	36	136	1
202	36	156	1
203	36	578	1
204	36	618	1
205	37	51	1
206	37	57	1
207	37	137	1
208	37	151	1
209	37	157	1
210	38	58	1
211	38	138	1
212	38	158	1
213	38	580	1
214	38	620	1
215	39	52	1
216	39	59	1
217	39	139	1
218	39	152	1
219	39	159	1
220	40	60	1
221	40	140	1
222	40	160	1
223	40	582	1
224	40	622	1
225	41	53	1
226	41	61	1
227	41	141	1
228	41	153	1
229	41	161	1
230	42	62	1
231	42	142	1
232	42	162	1
233	42	584	1
234	42	624	1
235	43	54	1
236	43	63	1
237	43	143	1
238	43	154	1
239	43	163	1
240	44	64	1
241	44	144	1
242	44	164	1
243	44	586	1
244	44	626	1
245	45	55	1
246	45	65	1
247	45	145	1
248	45	155	1
249	45	165	1
250	46	66	1
251	46	146	1
252	46	166	1
253	46	588	1
254	46	628	1
255	47	58	1
256	47	67	1
257	47	147	1
258	47	158	1
259	47	167	1
260	48	60	1
261	48	68	1
262	48	148	1
263	48	160	1
264	48	168	1
265	49	62	1
266	49	69	1
267	49	149	1
268	49	162	1
269	49	169	1
270	50	64	1
271	50	70	1
272	50	150	1
273	50	164	1
274	50	170	1
275	51	57	1
276	51	151	1
277	51	613	1
278	52	59	1
279	52	152	1
280	52	614	1
281	53	61	1
282	53	153	1
283	53	615	1
284	54	63	1
285	54	154	1
286	54	616	1
287	55	65	1
288	55	155	1
289	55	612	1
290	56	156	1
291	56	187	1
292	56	318	1
293	56	618	1
294	57	157	1
295	57	179	1
296	57	310	1
297	58	67	1
298	58	158	1
299	58	620	1
300	59	159	1
301	59	181	1
302	59	312	1
303	60	68	1
304	60	160	1
305	60	622	1
306	61	161	1
307	61	183	1
308	61	314	1
309	62	69	1
310	62	162	1
311	62	624	1
312	63	163	1
313	63	185	1
314	63	316	1
315	64	70	1
316	64	164	1
317	64	626	1
318	65	165	1
319	65	177	1
320	65	308	1
321	66	166	1
322	66	611	1
323	66	628	1
324	66	631	1
325	67	167	1
326	67	189	1
327	67	320	1
328	68	168	1
329	68	190	1
330	68	321	1
331	69	169	1
332	69	191	1
333	69	322	1
334	70	170	1
335	70	607	1
336	70	627	1
337	71	91	1
338	71	192	1
339	71	212	1
340	71	304	1
341	71	324	1
342	71	424	1
343	72	92	1
344	72	193	1
345	72	213	1
346	72	305	1
347	72	325	1
348	72	425	1
349	73	93	1
350	73	194	1
351	73	214	1
352	73	306	1
353	73	326	1
354	73	426	1
355	74	94	1
356	74	195	1
357	74	215	1
358	74	307	1
359	74	327	1
360	74	427	1
361	75	95	1
362	75	196	1
363	75	216	1
364	75	303	1
365	75	323	1
366	75	423	1
367	76	96	1
368	76	197	1
369	76	217	1
370	76	309	1
371	76	329	1
372	76	429	1
373	77	97	1
374	77	198	1
375	77	218	1
376	77	483	1
377	77	543	1
378	77	592	1
379	78	98	1
380	78	199	1
381	78	219	1
382	78	311	1
383	78	331	1
384	78	431	1
385	79	99	1
386	79	200	1
387	79	220	1
388	79	484	1
389	79	544	1
390	79	593	1
391	80	100	1
392	80	201	1
393	80	221	1
394	80	313	1
395	80	333	1
396	80	433	1
397	81	101	1
398	81	202	1
399	81	222	1
400	81	485	1
401	81	545	1
402	81	594	1
403	82	102	1
404	82	203	1
405	82	223	1
406	82	315	1
407	82	335	1
408	82	435	1
409	83	103	1
410	83	204	1
411	83	224	1
412	83	486	1
413	83	546	1
414	83	595	1
415	84	104	1
416	84	205	1
417	84	225	1
418	84	317	1
419	84	337	1
420	84	437	1
421	85	105	1
422	85	206	1
423	85	226	1
424	85	487	1
425	85	547	1
426	85	596	1
427	86	106	1
428	86	207	1
429	86	227	1
430	86	319	1
431	86	339	1
432	86	439	1
433	87	107	1
434	87	208	1
435	87	228	1
436	87	490	1
437	87	550	1
438	87	599	1
439	88	108	1
440	88	209	1
441	88	229	1
442	88	492	1
443	88	552	1
444	88	601	1
445	89	109	1
446	89	210	1
447	89	230	1
448	89	494	1
449	89	554	1
450	89	603	1
451	90	110	1
452	90	211	1
453	90	231	1
454	90	496	1
455	90	556	1
456	90	605	1
457	91	111	1
458	91	212	1
459	91	232	1
460	91	424	1
461	91	504	1
462	92	112	1
463	92	213	1
464	92	233	1
465	92	425	1
466	92	505	1
467	93	113	1
468	93	214	1
469	93	234	1
470	93	426	1
471	93	506	1
472	94	114	1
473	94	215	1
474	94	235	1
475	94	427	1
476	94	507	1
477	95	115	1
478	95	216	1
479	95	236	1
480	95	423	1
481	95	503	1
482	96	116	1
483	96	217	1
484	96	237	1
485	96	429	1
486	96	509	1
487	97	117	1
488	97	218	1
489	97	238	1
490	97	403	1
491	97	483	1
492	98	118	1
493	98	219	1
494	98	239	1
495	98	431	1
496	98	511	1
497	99	119	1
498	99	220	1
499	99	240	1
500	99	404	1
501	99	484	1
502	100	120	1
503	100	221	1
504	100	241	1
505	100	433	1
506	100	513	1
507	101	121	1
508	101	222	1
509	101	242	1
510	101	405	1
511	101	485	1
512	102	122	1
513	102	223	1
514	102	243	1
515	102	435	1
516	102	515	1
517	103	123	1
518	103	224	1
519	103	244	1
520	103	406	1
521	103	486	1
522	104	124	1
523	104	225	1
524	104	245	1
525	104	437	1
526	104	517	1
527	105	125	1
528	105	226	1
529	105	246	1
530	105	407	1
531	105	487	1
532	106	126	1
533	106	227	1
534	106	247	1
535	106	439	1
536	106	519	1
537	107	127	1
538	107	228	1
539	107	248	1
540	107	410	1
541	107	490	1
542	108	128	1
543	108	229	1
544	108	249	1
545	108	412	1
546	108	492	1
547	109	129	1
548	109	230	1
549	109	250	1
550	109	414	1
551	109	494	1
552	110	130	1
553	110	231	1
554	110	251	1
555	110	416	1
556	110	496	1
557	111	131	1
558	111	232	1
559	111	252	1
560	111	504	1
561	112	132	1
562	112	233	1
563	112	253	1
564	112	505	1
565	113	133	1
566	113	234	1
567	113	254	1
568	113	506	1
569	114	134	1
570	114	235	1
571	114	255	1
572	114	507	1
573	115	135	1
574	115	236	1
575	115	256	1
576	115	503	1
577	116	136	1
578	116	237	1
579	116	257	1
580	116	509	1
581	117	137	1
582	117	238	1
583	117	258	1
584	117	403	1
585	118	138	1
586	118	239	1
587	118	259	1
588	118	511	1
589	119	139	1
590	119	240	1
591	119	260	1
592	119	404	1
593	120	140	1
594	120	241	1
595	120	261	1
596	120	513	1
597	121	141	1
598	121	242	1
599	121	262	1
600	121	405	1
601	122	142	1
602	122	243	1
603	122	263	1
604	122	515	1
605	123	143	1
606	123	244	1
607	123	264	1
608	123	406	1
609	124	144	1
610	124	245	1
611	124	265	1
612	124	517	1
613	125	145	1
614	125	246	1
615	125	266	1
616	125	407	1
617	126	146	1
618	126	247	1
619	126	267	1
620	126	519	1
621	127	147	1
622	127	248	1
623	127	268	1
624	127	410	1
625	128	148	1
626	128	249	1
627	128	269	1
628	128	412	1
629	129	149	1
630	129	250	1
631	129	270	1
632	129	414	1
633	130	150	1
634	130	251	1
635	130	271	1
636	130	416	1
637	131	151	1
638	131	252	1
639	131	272	1
640	132	152	1
641	132	253	1
642	132	273	1
643	133	153	1
644	133	254	1
645	133	274	1
646	134	154	1
647	134	255	1
648	134	275	1
649	135	155	1
650	135	256	1
651	135	276	1
652	136	156	1
653	136	257	1
654	136	277	1
655	137	157	1
656	137	258	1
657	137	278	1
658	138	158	1
659	138	259	1
660	138	279	1
661	139	159	1
662	139	260	1
663	139	280	1
664	140	160	1
665	140	261	1
666	140	281	1
667	141	161	1
668	141	262	1
669	141	282	1
670	142	162	1
671	142	263	1
672	142	283	1
673	143	163	1
674	143	264	1
675	143	284	1
676	144	164	1
677	144	265	1
678	144	285	1
679	145	165	1
680	145	266	1
681	145	286	1
682	146	166	1
683	146	267	1
684	146	287	1
685	147	167	1
686	147	268	1
687	147	288	1
688	148	168	1
689	148	269	1
690	148	289	1
691	149	169	1
692	149	270	1
693	149	290	1
694	150	170	1
695	150	271	1
696	150	291	1
697	151	272	1
698	152	273	1
699	153	274	1
700	154	275	1
701	155	276	1
702	156	277	1
703	156	292	1
704	156	318	1
705	157	278	1
706	157	293	1
707	157	310	1
708	158	279	1
709	159	280	1
710	159	294	1
711	159	312	1
712	160	281	1
713	161	282	1
714	161	295	1
715	161	314	1
716	162	283	1
717	163	284	1
718	163	296	1
719	163	316	1
720	164	285	1
721	165	286	1
722	165	297	1
723	165	308	1
724	166	287	1
725	166	298	1
726	166	611	1
727	167	288	1
728	167	299	1
729	167	320	1
730	168	289	1
731	168	300	1
732	168	321	1
733	169	290	1
734	169	301	1
735	169	322	1
736	170	291	1
737	170	302	1
738	170	607	1
739	171	172	1
740	171	173	1
741	171	174	1
742	171	175	1
743	171	176	1
744	172	173	1
745	172	176	1
746	172	192	1
747	172	303	1
748	172	304	1
749	173	174	1
750	173	193	1
751	173	304	1
752	173	305	1
753	174	175	1
754	174	194	1
755	174	305	1
756	174	306	1
757	175	176	1
758	175	195	1
759	175	306	1
760	175	307	1
761	176	196	1
762	176	303	1
763	176	307	1
764	177	178	1
765	177	197	1
766	177	308	1
767	177	309	1
768	178	198	1
769	178	309	1
770	178	592	1
771	178	612	1
772	179	180	1
773	179	199	1
774	179	310	1
775	179	311	1
776	180	200	1
777	180	311	1
778	180	593	1
779	180	613	1
780	181	182	1
781	181	201	1
782	181	312	1
783	181	313	1
784	182	202	1
785	182	313	1
786	182	594	1
787	182	614	1
788	183	184	1
789	183	203	1
790	183	314	1
791	183	315	1
792	184	204	1
793	184	315	1
794	184	595	1
795	184	615	1
796	185	186	1
797	185	205	1
798	185	316	1
799	185	317	1
800	186	206	1
801	186	317	1
802	186	596	1
803	186	616	1
804	187	188	1
805	187	207	1
806	187	318	1
807	187	319	1
808	188	208	1
809	188	319	1
810	188	599	1
811	188	619	1
812	189	209	1
813	189	320	1
814	189	601	1
815	189	621	1
816	190	210	1
817	190	321	1
818	190	603	1
819	190	623	1
820	191	211	1
821	191	322	1
822	191	605	1
823	191	625	1
824	192	212	1
825	192	303	1
826	192	304	1
827	192	323	1
828	193	213	1
829	193	304	1
830	193	305	1
831	193	324	1
832	194	214	1
833	194	305	1
834	194	306	1
835	194	325	1
836	195	215	1
837	195	306	1
838	195	307	1
839	195	326	1
840	196	216	1
841	196	303	1
842	196	307	1
843	196	327	1
844	197	217	1
845	197	308	1
846	197	309	1
847	197	328	1
848	198	218	1
849	198	309	1
850	198	329	1
851	198	592	1
852	199	219	1
853	199	310	1
854	199	311	1
855	199	330	1
856	200	220	1
857	200	311	1
858	200	331	1
859	200	593	1
860	201	221	1
861	201	312	1
862	201	313	1
863	201	332	1
864	202	222	1
865	202	313	1
866	202	333	1
867	202	594	1
868	203	223	1
869	203	314	1
870	203	315	1
871	203	334	1
872	204	224	1
873	204	315	1
874	204	335	1
875	204	595	1
876	205	225	1
877	205	316	1
878	205	317	1
879	205	336	1
880	206	226	1
881	206	317	1
882	206	337	1
883	206	596	1
884	207	227	1
885	207	318	1
886	207	319	1
887	207	338	1
888	208	228	1
889	208	319	1
890	208	339	1
891	208	599	1
892	209	229	1
893	209	320	1
894	209	340	1
895	209	601	1
896	210	230	1
897	210	321	1
898	210	341	1
899	210	603	1
900	211	231	1
901	211	322	1
902	211	342	1
903	211	605	1
904	212	232	1
905	212	323	1
906	212	343	1
907	213	233	1
908	213	324	1
909	213	344	1
910	214	234	1
911	214	325	1
912	214	345	1
913	215	235	1
914	215	326	1
915	215	346	1
916	216	236	1
917	216	327	1
918	216	347	1
919	217	237	1
920	217	328	1
921	217	348	1
922	218	238	1
923	218	329	1
924	218	349	1
925	219	239	1
926	219	330	1
927	219	350	1
928	220	240	1
929	220	331	1
930	220	351	1
931	221	241	1
932	221	332	1
933	221	352	1
934	222	242	1
935	222	333	1
936	222	353	1
937	223	243	1
938	223	334	1
939	223	354	1
940	224	244	1
941	224	335	1
942	224	355	1
943	225	245	1
944	225	336	1
945	225	356	2
946	226	246	2
947	226	337	2
948	226	357	2
949	227	247	2
950	227	338	2
951	227	358	2
952	228	248	2
953	228	339	2
954	228	359	2
955	229	249	2
956	229	340	2
957	229	360	2
958	230	250	2
959	230	341	2
960	230	361	2
961	231	251	2
962	231	342	2
963	231	362	2
964	232	252	2
965	232	343	2
966	232	363	2
967	233	253	2
968	233	344	2
969	233	364	2
970	234	254	2
971	234	345	2
972	234	365	2
973	235	255	2
974	235	346	2
975	235	366	2
976	236	256	2
977	236	347	2
978	236	367	2
979	237	257	2
980	237	348	2
981	237	368	2
982	238	258	2
983	238	349	2
984	238	369	2
985	239	259	2
986	239	350	2
987	239	370	2
988	240	260	2
989	240	351	2
990	240	371	2
991	241	261	2
992	241	352	2
993	241	372	2
994	242	262	2
995	242	353	2
996	242	373	2
997	243	263	2
998	243	354	2
999	243	374	2
1000	244	264	2
1001	244	355	2
1002	244	375	2
1003	245	265	2
1004	245	356	2
1005	245	376	2
1006	246	266	2
1007	246	357	2
1008	246	377	2
1009	247	267	2
1010	247	358	2
1011	247	378	2
1012	248	268	2
1013	248	359	2
1014	248	379	2
1015	249	269	2
1016	249	360	2
1017	249	380	2
1018	250	270	2
1019	250	361	2
1020	250	381	2
1021	251	271	2
1022	251	362	2
1023	251	382	2
1024	252	272	2
1025	252	363	2
1026	252	383	2
1027	253	273	2
1028	253	364	2
1029	253	384	2
1030	254	274	2
1031	254	365	2
1032	254	385	2
1033	255	275	2
1034	255	366	2
1035	255	386	2
1036	256	276	2
1037	256	367	2
1038	256	387	2
1039	257	277	2
1040	257	368	2
1041	257	388	2
1042	258	278	2
1043	258	369	2
1044	258	389	2
1045	259	279	2
1046	259	370	2
1047	259	390	2
1048	260	280	2
1049	260	371	2
1050	260	391	2
1051	261	281	2
1052	261	372	2
1053	261	392	2
1054	262	282	2
1055	262	373	2
1056	262	393	2
1057	263	283	2
1058	263	374	2
1059	263	394	2
1060	264	284	2
1061	264	375	2
1062	264	395	2
1063	265	285	2
1064	265	376	2
1065	265	396	2
1066	266	286	2
1067	266	377	2
1068	266	397	2
1069	267	287	2
1070	267	378	2
1071	267	398	2
1072	268	288	2
1073	268	379	2
1074	268	399	2
1075	269	289	2
1076	269	380	2
1077	269	400	2
1078	270	290	2
1079	270	381	2
1080	270	401	2
1081	271	291	2
1082	271	382	2
1083	271	402	2
1084	272	383	2
1085	272	403	2
1086	273	384	2
1087	273	404	2
1088	274	385	2
1089	274	405	2
1090	275	386	2
1091	275	406	2
1092	276	387	2
1093	276	407	2
1094	277	292	2
1095	277	388	2
1096	277	408	2
1097	278	293	2
1098	278	389	2
1099	278	409	2
1100	279	390	2
1101	279	410	2
1102	280	294	2
1103	280	391	2
1104	280	411	2
1105	281	392	2
1106	281	412	2
1107	282	295	2
1108	282	393	2
1109	282	413	2
1110	283	394	2
1111	283	414	2
1112	284	296	2
1113	284	395	2
1114	284	415	2
1115	285	396	2
1116	285	416	2
1117	286	297	2
1118	286	397	2
1119	286	417	2
1120	287	298	2
1121	287	398	2
1122	287	418	2
1123	288	299	2
1124	288	399	2
1125	288	419	2
1126	289	300	2
1127	289	400	2
1128	289	420	2
1129	290	301	2
1130	290	401	2
1131	290	421	2
1132	291	302	2
1133	291	402	2
1134	291	422	2
1135	292	318	2
1136	292	338	2
1137	292	408	2
1138	292	438	2
1139	293	310	2
1140	293	330	2
1141	293	409	2
1142	293	430	2
1143	294	312	2
1144	294	332	2
1145	294	411	2
1146	294	432	2
1147	295	314	2
1148	295	334	2
1149	295	413	2
1150	295	434	2
1151	296	316	2
1152	296	336	2
1153	296	415	2
1154	296	436	2
1155	297	308	2
1156	297	328	2
1157	297	417	2
1158	297	428	2
1159	298	418	2
1160	298	502	2
1161	298	562	2
1162	298	611	2
1163	299	320	2
1164	299	340	2
1165	299	419	2
1166	299	440	2
1167	300	321	2
1168	300	341	2
1169	300	420	2
1170	300	441	2
1171	301	322	2
1172	301	342	2
1173	301	421	2
1174	301	442	2
1175	302	422	2
1176	302	498	2
1177	302	558	2
1178	302	607	2
1179	303	323	2
1180	304	324	2
1181	305	325	2
1182	306	326	2
1183	307	327	2
1184	308	328	2
1185	309	329	2
1186	310	330	2
1187	311	331	2
1188	312	332	2
1189	313	333	2
1190	314	334	2
1191	315	335	2
1192	316	336	2
1193	317	337	2
1194	318	338	2
1195	319	339	2
1196	320	340	2
1197	321	341	2
1198	322	342	2
1199	323	343	2
1200	323	423	2
1201	324	344	2
1202	324	424	2
1203	325	345	2
1204	325	425	2
1205	326	346	2
1206	326	426	2
1207	327	347	2
1208	327	427	2
1209	328	348	2
1210	328	428	2
1211	329	349	2
1212	329	429	2
1213	330	350	2
1214	330	430	2
1215	331	351	2
1216	331	431	2
1217	332	352	2
1218	332	432	2
1219	333	353	2
1220	333	433	2
1221	334	354	2
1222	334	434	2
1223	335	355	2
1224	335	435	2
1225	336	356	2
1226	336	436	2
1227	337	357	2
1228	337	437	2
1229	338	358	2
1230	338	438	2
1231	339	359	2
1232	339	439	2
1233	340	360	2
1234	340	440	2
1235	341	361	2
1236	341	441	2
1237	342	362	2
1238	342	442	2
1239	343	363	2
1240	343	423	2
1241	343	443	2
1242	344	364	2
1243	344	424	2
1244	344	444	2
1245	345	365	2
1246	345	425	2
1247	345	445	2
1248	346	366	2
1249	346	426	2
1250	346	446	2
1251	347	367	2
1252	347	427	2
1253	347	447	2
1254	348	368	2
1255	348	428	2
1256	348	448	2
1257	349	369	2
1258	349	429	2
1259	349	449	2
1260	350	370	2
1261	350	430	2
1262	350	450	2
1263	351	371	2
1264	351	431	2
1265	351	451	2
1266	352	372	2
1267	352	432	2
1268	352	452	2
1269	353	373	2
1270	353	433	2
1271	353	453	2
1272	354	374	2
1273	354	434	2
1274	354	454	2
1275	355	375	2
1276	355	435	2
1277	355	455	2
1278	356	376	2
1279	356	436	2
1280	356	456	2
1281	357	377	2
1282	357	437	2
1283	357	457	2
1284	358	378	2
1285	358	438	2
1286	358	458	2
1287	359	379	2
1288	359	439	2
1289	359	459	2
1290	360	380	2
1291	360	440	2
1292	360	460	2
1293	361	381	2
1294	361	441	2
1295	361	461	2
1296	362	382	2
1297	362	442	2
1298	362	462	2
1299	363	383	2
1300	363	443	2
1301	363	463	2
1302	364	384	2
1303	364	444	2
1304	364	464	2
1305	365	385	2
1306	365	445	2
1307	365	465	2
1308	366	386	2
1309	366	446	2
1310	366	466	2
1311	367	387	2
1312	367	447	2
1313	367	467	2
1314	368	388	2
1315	368	448	2
1316	368	468	2
1317	369	389	2
1318	369	449	2
1319	369	469	2
1320	370	390	2
1321	370	450	2
1322	370	470	2
1323	371	391	2
1324	371	451	2
1325	371	471	2
1326	372	392	2
1327	372	452	2
1328	372	472	2
1329	373	393	2
1330	373	453	2
1331	373	473	2
1332	374	394	2
1333	374	454	2
1334	374	474	2
1335	375	395	2
1336	375	455	2
1337	375	475	2
1338	376	396	2
1339	376	456	2
1340	376	476	2
1341	377	397	2
1342	377	457	2
1343	377	477	2
1344	378	398	2
1345	378	458	2
1346	378	478	2
1347	379	399	2
1348	379	459	2
1349	379	479	2
1350	380	400	2
1351	380	460	2
1352	380	480	2
1353	381	401	2
1354	381	461	2
1355	381	481	2
1356	382	402	2
1357	382	462	2
1358	382	482	2
1359	383	403	2
1360	383	463	2
1361	383	483	2
1362	384	404	2
1363	384	464	2
1364	384	484	2
1365	385	405	2
1366	385	465	2
1367	385	485	2
1368	386	406	2
1369	386	466	2
1370	386	486	2
1371	387	407	2
1372	387	467	2
1373	387	487	2
1374	388	408	2
1375	388	468	2
1376	388	488	2
1377	389	409	2
1378	389	469	2
1379	389	489	2
1380	390	410	2
1381	390	470	2
1382	390	490	2
1383	391	411	2
1384	391	471	2
1385	391	491	2
1386	392	412	2
1387	392	472	2
1388	392	492	2
1389	393	413	2
1390	393	473	2
1391	393	493	2
1392	394	414	2
1393	394	474	2
1394	394	494	2
1395	395	415	2
1396	395	475	2
1397	395	495	2
1398	396	416	2
1399	396	476	2
1400	396	496	2
1401	397	417	2
1402	397	477	2
1403	397	497	2
1404	398	418	2
1405	398	478	2
1406	398	498	2
1407	399	419	2
1408	399	479	2
1409	399	499	2
1410	400	420	2
1411	400	480	2
1412	400	500	2
1413	401	421	2
1414	401	481	2
1415	401	501	2
1416	402	422	2
1417	402	482	2
1418	402	502	2
1419	403	483	2
1420	404	484	2
1421	405	485	2
1422	406	486	2
1423	407	487	2
1424	408	438	2
1425	408	488	2
1426	408	518	2
1427	409	430	2
1428	409	489	2
1429	409	510	2
1430	410	490	2
1431	411	432	2
1432	411	491	2
1433	411	512	2
1434	412	492	2
1435	413	434	2
1436	413	493	2
1437	413	514	2
1438	414	494	2
1439	415	436	2
1440	415	495	2
1441	415	516	2
1442	416	496	2
1443	417	428	2
1444	417	497	2
1445	417	508	2
1446	418	422	2
1447	418	498	2
1448	418	502	2
1449	419	440	2
1450	419	499	2
1451	419	520	2
1452	420	441	2
1453	420	500	2
1454	420	521	2
1455	421	442	2
1456	421	501	2
1457	421	522	2
1458	422	498	2
1459	422	502	2
1460	423	443	2
1461	423	503	2
1462	424	444	2
1463	424	504	2
1464	425	445	2
1465	425	505	2
1466	426	446	2
1467	426	506	2
1468	427	447	2
1469	427	507	2
1470	428	448	2
1471	428	508	2
1472	429	449	2
1473	429	509	2
1474	430	450	2
1475	430	510	2
1476	431	451	2
1477	431	511	2
1478	432	452	2
1479	432	512	2
1480	433	453	2
1481	433	513	2
1482	434	454	2
1483	434	514	2
1484	435	455	2
1485	435	515	2
1486	436	456	2
1487	436	516	2
1488	437	457	2
1489	437	517	2
1490	438	458	2
1491	438	518	2
1492	439	459	2
1493	439	519	2
1494	440	460	2
1495	440	520	2
1496	441	461	2
1497	441	521	2
1498	442	462	2
1499	442	522	2
1500	443	463	2
1501	443	503	2
1502	443	523	2
1503	444	464	2
1504	444	504	2
1505	444	524	2
1506	445	465	2
1507	445	505	2
1508	445	525	2
1509	446	466	2
1510	446	506	2
1511	446	526	2
1512	447	467	2
1513	447	507	2
1514	447	527	2
1515	448	468	2
1516	448	508	2
1517	448	528	2
1518	449	469	2
1519	449	509	2
1520	449	529	2
1521	450	470	2
1522	450	510	2
1523	450	530	2
1524	451	471	2
1525	451	511	2
1526	451	531	2
1527	452	472	2
1528	452	512	2
1529	452	532	2
1530	453	473	2
1531	453	513	2
1532	453	533	2
1533	454	474	2
1534	454	514	2
1535	454	534	2
1536	455	475	2
1537	455	515	2
1538	455	535	2
1539	456	476	2
1540	456	516	2
1541	456	536	2
1542	457	477	2
1543	457	517	2
1544	457	537	2
1545	458	478	2
1546	458	518	2
1547	458	538	2
1548	459	479	2
1549	459	519	2
1550	459	539	2
1551	460	480	2
1552	460	520	2
1553	460	540	2
1554	461	481	2
1555	461	521	2
1556	461	541	2
1557	462	482	2
1558	462	522	2
1559	462	542	2
1560	463	483	2
1561	463	523	2
1562	463	543	2
1563	464	484	2
1564	464	524	2
1565	464	544	2
1566	465	485	2
1567	465	525	2
1568	465	545	2
1569	466	486	2
1570	466	526	2
1571	466	546	2
1572	467	487	2
1573	467	527	2
1574	467	547	2
1575	468	488	2
1576	468	528	2
1577	468	548	2
1578	469	489	2
1579	469	529	2
1580	469	549	2
1581	470	490	2
1582	470	530	2
1583	470	550	2
1584	471	491	2
1585	471	531	2
1586	471	551	2
1587	472	492	2
1588	472	532	2
1589	472	552	2
1590	473	493	2
1591	473	533	2
1592	473	553	2
1593	474	494	2
1594	474	534	2
1595	474	554	2
1596	475	495	2
1597	475	535	2
1598	475	555	2
1599	476	496	2
1600	476	536	2
1601	476	556	2
1602	477	497	2
1603	477	537	2
1604	477	557	2
1605	478	498	2
1606	478	538	2
1607	478	558	2
1608	479	499	2
1609	479	539	2
1610	479	559	2
1611	480	500	2
1612	480	540	2
1613	480	560	2
1614	481	501	2
1615	481	541	2
1616	481	561	2
1617	482	502	2
1618	482	542	2
1619	482	562	2
1620	483	543	2
1621	484	544	2
1622	485	545	2
1623	486	546	2
1624	487	547	2
1625	488	518	2
1626	488	548	2
1627	488	563	2
1628	489	510	2
1629	489	549	2
1630	489	564	2
1631	490	550	2
1632	491	512	2
1633	491	551	2
1634	491	565	2
1635	492	552	2
1636	493	514	2
1637	493	553	2
1638	493	566	2
1639	494	554	2
1640	495	516	2
1641	495	555	2
1642	495	567	2
1643	496	556	2
1644	497	508	2
1645	497	557	2
1646	497	568	2
1647	498	558	2
1648	499	520	2
1649	499	559	2
1650	499	569	2
1651	500	521	2
1652	500	560	2
1653	500	570	2
1654	501	522	2
1655	501	561	2
1656	501	571	2
1657	502	562	2
1658	503	523	2
1659	504	524	2
1660	505	525	2
1661	506	526	2
1662	507	527	2
1663	508	528	2
1664	508	568	2
1665	509	529	2
1666	510	530	2
1667	510	564	2
1668	511	531	2
1669	512	532	2
1670	512	565	2
1671	513	533	2
1672	514	534	2
1673	514	566	2
1674	515	535	2
1675	516	536	2
1676	516	567	2
1677	517	537	2
1678	518	538	2
1679	518	563	2
1680	519	539	2
1681	520	540	2
1682	520	569	2
1683	521	541	2
1684	521	570	2
1685	522	542	2
1686	522	571	2
1687	523	543	2
1688	523	572	2
1689	524	544	2
1690	524	573	2
1691	525	545	2
1692	525	574	2
1693	526	546	2
1694	526	575	2
1695	527	547	2
1696	527	576	2
1697	528	548	2
1698	528	568	2
1699	528	577	2
1700	529	549	2
1701	529	578	2
1702	530	550	2
1703	530	564	2
1704	530	579	2
1705	531	551	2
1706	531	580	2
1707	532	552	2
1708	532	565	2
1709	532	581	2
1710	533	553	2
1711	533	582	2
1712	534	554	2
1713	534	566	2
1714	534	583	2
1715	535	555	2
1716	535	584	2
1717	536	556	2
1718	536	567	2
1719	536	585	2
1720	537	557	2
1721	537	586	2
1722	538	558	2
1723	538	563	2
1724	538	587	2
1725	539	559	2
1726	539	588	2
1727	540	560	2
1728	540	569	2
1729	540	589	2
1730	541	561	2
1731	541	570	2
1732	541	590	2
1733	542	562	2
1734	542	571	2
1735	542	591	2
1736	543	572	2
1737	543	592	2
1738	544	573	2
1739	544	593	2
1740	545	574	2
1741	545	594	2
1742	546	575	2
1743	546	595	2
1744	547	576	2
1745	547	596	2
1746	548	563	2
1747	548	577	2
1748	548	597	2
1749	549	564	2
1750	549	578	2
1751	549	598	2
1752	550	579	2
1753	550	599	2
1754	551	565	2
1755	551	580	2
1756	551	600	2
1757	552	581	2
1758	552	601	2
1759	553	566	2
1760	553	582	2
1761	553	602	2
1762	554	583	2
1763	554	603	2
1764	555	567	2
1765	555	584	2
1766	555	604	2
1767	556	585	2
1768	556	605	2
1769	557	568	2
1770	557	586	2
1771	557	606	2
1772	558	587	2
1773	558	607	2
1774	559	569	2
1775	559	588	2
1776	559	608	2
1777	560	570	2
1778	560	589	2
1779	560	609	2
1780	561	571	2
1781	561	590	2
1782	561	610	2
1783	562	591	2
1784	562	611	2
1785	563	587	2
1786	563	597	2
1787	564	579	2
1788	564	598	2
1789	565	581	2
1790	565	600	2
1791	566	583	2
1792	566	602	2
1793	567	585	2
1794	567	604	2
1795	568	577	2
1796	568	606	2
1797	569	589	2
1798	569	608	2
1799	570	590	2
1800	570	609	2
1801	571	591	2
1802	571	610	2
1803	572	592	2
1804	572	612	2
1805	573	593	2
1806	573	613	2
1807	574	594	2
1808	574	614	2
1809	575	595	2
1810	575	615	2
1811	576	596	2
1812	576	616	2
1813	577	597	2
1814	577	606	2
1815	577	617	2
1816	578	598	2
1817	578	618	2
1818	579	598	2
1819	579	599	2
1820	579	619	2
1821	580	600	2
1822	580	620	2
1823	581	600	2
1824	581	601	2
1825	581	621	2
1826	582	602	2
1827	582	622	2
1828	583	602	2
1829	583	603	2
1830	583	623	2
1831	584	604	2
1832	584	624	2
1833	585	604	2
1834	585	605	2
1835	585	625	2
1836	586	606	2
1837	586	626	2
1838	587	597	2
1839	587	607	2
1840	587	627	2
1841	588	608	2
1842	588	628	2
1843	589	608	2
1844	589	609	2
1845	589	629	2
1846	590	609	2
1847	590	610	2
1848	590	630	2
1849	591	610	2
1850	591	611	2
1851	591	631	2
1852	592	612	2
1853	593	613	2
1854	594	614	2
1855	595	615	2
1856	596	616	2
1857	597	617	2
1858	597	627	2
1859	598	618	2
1860	598	619	2
1861	599	619	2
1862	600	620	2
1863	600	621	2
1864	601	621	2
1865	602	622	2
1866	602	623	2
1867	603	623	2
1868	604	624	2
1869	604	625	2
1870	605	625	2
1871	606	617	2
1872	606	626	2
1873	607	627	2
1874	608	628	2
1875	608	629	2
1876	609	629	2
1877	609	630	2
1878	610	630	2
1879	610	631	2
1880	611	631	2
1881	617	626	2
1882	617	627	2
1883	618	619	2
1884	620	621	2
1885	622	623	2
1886	624	625	2
1887	628	629	2
1888	629	630	2
1889	630	631	2



# Number of Triangles= 1260

triangles

0	0	51	57	1	1 
1	0	51	613	-1	1 
2	0	57	179	1	1 
3	0	179	180	1	1 
4	0	180	613	1	1 
5	1	52	59	1	1 
6	1	52	614	-1	1 
7	1	59	181	1	1 
8	1	181	182	1	1 
9	1	182	614	1	1 
10	2	53	61	1	1 
11	2	53	615	-1	1 
12	2	61	183	1	1 
13	2	183	184	1	1 
14	2	184	615	1	1 
15	3	54	63	1	1 
16	3	54	616	-1	1 
17	3	63	185	1	1 
18	3	185	186	1	1 
19	3	186	616	1	1 
20	4	55	65	1	1 
21	4	55	612	-1	1 
22	4	65	177	1	1 
23	4	177	178	1	1 
24	4	178	612	1	1 
25	5	56	187	1	1 
26	5	56	618	-1	1 
27	5	187	188	1	1 
28	5	188	619	1	1 
29	5	618	619	-1	1 
30	6	58	67	1	1 
31	6	58	620	-1	1 
32	6	67	189	1	1 
33	6	189	621	1	1 
34	6	620	621	-1	1 
35	7	60	68	1	1 
36	7	60	622	-1	1 
37	7	68	190	1	1 
38	7	190	623	1	1 
39	7	622	623	-1	1 
40	8	62	69	1	1 
41	8	62	624	-1	1 
42	8	69	191	1	1 
43	8	191	625	1	1 
44	8	624	625	-1	1 
45	9	64	70	1	1 
46	9	64	626	-1	1 
47	9	70	627	1	1 
48	9	617	626	1	1 
49	9	617	627	-1	1 
50	10	66	628	-1	1 
51	10	66	631	1	1 
52	10	628	629	-1	1 
53	10	629	630	-1	1 
54	10	630	631	-1	1 
55	11	31	131	-1	1 
56	11	31	573	1	1 
57	11	111	131	1	1 
58	11	111	504	-1	1 
59	11	504	524	-1	1 
60	11	524	573	-1	1 
61	12	32	132	-1	1 
62	12	32	574	1	1 
63	12	112	132	1	1 
64	12	112	505	-1	1 
65	12	505	525	-1	1 
66	12	525	574	-1	1 
67	13	33	133	-1	1 
68	13	33	575	1	1 
69	13	113	133	1	1 
70	13	113	506	-1	1 
71	13	506	526	-1	1 
72	13	526	575	-1	1 
73	14	34	134	-1	1 
74	14	34	576	1	1 
75	14	114	134	1	1 
76	14	114	507	-1	1 
77	14	507	527	-1	1 
78	14	527	576	-1	1 
79	15	35	135	-1	1 
80	15	35	572	1	1 
81	15	115	135	1	1 
82	15	115	503	-1	1 
83	15	503	523	-1	1 
84	15	523	572	-1	1 
85	16	36	136	-1	1 
86	16	36	578	1	1 
87	16	116	136	1	1 
88	16	116	509	-1	1 
89	16	509	529	-1	1 
90	16	529	578	-1	1 
91	17	37	137	-1	1 
92	17	37	151	1	1 
93	17	117	137	1	1 
94	17	117	403	-1	1 
95	17	151	272	1	1 
96	17	272	403	1	1 
97	18	38	138	-1	1 
98	18	38	580	1	1 
99	18	118	138	1	1 
100	18	118	511	-1	1 
101	18	511	531	-1	1 
102	18	531	580	-1	1 
103	19	39	139	-1	1 
104	19	39	152	1	1 
105	19	119	139	1	1 
106	19	119	404	-1	1 
107	19	152	273	1	1 
108	19	273	404	1	1 
109	20	40	140	-1	1 
110	20	40	582	1	1 
111	20	120	140	1	1 
112	20	120	513	-1	1 
113	20	513	533	-1	1 
114	20	533	582	-1	1 
115	21	41	141	-1	1 
116	21	41	153	1	1 
117	21	121	141	1	1 
118	21	121	405	-1	1 
119	21	153	274	1	1 
120	21	274	405	1	1 
121	22	42	142	-1	1 
122	22	42	584	1	1 
123	22	122	142	1	1 
124	22	122	515	-1	1 
125	22	515	535	-1	1 
126	22	535	584	-1	1 
127	23	43	143	-1	1 
128	23	43	154	1	1 
129	23	123	143	1	1 
130	23	123	406	-1	1 
131	23	154	275	1	1 
132	23	275	406	1	1 
133	24	44	144	-1	1 
134	24	44	586	1	1 
135	24	124	144	1	1 
136	24	124	517	-1	1 
137	24	517	537	-1	1 
138	24	537	586	-1	1 
139	25	45	145	-1	1 
140	25	45	155	1	1 
141	25	125	145	1	1 
142	25	125	407	-1	1 
143	25	155	276	1	1 
144	25	276	407	1	1 
145	26	46	146	-1	1 
146	26	46	588	1	1 
147	26	126	146	1	1 
148	26	126	519	-1	1 
149	26	519	539	-1	1 
150	26	539	588	-1	1 
151	27	47	147	-1	1 
152	27	47	158	1	1 
153	27	127	147	1	1 
154	27	127	410	-1	1 
155	27	158	279	1	1 
156	27	279	410	1	1 
157	28	48	148	-1	1 
158	28	48	160	1	1 
159	28	128	148	1	1 
160	28	128	412	-1	1 
161	28	160	281	1	1 
162	28	281	412	1	1 
163	29	49	149	-1	1 
164	29	49	162	1	1 
165	29	129	149	1	1 
166	29	129	414	-1	1 
167	29	162	283	1	1 
168	29	283	414	1	1 
169	30	50	150	-1	1 
170	30	50	164	1	1 
171	30	130	150	1	1 
172	30	130	416	-1	1 
173	30	164	285	1	1 
174	30	285	416	1	1 
175	31	51	151	-1	1 
176	31	51	613	1	1 
177	31	131	151	1	1 
178	31	573	613	-1	1 
179	32	52	152	-1	1 
180	32	52	614	1	1 
181	32	132	152	1	1 
182	32	574	614	-1	1 
183	33	53	153	-1	1 
184	33	53	615	1	1 
185	33	133	153	1	1 
186	33	575	615	-1	1 
187	34	54	154	-1	1 
188	34	54	616	1	1 
189	34	134	154	1	1 
190	34	576	616	-1	1 
191	35	55	155	-1	1 
192	35	55	612	1	1 
193	35	135	155	1	1 
194	35	572	612	-1	1 
195	36	56	156	-1	1 
196	36	56	618	1	1 
197	36	136	156	1	1 
198	36	578	618	-1	1 
199	37	51	57	-1	1 
200	37	51	151	1	1 
201	37	57	157	-1	1 
202	37	137	157	1	1 
203	38	58	158	-1	1 
204	38	58	620	1	1 
205	38	138	158	1	1 
206	38	580	620	-1	1 
207	39	52	59	-1	1 
208	39	52	152	1	1 
209	39	59	159	-1	1 
210	39	139	159	1	1 
211	40	60	160	-1	1 
212	40	60	622	1	1 
213	40	140	160	1	1 
214	40	582	622	-1	1 
215	41	53	61	-1	1 
216	41	53	153	1	1 
217	41	61	161	-1	1 
218	41	141	161	1	1 
219	42	62	162	-1	1 
220	42	62	624	1	1 
221	42	142	162	1	1 
222	42	584	624	-1	1 
223	43	54	63	-1	1 
224	43	54	154	1	1 
225	43	63	163	-1	1 
226	43	143	163	1	1 
227	44	64	164	-1	1 
228	44	64	626	1	1 
229	44	144	164	1	1 
230	44	586	626	-1	1 
231	45	55	65	-1	1 
232	45	55	155	1	1 
233	45	65	165	-1	1 
234	45	145	165	1	1 
235	46	66	166	-1	1 
236	46	66	628	1	1 
237	46	146	166	1	1 
238	46	588	628	-1	1 
239	47	58	67	-1	1 
240	47	58	158	1	1 
241	47	67	167	-1	1 
242	47	147	167	1	1 
243	48	60	68	-1	1 
244	48	60	160	1	1 
245	48	68	168	-1	1 
246	48	148	168	1	1 
247	49	62	69	-1	1 
248	49	62	162	1	1 
249	49	69	169	-1	1 
250	49	149	169	1	1 
251	50	64	70	-1	1 
252	50	64	164	1	1 
253	50	70	170	-1	1 
254	50	150	170	1	1 
255	56	156	318	1	1 
256	56	187	318	-1	1 
257	57	157	310	1	1 
258	57	179	310	-1	1 
259	59	159	312	1	1 
260	59	181	312	-1	1 
261	61	161	314	1	1 
262	61	183	314	-1	1 
263	63	163	316	1	1 
264	63	185	316	-1	1 
265	65	165	308	1	1 
266	65	177	308	-1	1 
267	66	166	611	1	1 
268	66	611	631	1	1 
269	67	167	320	1	1 
270	67	189	320	-1	1 
271	68	168	321	1	1 
272	68	190	321	-1	1 
273	69	169	322	1	1 
274	69	191	322	-1	1 
275	70	170	607	1	1 
276	70	607	627	1	1 
277	71	91	212	-1	1 
278	71	91	424	1	1 
279	71	192	212	1	1 
280	71	192	304	-1	1 
281	71	304	324	-1	1 
282	71	324	424	-1	1 
283	72	92	213	-1	1 
284	72	92	425	1	1 
285	72	193	213	1	1 
286	72	193	305	-1	1 
287	72	305	325	-1	1 
288	72	325	425	-1	1 
289	73	93	214	-1	1 
290	73	93	426	1	1 
291	73	194	214	1	1 
292	73	194	306	-1	1 
293	73	306	326	-1	1 
294	73	326	426	-1	1 
295	74	94	215	-1	1 
296	74	94	427	1	1 
297	74	195	215	1	1 
298	74	195	307	-1	1 
299	74	307	327	-1	1 
300	74	327	427	-1	1 
301	75	95	216	-1	1 
302	75	95	423	1	1 
303	75	196	216	1	1 
304	75	196	303	-1	1 
305	75	303	323	-1	1 
306	75	323	423	-1	1 
307	76	96	217	-1	1 
308	76	96	429	1	1 
309	76	197	217	1	1 
310	76	197	309	-1	1 
311	76	309	329	-1	1 
312	76	329	429	-1	1 
313	77	97	218	-1	1 
314	77	97	483	1	1 
315	77	198	218	1	1 
316	77	198	592	-1	1 
317	77	483	543	1	1 
318	77	543	592	1	1 
319	78	98	219	-1	1 
320	78	98	431	1	1 
321	78	199	219	1	1 
322	78	199	311	-1	1 
323	78	311	331	-1	1 
324	78	331	431	-1	1 
325	79	99	220	-1	1 
326	79	99	484	1	1 
327	79	200	220	1	1 
328	79	200	593	-1	1 
329	79	484	544	1	1 
330	79	544	593	1	1 
331	80	100	221	-1	1 
332	80	100	433	1	1 
333	80	201	221	1	1 
334	80	201	313	-1	1 
335	80	313	333	-1	1 
336	80	333	433	-1	1 
337	81	101	222	-1	1 
338	81	101	485	1	1 
339	81	202	222	1	1 
340	81	202	594	-1	1 
341	81	485	545	1	1 
342	81	545	594	1	1 
343	82	102	223	-1	1 
344	82	102	435	1	1 
345	82	203	223	1	1 
346	82	203	315	-1	1 
347	82	315	335	-1	1 
348	82	335	435	-1	1 
349	83	103	224	-1	1 
350	83	103	486	1	1 
351	83	204	224	1	1 
352	83	204	595	-1	1 
353	83	486	546	1	1 
354	83	546	595	1	1 
355	84	104	225	-1	1 
356	84	104	437	1	1 
357	84	205	225	1	1 
358	84	205	317	-1	1 
359	84	317	337	-1	1 
360	84	337	437	-1	1 
361	85	105	226	-1	1 
362	85	105	487	1	1 
363	85	206	226	1	1 
364	85	206	596	-1	1 
365	85	487	547	1	1 
366	85	547	596	1	1 
367	86	106	227	-1	1 
368	86	106	439	1	1 
369	86	207	227	1	1 
370	86	207	319	-1	1 
371	86	319	339	-1	1 
372	86	339	439	-1	1 
373	87	107	228	-1	1 
374	87	107	490	1	1 
375	87	208	228	1	1 
376	87	208	599	-1	1 
377	87	490	550	1	1 
378	87	550	599	1	1 
379	88	108	229	-1	1 
380	88	108	492	1	1 
381	88	209	229	1	1 
382	88	209	601	-1	1 
383	88	492	552	1	1 
384	88	552	601	1	1 
385	89	109	230	-1	1 
386	89	109	494	1	1 
387	89	210	230	1	1 
388	89	210	603	-1	1 
389	89	494	554	1	1 
390	89	554	603	1	1 
391	90	110	231	-1	1 
392	90	110	496	1	1 
393	90	211	231	1	1 
394	90	211	605	-1	1 
395	90	496	556	1	1 
396	90	556	605	1	1 
397	91	111	232	-1	1 
398	91	111	504	1	1 
399	91	212	232	1	1 
400	91	424	504	-1	1 
401	92	112	233	-1	1 
402	92	112	505	1	1 
403	92	213	233	1	1 
404	92	425	505	-1	1 
405	93	113	234	-1	1 
406	93	113	506	1	1 
407	93	214	234	1	1 
408	93	426	506	-1	1 
409	94	114	235	-1	1 
410	94	114	507	1	1 
411	94	215	235	1	1 
412	94	427	507	-1	1 
413	95	115	236	-1	1 
414	95	115	503	1	1 
415	95	216	236	1	1 
416	95	423	503	-1	1 
417	96	116	237	-1	1 
418	96	116	509	1	1 
419	96	217	237	1	1 
420	96	429	509	-1	1 
421	97	117	238	-1	1 
422	97	117	403	1	1 
423	97	218	238	1	1 
424	97	403	483	1	1 
425	98	118	239	-1	1 
426	98	118	511	1	1 
427	98	219	239	1	1 
428	98	431	511	-1	1 
429	99	119	240	-1	1 
430	99	119	404	1	1 
431	99	220	240	1	1 
432	99	404	484	1	1 
433	100	120	241	-1	1 
434	100	120	513	1	1 
435	100	221	241	1	1 
436	100	433	513	-1	1 
437	101	121	242	-1	1 
438	101	121	405	1	1 
439	101	222	242	1	1 
440	101	405	485	1	1 
441	102	122	243	-1	1 
442	102	122	515	1	1 
443	102	223	243	1	1 
444	102	435	515	-1	1 
445	103	123	244	-1	1 
446	103	123	406	1	1 
447	103	224	244	1	1 
448	103	406	486	1	1 
449	104	124	245	-1	1 
450	104	124	517	1	1 
451	104	225	245	1	1 
452	104	437	517	-1	1 
453	105	125	246	-1	1 
454	105	125	407	1	1 
455	105	226	246	1	1 
456	105	407	487	1	1 
457	106	126	247	-1	1 
458	106	126	519	1	1 
459	106	227	247	1	1 
460	106	439	519	-1	1 
461	107	127	248	-1	1 
462	107	127	410	1	1 
463	107	228	248	1	1 
464	107	410	490	1	1 
465	108	128	249	-1	1 
466	108	128	412	1	1 
467	108	229	249	1	1 
468	108	412	492	1	1 
469	109	129	250	-1	1 
470	109	129	414	1	1 
471	109	230	250	1	1 
472	109	414	494	1	1 
473	110	130	251	-1	1 
474	110	130	416	1	1 
475	110	231	251	1	1 
476	110	416	496	1	1 
477	111	131	252	-1	1 
478	111	232	252	1	1 
479	112	132	253	-1	1 
480	112	233	253	1	1 
481	113	133	254	-1	1 
482	113	234	254	1	1 
483	114	134	255	-1	1 
484	114	235	255	1	1 
485	115	135	256	-1	1 
486	115	236	256	1	1 
487	116	136	257	-1	1 
488	116	237	257	1	1 
489	117	137	258	-1	1 
490	117	238	258	1	1 
491	118	138	259	-1	1 
492	118	239	259	1	1 
493	119	139	260	-1	1 
494	119	240	260	1	1 
495	120	140	261	-1	1 
496	120	241	261	1	1 
497	121	141	262	-1	1 
498	121	242	262	1	1 
499	122	142	263	-1	1 
500	122	243	263	1	1 
501	123	143	264	-1	1 
502	123	244	264	1	1 
503	124	144	265	-1	1 
504	124	245	265	1	1 
505	125	145	266	-1	1 
506	125	246	266	1	1 
507	126	146	267	-1	1 
508	126	247	267	1	1 
509	127	147	268	-1	1 
510	127	248	268	1	1 
511	128	148	269	-1	1 
512	128	249	269	1	1 
513	129	149	270	-1	1 
514	129	250	270	1	1 
515	130	150	271	-1	1 
516	130	251	271	1	1 
517	131	151	272	-1	1 
518	131	252	272	1	1 
519	132	152	273	-1	1 
520	132	253	273	1	1 
521	133	153	274	-1	1 
522	133	254	274	1	1 
523	134	154	275	-1	1 
524	134	255	275	1	1 
525	135	155	276	-1	1 
526	135	256	276	1	1 
527	136	156	277	-1	1 
528	136	257	277	1	1 
529	137	157	278	-1	1 
530	137	258	278	1	1 
531	138	158	279	-1	1 
532	138	259	279	1	1 
533	139	159	280	-1	1 
534	139	260	280	1	1 
535	140	160	281	-1	1 
536	140	261	281	1	1 
537	141	161	282	-1	1 
538	141	262	282	1	1 
539	142	162	283	-1	1 
540	142	263	283	1	1 
541	143	163	284	-1	1 
542	143	264	284	1	1 
543	144	164	285	-1	1 
544	144	265	285	1	1 
545	145	165	286	-1	1 
546	145	266	286	1	1 
547	146	166	287	-1	1 
548	146	267	287	1	1 
549	147	167	288	-1	1 
550	147	268	288	1	1 
551	148	168	289	-1	1 
552	148	269	289	1	1 
553	149	169	290	-1	1 
554	149	270	290	1	1 
555	150	170	291	-1	1 
556	150	271	291	1	1 
557	156	277	292	1	1 
558	156	292	318	1	1 
559	157	278	293	1	1 
560	157	293	310	1	1 
561	159	280	294	1	1 
562	159	294	312	1	1 
563	161	282	295	1	1 
564	161	295	314	1	1 
565	163	284	296	1	1 
566	163	296	316	1	1 
567	165	286	297	1	1 
568	165	297	308	1	1 
569	166	287	298	1	1 
570	166	298	611	1	1 
571	167	288	299	1	1 
572	167	299	320	1	1 
573	168	289	300	1	1 
574	168	300	321	1	1 
575	169	290	301	1	1 
576	169	301	322	1	1 
577	170	291	302	1	1 
578	170	302	607	1	1 
579	171	172	173	1	1 
580	171	172	176	-1	1 
581	171	173	174	1	1 
582	171	174	175	1	1 
583	171	175	176	1	1 
584	172	173	304	-1	1 
585	172	176	303	1	1 
586	172	192	303	-1	1 
587	172	192	304	1	1 
588	173	174	305	-1	1 
589	173	193	304	-1	1 
590	173	193	305	1	1 
591	174	175	306	-1	1 
592	174	194	305	-1	1 
593	174	194	306	1	1 
594	175	176	307	-1	1 
595	175	195	306	-1	1 
596	175	195	307	1	1 
597	176	196	303	1	1 
598	176	196	307	-1	1 
599	177	178	309	-1	1 
600	177	197	308	-1	1 
601	177	197	309	1	1 
602	178	198	309	-1	1 
603	178	198	592	1	1 
604	178	592	612	1	1 
605	179	180	311	-1	1 
606	179	199	310	-1	1 
607	179	199	311	1	1 
608	180	200	311	-1	1 
609	180	200	593	1	1 
610	180	593	613	1	1 
611	181	182	313	-1	1 
612	181	201	312	-1	1 
613	181	201	313	1	1 
614	182	202	313	-1	1 
615	182	202	594	1	1 
616	182	594	614	1	1 
617	183	184	315	-1	1 
618	183	203	314	-1	1 
619	183	203	315	1	1 
620	184	204	315	-1	1 
621	184	204	595	1	1 
622	184	595	615	1	1 
623	185	186	317	-1	1 
624	185	205	316	-1	1 
625	185	205	317	1	1 
626	186	206	317	-1	1 
627	186	206	596	1	1 
628	186	596	616	1	1 
629	187	188	319	-1	1 
630	187	207	318	-1	1 
631	187	207	319	1	1 
632	188	208	319	-1	1 
633	188	208	599	1	1 
634	188	599	619	1	1 
635	189	209	320	-1	1 
636	189	209	601	1	1 
637	189	601	621	1	1 
638	190	210	321	-1	1 
639	190	210	603	1	1 
640	190	603	623	1	1 
641	191	211	322	-1	1 
642	191	211	605	1	1 
643	191	605	625	1	1 
644	192	212	323	-1	1 
645	192	303	323	1	1 
646	193	213	324	-1	1 
647	193	304	324	1	1 
648	194	214	325	-1	1 
649	194	305	325	1	1 
650	195	215	326	-1	1 
651	195	306	326	1	1 
652	196	216	327	-1	1 
653	196	307	327	1	1 
654	197	217	328	-1	1 
655	197	308	328	1	1 
656	198	218	329	-1	1 
657	198	309	329	1	1 
658	199	219	330	-1	1 
659	199	310	330	1	1 
660	200	220	331	-1	1 
661	200	311	331	1	1 
662	201	221	332	-1	1 
663	201	312	332	1	1 
664	202	222	333	-1	1 
665	202	313	333	1	1 
666	203	223	334	-1	1 
667	203	314	334	1	1 
668	204	224	335	-1	1 
669	204	315	335	1	1 
670	205	225	336	-1	1 
671	205	316	336	1	1 
672	206	226	337	-1	1 
673	206	317	337	1	1 
674	207	227	338	-1	1 
675	207	318	338	1	1 
676	208	228	339	-1	1 
677	208	319	339	1	1 
678	209	229	340	-1	1 
679	209	320	340	1	1 
680	210	230	341	-1	1 
681	210	321	341	1	1 
682	211	231	342	-1	1 
683	211	322	342	1	1 
684	212	232	343	-1	1 
685	212	323	343	1	1 
686	213	233	344	-1	1 
687	213	324	344	1	1 
688	214	234	345	-1	1 
689	214	325	345	1	1 
690	215	235	346	-1	1 
691	215	326	346	1	1 
692	216	236	347	-1	1 
693	216	327	347	1	1 
694	217	237	348	-1	1 
695	217	328	348	1	1 
696	218	238	349	-1	1 
697	218	329	349	1	1 
698	219	239	350	-1	1 
699	219	330	350	1	1 
700	220	240	351	-1	1 
701	220	331	351	1	1 
702	221	241	352	-1	1 
703	221	332	352	1	1 
704	222	242	353	-1	1 
705	222	333	353	1	1 
706	223	243	354	-1	1 
707	223	334	354	1	1 
708	224	244	355	-1	1 
709	224	335	355	1	1 
710	225	245	356	-1	1 
711	225	336	356	1	1 
712	226	246	357	-1	1 
713	226	337	357	1	1 
714	227	247	358	-1	1 
715	227	338	358	1	1 
716	228	248	359	-1	1 
717	228	339	359	1	1 
718	229	249	360	-1	1 
719	229	340	360	1	1 
720	230	250	361	-1	1 
721	230	341	361	1	1 
722	231	251	362	-1	1 
723	231	342	362	1	1 
724	232	252	363	-1	1 
725	232	343	363	1	1 
726	233	253	364	-1	1 
727	233	344	364	1	1 
728	234	254	365	-1	1 
729	234	345	365	1	1 
730	235	255	366	-1	1 
731	235	346	366	1	1 
732	236	256	367	-1	1 
733	236	347	367	1	1 
734	237	257	368	-1	1 
735	237	348	368	1	1 
736	238	258	369	-1	1 
737	238	349	369	1	1 
738	239	259	370	-1	1 
739	239	350	370	1	1 
740	240	260	371	-1	1 
741	240	351	371	1	1 
742	241	261	372	-1	1 
743	241	352	372	1	1 
744	242	262	373	-1	1 
745	242	353	373	1	1 
746	243	263	374	-1	1 
747	243	354	374	1	1 
748	244	264	375	-1	1 
749	244	355	375	1	1 
750	245	265	376	-1	1 
751	245	356	376	1	1 
752	246	266	377	-1	1 
753	246	357	377	1	1 
754	247	267	378	-1	1 
755	247	358	378	1	1 
756	248	268	379	-1	1 
757	248	359	379	1	1 
758	249	269	380	-1	1 
759	249	360	380	1	1 
760	250	270	381	-1	1 
761	250	361	381	1	1 
762	251	271	382	-1	1 
763	251	362	382	1	1 
764	252	272	383	-1	1 
765	252	363	383	1	1 
766	253	273	384	-1	1 
767	253	364	384	1	1 
768	254	274	385	-1	1 
769	254	365	385	1	1 
770	255	275	386	-1	1 
771	255	366	386	1	1 
772	256	276	387	-1	1 
773	256	367	387	1	1 
774	257	277	388	-1	1 
775	257	368	388	1	1 
776	258	278	389	-1	1 
777	258	369	389	1	1 
778	259	279	390	-1	1 
779	259	370	390	1	1 
780	260	280	391	-1	1 
781	260	371	391	1	1 
782	261	281	392	-1	1 
783	261	372	392	1	1 
784	262	282	393	-1	1 
785	262	373	393	1	1 
786	263	283	394	-1	1 
787	263	374	394	1	1 
788	264	284	395	-1	1 
789	264	375	395	1	1 
790	265	285	396	-1	1 
791	265	376	396	1	1 
792	266	286	397	-1	1 
793	266	377	397	1	1 
794	267	287	398	-1	1 
795	267	378	398	1	1 
796	268	288	399	-1	1 
797	268	379	399	1	1 
798	269	289	400	-1	1 
799	269	380	400	1	1 
800	270	290	401	-1	1 
801	270	381	401	1	1 
802	271	291	402	-1	1 
803	271	382	402	1	1 
804	272	383	403	1	1 
805	273	384	404	1	1 
806	274	385	405	1	1 
807	275	386	406	1	1 
808	276	387	407	1	1 
809	277	292	408	-1	1 
810	277	388	408	1	1 
811	278	293	409	-1	1 
812	278	389	409	1	1 
813	279	390	410	1	1 
814	280	294	411	-1	1 
815	280	391	411	1	1 
816	281	392	412	1	1 
817	282	295	413	-1	1 
818	282	393	413	1	1 
819	283	394	414	1	1 
820	284	296	415	-1	1 
821	284	395	415	1	1 
822	285	396	416	1	1 
823	286	297	417	-1	1 
824	286	397	417	1	1 
825	287	298	418	-1	1 
826	287	398	418	1	1 
827	288	299	419	-1	1 
828	288	399	419	1	1 
829	289	300	420	-1	1 
830	289	400	420	1	1 
831	290	301	421	-1	1 
832	290	401	421	1	1 
833	291	302	422	-1	1 
834	291	402	422	1	1 
835	292	318	338	-1	1 
836	292	338	438	-1	1 
837	292	408	438	1	1 
838	293	310	330	-1	1 
839	293	330	430	-1	1 
840	293	409	430	1	1 
841	294	312	332	-1	1 
842	294	332	432	-1	1 
843	294	411	432	1	1 
844	295	314	334	-1	1 
845	295	334	434	-1	1 
846	295	413	434	1	1 
847	296	316	336	-1	1 
848	296	336	436	-1	1 
849	296	415	436	1	1 
850	297	308	328	-1	1 
851	297	328	428	-1	1 
852	297	417	428	1	1 
853	298	418	502	1	1 
854	298	502	562	1	1 
855	298	562	611	1	1 
856	299	320	340	-1	1 
857	299	340	440	-1	1 
858	299	419	440	1	1 
859	300	321	341	-1	1 
860	300	341	441	-1	1 
861	300	420	441	1	1 
862	301	322	342	-1	1 
863	301	342	442	-1	1 
864	301	421	442	1	1 
865	302	422	498	1	1 
866	302	498	558	1	1 
867	302	558	607	1	1 
868	323	343	423	-1	1 
869	324	344	424	-1	1 
870	325	345	425	-1	1 
871	326	346	426	-1	1 
872	327	347	427	-1	1 
873	328	348	428	-1	1 
874	329	349	429	-1	1 
875	330	350	430	-1	1 
876	331	351	431	-1	1 
877	332	352	432	-1	1 
878	333	353	433	-1	1 
879	334	354	434	-1	1 
880	335	355	435	-1	1 
881	336	356	436	-1	1 
882	337	357	437	-1	1 
883	338	358	438	-1	1 
884	339	359	439	-1	1 
885	340	360	440	-1	1 
886	341	361	441	-1	1 
887	342	362	442	-1	1 
888	343	363	443	-1	1 
889	343	423	443	1	1 
890	344	364	444	-1	1 
891	344	424	444	1	1 
892	345	365	445	-1	1 
893	345	425	445	1	1 
894	346	366	446	-1	1 
895	346	426	446	1	1 
896	347	367	447	-1	1 
897	347	427	447	1	1 
898	348	368	448	-1	1 
899	348	428	448	1	1 
900	349	369	449	-1	1 
901	349	429	449	1	1 
902	350	370	450	-1	1 
903	350	430	450	1	1 
904	351	371	451	-1	1 
905	351	431	451	1	1 
906	352	372	452	-1	1 
907	352	432	452	1	1 
908	353	373	453	-1	1 
909	353	433	453	1	1 
910	354	374	454	-1	1 
911	354	434	454	1	1 
912	355	375	455	-1	1 
913	355	435	455	1	1 
914	356	376	456	-1	1 
915	356	436	456	1	1 
916	357	377	457	-1	1 
917	357	437	457	1	1 
918	358	378	458	-1	1 
919	358	438	458	1	1 
920	359	379	459	-1	1 
921	359	439	459	1	1 
922	360	380	460	-1	1 
923	360	440	460	1	1 
924	361	381	461	-1	1 
925	361	441	461	1	1 
926	362	382	462	-1	1 
927	362	442	462	1	1 
928	363	383	463	-1	1 
929	363	443	463	1	1 
930	364	384	464	-1	1 
931	364	444	464	1	1 
932	365	385	465	-1	1 
933	365	445	465	1	1 
934	366	386	466	-1	1 
935	366	446	466	1	1 
936	367	387	467	-1	1 
937	367	447	467	1	1 
938	368	388	468	-1	1 
939	368	448	468	1	1 
940	369	389	469	-1	1 
941	369	449	469	1	1 
942	370	390	470	-1	1 
943	370	450	470	1	1 
944	371	391	471	-1	1 
945	371	451	471	1	1 
946	372	392	472	-1	1 
947	372	452	472	1	1 
948	373	393	473	-1	1 
949	373	453	473	1	1 
950	374	394	474	-1	1 
951	374	454	474	1	1 
952	375	395	475	-1	1 
953	375	455	475	1	1 
954	376	396	476	-1	1 
955	376	456	476	1	1 
956	377	397	477	-1	1 
957	377	457	477	1	1 
958	378	398	478	-1	1 
959	378	458	478	1	1 
960	379	399	479	-1	1 
961	379	459	479	1	1 
962	380	400	480	-1	1 
963	380	460	480	1	1 
964	381	401	481	-1	1 
965	381	461	481	1	1 
966	382	402	482	-1	1 
967	382	462	482	1	1 
968	383	403	483	-1	1 
969	383	463	483	1	1 
970	384	404	484	-1	1 
971	384	464	484	1	1 
972	385	405	485	-1	1 
973	385	465	485	1	1 
974	386	406	486	-1	1 
975	386	466	486	1	1 
976	387	407	487	-1	1 
977	387	467	487	1	1 
978	388	408	488	-1	1 
979	388	468	488	1	1 
980	389	409	489	-1	1 
981	389	469	489	1	1 
982	390	410	490	-1	1 
983	390	470	490	1	1 
984	391	411	491	-1	1 
985	391	471	491	1	1 
986	392	412	492	-1	1 
987	392	472	492	1	1 
988	393	413	493	-1	1 
989	393	473	493	1	1 
990	394	414	494	-1	1 
991	394	474	494	1	1 
992	395	415	495	-1	1 
993	395	475	495	1	1 
994	396	416	496	-1	1 
995	396	476	496	1	1 
996	397	417	497	-1	1 
997	397	477	497	1	1 
998	398	418	498	-1	1 
999	398	478	498	1	1 
1000	399	419	499	-1	1 
1001	399	479	499	1	1 
1002	400	420	500	-1	1 
1003	400	480	500	1	1 
1004	401	421	501	-1	1 
1005	401	481	501	1	1 
1006	402	422	502	-1	1 
1007	402	482	502	1	1 
1008	408	438	518	-1	1 
1009	408	488	518	1	1 
1010	409	430	510	-1	1 
1011	409	489	510	1	1 
1012	411	432	512	-1	1 
1013	411	491	512	1	1 
1014	413	434	514	-1	1 
1015	413	493	514	1	1 
1016	415	436	516	-1	1 
1017	415	495	516	1	1 
1018	417	428	508	-1	1 
1019	417	497	508	1	1 
1020	418	422	498	-1	1 
1021	418	422	502	1	1 
1022	419	440	520	-1	1 
1023	419	499	520	1	1 
1024	420	441	521	-1	1 
1025	420	500	521	1	1 
1026	421	442	522	-1	1 
1027	421	501	522	1	1 
1028	423	443	503	-1	1 
1029	424	444	504	-1	1 
1030	425	445	505	-1	1 
1031	426	446	506	-1	1 
1032	427	447	507	-1	1 
1033	428	448	508	-1	1 
1034	429	449	509	-1	1 
1035	430	450	510	-1	1 
1036	431	451	511	-1	1 
1037	432	452	512	-1	1 
1038	433	453	513	-1	1 
1039	434	454	514	-1	1 
1040	435	455	515	-1	1 
1041	436	456	516	-1	1 
1042	437	457	517	-1	1 
1043	438	458	518	-1	1 
1044	439	459	519	-1	1 
1045	440	460	520	-1	1 
1046	441	461	521	-1	1 
1047	442	462	522	-1	1 
1048	443	463	523	-1	1 
1049	443	503	523	1	1 
1050	444	464	524	-1	1 
1051	444	504	524	1	1 
1052	445	465	525	-1	1 
1053	445	505	525	1	1 
1054	446	466	526	-1	1 
1055	446	506	526	1	1 
1056	447	467	527	-1	1 
1057	447	507	527	1	1 
1058	448	468	528	-1	1 
1059	448	508	528	1	1 
1060	449	469	529	-1	1 
1061	449	509	529	1	1 
1062	450	470	530	-1	1 
1063	450	510	530	1	1 
1064	451	471	531	-1	1 
1065	451	511	531	1	1 
1066	452	472	532	-1	1 
1067	452	512	532	1	1 
1068	453	473	533	-1	1 
1069	453	513	533	1	1 
1070	454	474	534	-1	1 
1071	454	514	534	1	1 
1072	455	475	535	-1	1 
1073	455	515	535	1	1 
1074	456	476	536	-1	1 
1075	456	516	536	1	1 
1076	457	477	537	-1	1 
1077	457	517	537	1	1 
1078	458	478	538	-1	1 
1079	458	518	538	1	1 
1080	459	479	539	-1	1 
1081	459	519	539	1	1 
1082	460	480	540	-1	1 
1083	460	520	540	1	1 
1084	461	481	541	-1	1 
1085	461	521	541	1	1 
1086	462	482	542	-1	1 
1087	462	522	542	1	1 
1088	463	483	543	-1	1 
1089	463	523	543	1	1 
1090	464	484	544	-1	1 
1091	464	524	544	1	1 
1092	465	485	545	-1	1 
1093	465	525	545	1	1 
1094	466	486	546	-1	1 
1095	466	526	546	1	1 
1096	467	487	547	-1	1 
1097	467	527	547	1	1 
1098	468	488	548	-1	1 
1099	468	528	548	1	1 
1100	469	489	549	-1	1 
1101	469	529	549	1	1 
1102	470	490	550	-1	1 
1103	470	530	550	1	1 
1104	471	491	551	-1	1 
1105	471	531	551	1	1 
1106	472	492	552	-1	1 
1107	472	532	552	1	1 
1108	473	493	553	-1	1 
1109	473	533	553	1	1 
1110	474	494	554	-1	1 
1111	474	534	554	1	1 
1112	475	495	555	-1	1 
1113	475	535	555	1	1 
1114	476	496	556	-1	1 
1115	476	536	556	1	1 
1116	477	497	557	-1	1 
1117	477	537	557	1	1 
1118	478	498	558	-1	1 
1119	478	538	558	1	1 
1120	479	499	559	-1	1 
1121	479	539	559	1	1 
1122	480	500	560	-1	1 
1123	480	540	560	1	1 
1124	481	501	561	-1	1 
1125	481	541	561	1	1 
1126	482	502	562	-1	1 
1127	482	542	562	1	1 
1128	488	518	563	-1	1 
1129	488	548	563	1	1 
1130	489	510	564	-1	1 
1131	489	549	564	1	1 
1132	491	512	565	-1	1 
1133	491	551	565	1	1 
1134	493	514	566	-1	1 
1135	493	553	566	1	1 
1136	495	516	567	-1	1 
1137	495	555	567	1	1 
1138	497	508	568	-1	1 
1139	497	557	568	1	1 
1140	499	520	569	-1	1 
1141	499	559	569	1	1 
1142	500	521	570	-1	1 
1143	500	560	570	1	1 
1144	501	522	571	-1	1 
1145	501	561	571	1	1 
1146	508	528	568	-1	1 
1147	510	530	564	-1	1 
1148	512	532	565	-1	1 
1149	514	534	566	-1	1 
1150	516	536	567	-1	1 
1151	518	538	563	-1	1 
1152	520	540	569	-1	1 
1153	521	541	570	-1	1 
1154	522	542	571	-1	1 
1155	523	543	572	-1	1 
1156	524	544	573	-1	1 
1157	525	545	574	-1	1 
1158	526	546	575	-1	1 
1159	527	547	576	-1	1 
1160	528	548	577	-1	1 
1161	528	568	577	1	1 
1162	529	549	578	-1	1 
1163	530	550	579	-1	1 
1164	530	564	579	1	1 
1165	531	551	580	-1	1 
1166	532	552	581	-1	1 
1167	532	565	581	1	1 
1168	533	553	582	-1	1 
1169	534	554	583	-1	1 
1170	534	566	583	1	1 
1171	535	555	584	-1	1 
1172	536	556	585	-1	1 
1173	536	567	585	1	1 
1174	537	557	586	-1	1 
1175	538	558	587	-1	1 
1176	538	563	587	1	1 
1177	539	559	588	-1	1 
1178	540	560	589	-1	1 
1179	540	569	589	1	1 
1180	541	561	590	-1	1 
1181	541	570	590	1	1 
1182	542	562	591	-1	1 
1183	542	571	591	1	1 
1184	543	572	592	1	1 
1185	544	573	593	1	1 
1186	545	574	594	1	1 
1187	546	575	595	1	1 
1188	547	576	596	1	1 
1189	548	563	597	-1	1 
1190	548	577	597	1	1 
1191	549	564	598	-1	1 
1192	549	578	598	1	1 
1193	550	579	599	1	1 
1194	551	565	600	-1	1 
1195	551	580	600	1	1 
1196	552	581	601	1	1 
1197	553	566	602	-1	1 
1198	553	582	602	1	1 
1199	554	583	603	1	1 
1200	555	567	604	-1	1 
1201	555	584	604	1	1 
1202	556	585	605	1	1 
1203	557	568	606	-1	1 
1204	557	586	606	1	1 
1205	558	587	607	1	1 
1206	559	569	608	-1	1 
1207	559	588	608	1	1 
1208	560	570	609	-1	1 
1209	560	589	609	1	1 
1210	561	571	610	-1	1 
1211	561	590	610	1	1 
1212	562	591	611	1	1 
1213	563	587	597	-1	1 
1214	564	579	598	-1	1 
1215	565	581	600	-1	1 
1216	566	583	602	-1	1 
1217	567	585	604	-1	1 
1218	568	577	606	-1	1 
1219	569	589	608	-1	1 
1220	570	590	609	-1	1 
1221	571	591	610	-1	1 
1222	572	592	612	-1	1 
1223	573	593	613	-1	1 
1224	574	594	614	-1	1 
1225	575	595	615	-1	1 
1226	576	596	616	-1	1 
1227	577	597	617	-1	1 
1228	577	606	617	1	1 
1229	578	598	618	-1	1 
1230	579	598	619	1	1 
1231	579	599	619	-1	1 
1232	580	600	620	-1	1 
1233	581	600	621	1	1 
1234	581	601	621	-1	1 
1235	582	602	622	-1	1 
1236	583	602	623	1	1 
1237	583	603	623	-1	1 
1238	584	604	624	-1	1 
1239	585	604	625	1	1 
1240	585	605	625	-1	1 
1241	586	606	626	-1	1 
1242	587	597	627	1	1 
1243	587	607	627	-1	1 
1244	588	608	628	-1	1 
1245	589	608	629	1	1 
1246	589	609	629	-1	1 
1247	590	609	630	1	1 
1248	590	610	630	-1	1 
1249	591	610	631	1	1 
1250	591	611	631	-1	1 
1251	597	617	627	1	1 
1252	598	618	619	1	1 
1253	600	620	621	1	1 
1254	602	622	623	1	1 
1255	604	624	625	1	1 
1256	606	617	626	-1	1 
1257	608	628	629	1	1 
1258	609	629	630	1	1 
1259	610	630	631	1	1 
