# Number of Vertices= 792

vertices

0	0.851	0.000	0.526	1
1	0.526	0.851	0.000	2
2	-0.526	0.851	0.000	2
3	-0.851	0.000	0.526	1
4	0.000	-0.526	0.851	1
5	0.526	-0.851	0.000	1
6	0.851	0.000	-0.526	2
7	0.000	0.526	-0.851	2
8	-0.851	0.000	-0.526	2
9	-0.526	-0.851	0.000	1
10	0.000	-0.526	-0.851	2
11	0.678	0.168	0.715	1
12	0.432	0.854	0.291	1
13	-0.412	0.866	0.284	1
14	-0.686	0.188	0.703	1
15	-0.012	-0.244	0.970	1
16	0.412	-0.866	0.284	1
17	0.686	-0.188	0.703	1
18	0.970	-0.012	-0.244	2
19	0.715	0.678	0.168	1
20	0.188	0.703	-0.686	2
21	-0.244	0.970	-0.012	2
22	-0.854	0.291	-0.432	2
23	-0.866	0.284	0.412	1
24	-0.715	-0.678	0.168	1
25	-0.291	-0.432	0.854	1
26	0.168	-0.715	-0.678	2
27	0.854	-0.291	-0.432	2
28	0.284	0.412	-0.866	2
29	-0.678	0.168	-0.715	2
30	-0.703	-0.686	-0.188	2
31	0.745	0.067	0.664	1
32	0.508	0.841	0.186	1
33	-0.430	0.889	0.156	1
34	-0.774	0.145	0.616	1
35	-0.048	-0.364	0.930	1
36	0.430	-0.889	0.156	1
37	0.774	-0.145	0.616	1
38	0.930	-0.048	-0.364	2
39	0.664	0.745	0.067	1
40	0.145	0.616	-0.774	2
41	-0.364	0.930	-0.048	2
42	-0.841	0.186	-0.508	2
43	-0.889	0.156	0.430	1
44	-0.664	-0.745	0.067	1
45	-0.186	-0.508	0.841	1
46	0.067	-0.664	-0.745	2
47	0.841	-0.186	-0.508	2
48	0.156	0.430	-0.889	2
49	-0.745	0.067	-0.664	2
50	-0.616	-0.774	-0.145	2
51	0.795	-0.028	0.606	1
52	0.572	0.816	0.084	1
53	-0.441	0.897	0.035	1
54	-0.845	0.102	0.526	1
55	-0.081	-0.470	0.879	1
56	0.441	-0.897	0.035	1
57	0.845	-0.102	0.526	1
58	0.879	-0.081	-0.470	2
59	0.606	0.795	-0.028	2
60	0.102	0.526	-0.845	2
61	-0.470	0.879	-0.081	2
62	-0.816	0.084	-0.572	2
63	-0.897	0.035	0.441	1
64	-0.606	-0.795	-0.028	2
65	-0.084	-0.572	0.816	1
66	-0.028	-0.606	-0.795	2
67	0.816	-0.084	-0.572	2
68	0.035	0.441	-0.897	2
69	-0.795	-0.028	-0.606	2
70	-0.526	-0.845	-0.102	2
71	0.393	0.345	0.852	1
72	0.268	0.754	0.599	1
73	-0.227	0.779	0.584	1
74	-0.409	0.386	0.827	1
75	-0.025	0.118	0.993	1
76	0.227	-0.779	0.584	1
77	0.409	-0.386	0.827	1
78	0.993	-0.025	0.118	1
79	0.852	0.393	0.345	1
80	0.386	0.827	-0.409	2
81	0.118	0.993	-0.025	2
82	-0.754	0.599	-0.268	2
83	-0.779	0.584	0.227	1
84	-0.852	-0.393	0.345	1
85	-0.599	-0.268	0.754	1
86	0.345	-0.852	-0.393	2
87	0.754	-0.599	-0.268	2
88	0.584	0.227	-0.779	2
89	-0.393	0.345	-0.852	2
90	-0.827	-0.409	-0.386	2
91	0.492	0.248	0.835	1
92	0.369	0.780	0.506	1
93	-0.264	0.845	0.466	1
94	-0.532	0.353	0.770	1
95	-0.065	-0.016	0.998	1
96	0.264	-0.845	0.466	1
97	0.532	-0.353	0.770	1
98	0.998	-0.065	-0.016	2
99	0.835	0.492	0.248	1
100	0.353	0.770	-0.532	2
101	-0.016	0.998	-0.065	2
102	-0.780	0.506	-0.369	2
103	-0.845	0.466	0.264	1
104	-0.835	-0.492	0.248	1
105	-0.506	-0.369	0.780	1
106	0.248	-0.835	-0.492	2
107	0.780	-0.506	-0.369	2
108	0.466	0.264	-0.845	2
109	-0.492	0.248	-0.835	2
110	-0.770	-0.532	-0.353	2
111	0.582	0.144	0.800	1
112	0.464	0.790	0.401	1
113	-0.296	0.894	0.337	1
114	-0.646	0.312	0.696	1
115	-0.104	-0.152	0.983	1
116	0.296	-0.894	0.337	1
117	0.646	-0.312	0.696	1
118	0.983	-0.104	-0.152	2
119	0.800	0.582	0.144	1
120	0.312	0.696	-0.646	2
121	-0.152	0.983	-0.104	2
122	-0.790	0.401	-0.464	2
123	-0.894	0.337	0.296	1
124	-0.800	-0.582	0.144	1
125	-0.401	-0.464	0.790	1
126	0.144	-0.800	-0.582	2
127	0.790	-0.401	-0.464	2
128	0.337	0.296	-0.894	2
129	-0.582	0.144	-0.800	2
130	-0.696	-0.646	-0.312	2
131	0.660	0.039	0.750	1
132	0.547	0.785	0.289	1
133	-0.322	0.925	0.203	1
134	-0.746	0.265	0.611	1
135	-0.140	-0.282	0.949	1
136	0.322	-0.925	0.203	1
137	0.746	-0.265	0.611	1
138	0.949	-0.140	-0.282	2
139	0.750	0.660	0.039	1
140	0.265	0.611	-0.746	2
141	-0.282	0.949	-0.140	2
142	-0.785	0.289	-0.547	2
143	-0.925	0.203	0.322	1
144	-0.750	-0.660	0.039	1
145	-0.289	-0.547	0.785	1
146	0.039	-0.750	-0.660	2
147	0.785	-0.289	-0.547	2
148	0.203	0.322	-0.925	2
149	-0.660	0.039	-0.750	2
150	-0.611	-0.746	-0.265	2
151	0.721	-0.060	0.690	1
152	0.617	0.766	0.179	1
153	-0.340	0.938	0.073	1
154	-0.827	0.216	0.519	1
155	-0.171	-0.400	0.900	1
156	0.340	-0.938	0.073	1
157	0.827	-0.216	0.519	1
158	0.900	-0.171	-0.400	2
159	0.690	0.721	-0.060	2
160	0.216	0.519	-0.827	2
161	-0.400	0.900	-0.171	2
162	-0.766	0.179	-0.617	2
163	-0.938	0.073	0.340	1
164	-0.690	-0.721	-0.060	2
165	-0.179	-0.617	0.766	1
166	-0.060	-0.690	-0.721	2
167	0.766	-0.179	-0.617	2
168	0.073	0.340	-0.938	2
169	-0.721	-0.060	-0.690	2
170	-0.519	-0.827	-0.216	2
171	0.000	0.526	0.851	1
172	0.081	0.470	0.879	1
173	0.084	0.572	0.816	1
174	-0.028	0.606	0.795	1
175	-0.102	0.526	0.845	1
176	-0.035	0.441	0.897	1
177	0.028	-0.606	0.795	1
178	0.102	-0.526	0.845	1
179	0.897	-0.035	0.441	1
180	0.879	0.081	0.470	1
181	0.526	0.845	-0.102	2
182	0.441	0.897	-0.035	2
183	-0.572	0.816	-0.084	2
184	-0.606	0.795	0.028	1
185	-0.879	-0.081	0.470	1
186	-0.816	-0.084	0.572	1
187	0.470	-0.879	-0.081	2
188	0.572	-0.816	-0.084	2
189	0.795	0.028	-0.606	2
190	-0.081	0.470	-0.879	2
191	-0.845	-0.102	-0.526	2
192	0.171	0.400	0.900	1
193	0.179	0.617	0.766	1
194	-0.060	0.690	0.721	1
195	-0.216	0.519	0.827	1
196	-0.073	0.340	0.938	1
197	0.060	-0.690	0.721	1
198	0.216	-0.519	0.827	1
199	0.938	-0.073	0.340	1
200	0.900	0.171	0.400	1
201	0.519	0.827	-0.216	2
202	0.340	0.938	-0.073	2
203	-0.617	0.766	-0.179	2
204	-0.690	0.721	0.060	1
205	-0.900	-0.171	0.400	1
206	-0.766	-0.179	0.617	1
207	0.400	-0.900	-0.171	2
208	0.617	-0.766	-0.179	2
209	0.721	0.060	-0.690	2
210	-0.171	0.400	-0.900	2
211	-0.827	-0.216	-0.519	2
212	0.269	0.317	0.910	1
213	0.282	0.657	0.699	1
214	-0.095	0.772	0.628	1
215	-0.340	0.503	0.794	1
216	-0.115	0.222	0.968	1
217	0.095	-0.772	0.628	1
218	0.340	-0.503	0.794	1
219	0.968	-0.115	0.222	1
220	0.910	0.269	0.317	1
221	0.503	0.794	-0.340	2
222	0.222	0.968	-0.115	2
223	-0.657	0.699	-0.282	2
224	-0.772	0.628	0.095	1
225	-0.910	-0.269	0.317	1
226	-0.699	-0.282	0.657	1
227	0.317	-0.910	-0.269	2
228	0.657	-0.699	-0.282	2
229	0.628	0.095	-0.772	2
230	-0.269	0.317	-0.910	2
231	-0.794	-0.340	-0.503	2
232	0.370	0.220	0.903	1
233	0.387	0.688	0.613	1
234	-0.131	0.847	0.515	1
235	-0.468	0.477	0.744	1
236	-0.159	0.090	0.983	1
237	0.131	-0.847	0.515	1
238	0.468	-0.477	0.744	1
239	0.983	-0.159	0.090	1
240	0.903	0.370	0.220	1
241	0.477	0.744	-0.468	2
242	0.090	0.983	-0.159	2
243	-0.688	0.613	-0.387	2
244	-0.847	0.515	0.131	1
245	-0.903	-0.370	0.220	1
246	-0.613	-0.387	0.688	1
247	0.220	-0.903	-0.370	2
248	0.688	-0.613	-0.387	2
249	0.515	0.131	-0.847	2
250	-0.370	0.220	-0.903	2
251	-0.744	-0.468	-0.477	2
252	0.467	0.116	0.876	1
253	0.489	0.707	0.511	1
254	-0.165	0.907	0.387	1
255	-0.591	0.440	0.676	1
256	-0.200	-0.050	0.978	1
257	0.165	-0.907	0.387	1
258	0.591	-0.440	0.676	1
259	0.978	-0.200	-0.050	2
260	0.876	0.467	0.116	1
261	0.440	0.676	-0.591	2
262	-0.050	0.978	-0.200	2
263	-0.707	0.511	-0.489	2
264	-0.907	0.387	0.165	1
265	-0.876	-0.467	0.116	1
266	-0.511	-0.489	0.707	1
267	0.116	-0.876	-0.467	2
268	0.707	-0.511	-0.489	2
269	0.387	0.165	-0.907	2
270	-0.467	0.116	-0.876	2
271	-0.676	-0.591	-0.440	2
272	0.555	0.008	0.832	1
273	0.581	0.710	0.398	1
274	-0.196	0.948	0.251	1
275	-0.702	0.393	0.594	1
276	-0.238	-0.188	0.953	1
277	0.196	-0.948	0.251	1
278	0.702	-0.393	0.594	1
279	0.953	-0.238	-0.188	2
280	0.832	0.555	0.008	1
281	0.393	0.594	-0.702	2
282	-0.188	0.953	-0.238	2
283	-0.710	0.398	-0.581	2
284	-0.948	0.251	0.196	1
285	-0.832	-0.555	0.008	1
286	-0.398	-0.581	0.710	1
287	0.008	-0.832	-0.555	2
288	0.710	-0.398	-0.581	2
289	0.251	0.196	-0.948	2
290	-0.555	0.008	-0.832	2
291	-0.594	-0.702	-0.393	2
292	0.628	-0.095	0.772	1
293	0.657	0.699	0.282	1
294	-0.222	0.968	0.115	1
295	-0.794	0.340	0.503	1
296	-0.269	-0.317	0.910	1
297	0.222	-0.968	0.115	1
298	0.794	-0.340	0.503	1
299	0.910	-0.269	-0.317	2
300	0.772	0.628	-0.095	2
301	0.340	0.503	-0.794	2
302	-0.317	0.910	-0.269	2
303	-0.699	0.282	-0.657	2
304	-0.968	0.115	0.222	1
305	-0.772	-0.628	-0.095	2
306	-0.282	-0.657	0.699	1
307	-0.095	-0.772	-0.628	2
308	0.699	-0.282	-0.657	2
309	0.115	0.222	-0.968	2
310	-0.628	-0.095	-0.772	2
311	-0.503	-0.794	-0.340	2
312	0.048	0.364	0.930	1
313	0.186	0.508	0.841	1
314	0.067	0.664	0.745	1
315	-0.145	0.616	0.774	1
316	-0.156	0.430	0.889	1
317	-0.067	-0.664	0.745	1
318	0.145	-0.616	0.774	1
319	0.889	-0.156	0.430	1
320	0.930	0.048	0.364	1
321	0.616	0.774	-0.145	2
322	0.430	0.889	-0.156	2
323	-0.508	0.841	-0.186	2
324	-0.664	0.745	-0.067	2
325	-0.930	-0.048	0.364	1
326	-0.841	-0.186	0.508	1
327	0.364	-0.930	-0.048	2
328	0.508	-0.841	-0.186	2
329	0.745	-0.067	-0.664	2
330	-0.048	0.364	-0.930	2
331	-0.774	-0.145	-0.616	2
332	0.140	0.282	0.949	1
333	0.289	0.547	0.785	1
334	0.039	0.750	0.660	1
335	-0.265	0.611	0.746	1
336	-0.203	0.322	0.925	1
337	-0.039	-0.750	0.660	1
338	0.265	-0.611	0.746	1
339	0.925	-0.203	0.322	1
340	0.949	0.140	0.282	1
341	0.611	0.746	-0.265	2
342	0.322	0.925	-0.203	2
343	-0.547	0.785	-0.289	2
344	-0.750	0.660	-0.039	2
345	-0.949	-0.140	0.282	1
346	-0.785	-0.289	0.547	1
347	0.282	-0.949	-0.140	2
348	0.547	-0.785	-0.289	2
349	0.660	-0.039	-0.750	2
350	-0.140	0.282	-0.949	2
351	-0.746	-0.265	-0.611	2
352	0.238	0.188	0.953	1
353	0.398	0.581	0.710	1
354	0.008	0.832	0.555	1
355	-0.393	0.594	0.702	1
356	-0.251	0.196	0.948	1
357	-0.008	-0.832	0.555	1
358	0.393	-0.594	0.702	1
359	0.948	-0.251	0.196	1
360	0.953	0.238	0.188	1
361	0.594	0.702	-0.393	2
362	0.196	0.948	-0.251	2
363	-0.581	0.710	-0.398	2
364	-0.832	0.555	-0.008	2
365	-0.953	-0.238	0.188	1
366	-0.710	-0.398	0.581	1
367	0.188	-0.953	-0.238	2
368	0.581	-0.710	-0.398	2
369	0.555	-0.008	-0.832	2
370	-0.238	0.188	-0.953	2
371	-0.702	-0.393	-0.594	2
372	0.338	0.083	0.938	1
373	0.506	0.605	0.616	1
374	-0.025	0.902	0.432	1
375	-0.521	0.564	0.641	1
376	-0.297	0.058	0.953	1
377	0.025	-0.902	0.432	1
378	0.521	-0.564	0.641	1
379	0.953	-0.297	0.058	1
380	0.938	0.338	0.083	1
381	0.564	0.641	-0.521	2
382	0.058	0.953	-0.297	2
383	-0.605	0.616	-0.506	2
384	-0.902	0.432	0.025	1
385	-0.938	-0.338	0.083	1
386	-0.616	-0.506	0.605	1
387	0.083	-0.938	-0.338	2
388	0.605	-0.616	-0.506	2
389	0.432	0.025	-0.902	2
390	-0.338	0.083	-0.938	2
391	-0.641	-0.521	-0.564	2
392	0.432	-0.025	0.902	1
393	0.605	0.616	0.506	1
394	-0.058	0.953	0.297	1
395	-0.641	0.521	0.564	1
396	-0.338	-0.083	0.938	1
397	0.058	-0.953	0.297	1
398	0.641	-0.521	0.564	1
399	0.938	-0.338	-0.083	2
400	0.902	0.432	-0.025	2
401	0.521	0.564	-0.641	2
402	-0.083	0.938	-0.338	2
403	-0.616	0.506	-0.605	2
404	-0.953	0.297	0.058	1
405	-0.902	-0.432	-0.025	2
406	-0.506	-0.605	0.616	1
407	-0.025	-0.902	-0.432	2
408	0.616	-0.506	-0.605	2
409	0.297	0.058	-0.953	2
410	-0.432	-0.025	-0.902	2
411	-0.564	-0.641	-0.521	2
412	0.515	-0.131	0.847	1
413	0.688	0.613	0.387	1
414	-0.090	0.983	0.159	1
415	-0.744	0.468	0.477	1
416	-0.370	-0.220	0.903	1
417	0.090	-0.983	0.159	1
418	0.744	-0.468	0.477	1
419	0.903	-0.370	-0.220	2
420	0.847	0.515	-0.131	2
421	0.468	0.477	-0.744	2
422	-0.220	0.903	-0.370	2
423	-0.613	0.387	-0.688	2
424	-0.983	0.159	0.090	1
425	-0.847	-0.515	-0.131	2
426	-0.387	-0.688	0.613	1
427	-0.131	-0.847	-0.515	2
428	0.613	-0.387	-0.688	2
429	0.159	0.090	-0.983	2
430	-0.515	-0.131	-0.847	2
431	-0.477	-0.744	-0.468	2
432	0.584	-0.227	0.779	1
433	0.754	0.599	0.268	1
434	-0.118	0.993	0.025	1
435	-0.827	0.409	0.386	1
436	-0.393	-0.345	0.852	1
437	0.118	-0.993	0.025	1
438	0.827	-0.409	0.386	1
439	0.852	-0.393	-0.345	2
440	0.779	0.584	-0.227	2
441	0.409	0.386	-0.827	2
442	-0.345	0.852	-0.393	2
443	-0.599	0.268	-0.754	2
444	-0.993	0.025	0.118	1
445	-0.779	-0.584	-0.227	2
446	-0.268	-0.754	0.599	1
447	-0.227	-0.779	-0.584	2
448	0.599	-0.268	-0.754	2
449	0.025	0.118	-0.993	2
450	-0.584	-0.227	-0.779	2
451	-0.386	-0.827	-0.409	2
452	0.012	0.244	0.970	1
453	0.291	0.432	0.854	1
454	0.168	0.715	0.678	1
455	-0.188	0.703	0.686	1
456	-0.284	0.412	0.866	1
457	-0.168	-0.715	0.678	1
458	0.188	-0.703	0.686	1
459	0.866	-0.284	0.412	1
460	0.970	0.012	0.244	1
461	0.703	0.686	-0.188	2
462	0.412	0.866	-0.284	2
463	-0.432	0.854	-0.291	2
464	-0.715	0.678	-0.168	2
465	-0.970	-0.012	0.244	1
466	-0.854	-0.291	0.432	1
467	0.244	-0.970	-0.012	2
468	0.432	-0.854	-0.291	2
469	0.678	-0.168	-0.715	2
470	-0.012	0.244	-0.970	2
471	-0.686	-0.188	-0.703	2
472	0.104	0.152	0.983	1
473	0.401	0.464	0.790	1
474	0.144	0.800	0.582	1
475	-0.312	0.696	0.646	1
476	-0.337	0.296	0.894	1
477	-0.144	-0.800	0.582	1
478	0.312	-0.696	0.646	1
479	0.894	-0.337	0.296	1
480	0.983	0.104	0.152	1
481	0.696	0.646	-0.312	2
482	0.296	0.894	-0.337	2
483	-0.464	0.790	-0.401	2
484	-0.800	0.582	-0.144	2
485	-0.983	-0.104	0.152	1
486	-0.790	-0.401	0.464	1
487	0.152	-0.983	-0.104	2
488	0.464	-0.790	-0.401	2
489	0.582	-0.144	-0.800	2
490	-0.104	0.152	-0.983	2
491	-0.646	-0.312	-0.696	2
492	0.200	0.050	0.978	1
493	0.511	0.489	0.707	1
494	0.116	0.876	0.467	1
495	-0.440	0.676	0.591	1
496	-0.387	0.165	0.907	1
497	-0.116	-0.876	0.467	1
498	0.440	-0.676	0.591	1
499	0.907	-0.387	0.165	1
500	0.978	0.200	0.050	1
501	0.676	0.591	-0.440	2
502	0.165	0.907	-0.387	2
503	-0.489	0.707	-0.511	2
504	-0.876	0.467	-0.116	2
505	-0.978	-0.200	0.050	1
506	-0.707	-0.511	0.489	1
507	0.050	-0.978	-0.200	2
508	0.489	-0.707	-0.511	2
509	0.467	-0.116	-0.876	2
510	-0.200	0.050	-0.978	2
511	-0.591	-0.440	-0.676	2
512	0.297	-0.058	0.953	1
513	0.616	0.506	0.605	1
514	0.083	0.938	0.338	1
515	-0.564	0.641	0.521	1
516	-0.432	0.025	0.902	1
517	-0.083	-0.938	0.338	1
518	0.564	-0.641	0.521	1
519	0.902	-0.432	0.025	1
520	0.953	0.297	-0.058	2
521	0.641	0.521	-0.564	2
522	0.025	0.902	-0.432	2
523	-0.506	0.605	-0.616	2
524	-0.938	0.338	-0.083	2
525	-0.953	-0.297	-0.058	2
526	-0.605	-0.616	0.506	1
527	-0.058	-0.953	-0.297	2
528	0.506	-0.605	-0.616	2
529	0.338	-0.083	-0.938	2
530	-0.297	-0.058	-0.953	2
531	-0.521	-0.564	-0.641	2
532	0.387	-0.165	0.907	1
533	0.707	0.511	0.489	1
534	0.050	0.978	0.200	1
535	-0.676	0.591	0.440	1
536	-0.467	-0.116	0.876	1
537	-0.050	-0.978	0.200	1
538	0.676	-0.591	0.440	1
539	0.876	-0.467	-0.116	2
540	0.907	0.387	-0.165	2
541	0.591	0.440	-0.676	2
542	-0.116	0.876	-0.467	2
543	-0.511	0.489	-0.707	2
544	-0.978	0.200	-0.050	2
545	-0.907	-0.387	-0.165	2
546	-0.489	-0.707	0.511	1
547	-0.165	-0.907	-0.387	2
548	0.511	-0.489	-0.707	2
549	0.200	-0.050	-0.978	2
550	-0.387	-0.165	-0.907	2
551	-0.440	-0.676	-0.591	2
552	0.466	-0.264	0.845	1
553	0.780	0.506	0.369	1
554	0.016	0.998	0.065	1
555	-0.770	0.532	0.353	1
556	-0.492	-0.248	0.835	1
557	-0.016	-0.998	0.065	1
558	0.770	-0.532	0.353	1
559	0.835	-0.492	-0.248	2
560	0.845	0.466	-0.264	2
561	0.532	0.353	-0.770	2
562	-0.248	0.835	-0.492	2
563	-0.506	0.369	-0.780	2
564	-0.998	0.065	-0.016	2
565	-0.845	-0.466	-0.264	2
566	-0.369	-0.780	0.506	1
567	-0.264	-0.845	-0.466	2
568	0.506	-0.369	-0.780	2
569	0.065	-0.016	-0.998	2
570	-0.466	-0.264	-0.845	2
571	-0.353	-0.770	-0.532	2
572	0.065	0.016	0.998	1
573	0.506	0.369	0.780	1
574	0.248	0.835	0.492	1
575	-0.353	0.770	0.532	1
576	-0.466	0.264	0.845	1
577	-0.248	-0.835	0.492	1
578	0.353	-0.770	0.532	1
579	0.845	-0.466	0.264	1
580	0.998	0.065	0.016	1
581	0.770	0.532	-0.353	2
582	0.264	0.845	-0.466	2
583	-0.369	0.780	-0.506	2
584	-0.835	0.492	-0.248	2
585	-0.998	-0.065	0.016	1
586	-0.780	-0.506	0.369	1
587	0.016	-0.998	-0.065	2
588	0.369	-0.780	-0.506	2
589	0.492	-0.248	-0.835	2
590	-0.065	0.016	-0.998	2
591	-0.532	-0.353	-0.770	2
592	0.159	-0.090	0.983	1
593	0.613	0.387	0.688	1
594	0.220	0.903	0.370	1
595	-0.477	0.744	0.468	1
596	-0.515	0.131	0.847	1
597	-0.220	-0.903	0.370	1
598	0.477	-0.744	0.468	1
599	0.847	-0.515	0.131	1
600	0.983	0.159	-0.090	2
601	0.744	0.468	-0.477	2
602	0.131	0.847	-0.515	2
603	-0.387	0.688	-0.613	2
604	-0.903	0.370	-0.220	2
605	-0.983	-0.159	-0.090	2
606	-0.688	-0.613	0.387	1
607	-0.090	-0.983	-0.159	2
608	0.387	-0.688	-0.613	2
609	0.370	-0.220	-0.903	2
610	-0.159	-0.090	-0.983	2
611	-0.468	-0.477	-0.744	2
612	0.251	-0.196	0.948	1
613	0.710	0.398	0.581	1
614	0.188	0.953	0.238	1
615	-0.594	0.702	0.393	1
616	-0.555	-0.008	0.832	1
617	-0.188	-0.953	0.238	1
618	0.594	-0.702	0.393	1
619	0.832	-0.555	-0.008	2
620	0.948	0.251	-0.196	2
621	0.702	0.393	-0.594	2
622	-0.008	0.832	-0.555	2
623	-0.398	0.581	-0.710	2
624	-0.953	0.238	-0.188	2
625	-0.948	-0.251	-0.196	2
626	-0.581	-0.710	0.398	1
627	-0.196	-0.948	-0.251	2
628	0.398	-0.581	-0.710	2
629	0.238	-0.188	-0.953	2
630	-0.251	-0.196	-0.948	2
631	-0.393	-0.594	-0.702	2
632	0.337	-0.296	0.894	1
633	0.790	0.401	0.464	1
634	0.152	0.983	0.104	1
635	-0.696	0.646	0.312	1
636	-0.582	-0.144	0.800	1
637	-0.152	-0.983	0.104	1
638	0.696	-0.646	0.312	1
639	0.800	-0.582	-0.144	2
640	0.894	0.337	-0.296	2
641	0.646	0.312	-0.696	2
642	-0.144	0.800	-0.582	2
643	-0.401	0.464	-0.790	2
644	-0.983	0.104	-0.152	2
645	-0.894	-0.337	-0.296	2
646	-0.464	-0.790	0.401	1
647	-0.296	-0.894	-0.337	2
648	0.401	-0.464	-0.790	2
649	0.104	-0.152	-0.983	2
650	-0.337	-0.296	-0.894	2
651	-0.312	-0.696	-0.646	2
652	0.025	-0.118	0.993	1
653	0.599	0.268	0.754	1
654	0.345	0.852	0.393	1
655	-0.386	0.827	0.409	1
656	-0.584	0.227	0.779	1
657	-0.345	-0.852	0.393	1
658	0.386	-0.827	0.409	1
659	0.779	-0.584	0.227	1
660	0.993	0.025	-0.118	2
661	0.827	0.409	-0.386	2
662	0.227	0.779	-0.584	2
663	-0.268	0.754	-0.599	2
664	-0.852	0.393	-0.345	2
665	-0.993	-0.025	-0.118	2
666	-0.754	-0.599	0.268	1
667	-0.118	-0.993	-0.025	2
668	0.268	-0.754	-0.599	2
669	0.393	-0.345	-0.852	2
670	-0.025	-0.118	-0.993	2
671	-0.409	-0.386	-0.827	2
672	0.115	-0.222	0.968	1
673	0.699	0.282	0.657	1
674	0.317	0.910	0.269	1
675	-0.503	0.794	0.340	1
676	-0.628	0.095	0.772	1
677	-0.317	-0.910	0.269	1
678	0.503	-0.794	0.340	1
679	0.772	-0.628	0.095	1
680	0.968	0.115	-0.222	2
681	0.794	0.340	-0.503	2
682	0.095	0.772	-0.628	2
683	-0.282	0.657	-0.699	2
684	-0.910	0.269	-0.317	2
685	-0.968	-0.115	-0.222	2
686	-0.657	-0.699	0.282	1
687	-0.222	-0.968	-0.115	2
688	0.282	-0.657	-0.699	2
689	0.269	-0.317	-0.910	2
690	-0.115	-0.222	-0.968	2
691	-0.340	-0.503	-0.794	2
692	0.203	-0.322	0.925	1
693	0.785	0.289	0.547	1
694	0.282	0.949	0.140	1
695	-0.611	0.746	0.265	1
696	-0.660	-0.039	0.750	1
697	-0.282	-0.949	0.140	1
698	0.611	-0.746	0.265	1
699	0.750	-0.660	-0.039	2
700	0.925	0.203	-0.322	2
701	0.746	0.265	-0.611	2
702	-0.039	0.750	-0.660	2
703	-0.289	0.547	-0.785	2
704	-0.949	0.140	-0.282	2
705	-0.925	-0.203	-0.322	2
706	-0.547	-0.785	0.289	1
707	-0.322	-0.925	-0.203	2
708	0.289	-0.547	-0.785	2
709	0.140	-0.282	-0.949	2
710	-0.203	-0.322	-0.925	2
711	-0.265	-0.611	-0.746	2
712	0.284	-0.412	0.866	1
713	0.854	0.291	0.432	1
714	0.244	0.970	0.012	1
715	-0.703	0.686	0.188	1
716	-0.678	-0.168	0.715	1
717	-0.244	-0.970	0.012	1
718	0.703	-0.686	0.188	1
719	0.715	-0.678	-0.168	2
720	0.866	0.284	-0.412	2
721	0.686	0.188	-0.703	2
722	-0.168	0.715	-0.678	2
723	-0.291	0.432	-0.854	2
724	-0.970	0.012	-0.244	2
725	-0.866	-0.284	-0.412	2
726	-0.432	-0.854	0.291	1
727	-0.412	-0.866	-0.284	2
728	0.291	-0.432	-0.854	2
729	0.012	-0.244	-0.970	2
730	-0.284	-0.412	-0.866	2
731	-0.188	-0.703	-0.686	2
732	0.073	-0.340	0.938	1
733	0.766	0.179	0.617	1
734	0.400	0.900	0.171	1
735	-0.519	0.827	0.216	1
736	-0.721	0.060	0.690	1
737	-0.400	-0.900	0.171	1
738	0.519	-0.827	0.216	1
739	0.690	-0.721	0.060	1
740	0.938	0.073	-0.340	2
741	0.827	0.216	-0.519	2
742	0.060	0.690	-0.721	2
743	-0.179	0.617	-0.766	2
744	-0.900	0.171	-0.400	2
745	-0.938	-0.073	-0.340	2
746	-0.617	-0.766	0.179	1
747	-0.340	-0.938	-0.073	2
748	0.179	-0.617	-0.766	2
749	0.171	-0.400	-0.900	2
750	-0.073	-0.340	-0.938	2
751	-0.216	-0.519	-0.827	2
752	0.156	-0.430	0.889	1
753	0.841	0.186	0.508	1
754	0.364	0.930	0.048	1
755	-0.616	0.774	0.145	1
756	-0.745	-0.067	0.664	1
757	-0.364	-0.930	0.048	1
758	0.616	-0.774	0.145	1
759	0.664	-0.745	-0.067	2
760	0.889	0.156	-0.430	2
761	0.774	0.145	-0.616	2
762	-0.067	0.664	-0.745	2
763	-0.186	0.508	-0.841	2
764	-0.930	0.048	-0.364	2
765	-0.889	-0.156	-0.430	2
766	-0.508	-0.841	0.186	1
767	-0.430	-0.889	-0.156	2
768	0.186	-0.508	-0.841	2
769	0.048	-0.364	-0.930	2
770	-0.156	-0.430	-0.889	2
771	-0.145	-0.616	-0.774	2
772	0.035	-0.441	0.897	1
773	0.816	0.084	0.572	1
774	0.470	0.879	0.081	1
775	-0.526	0.845	0.102	1
776	-0.795	0.028	0.606	1
777	-0.470	-0.879	0.081	1
778	0.526	-0.845	0.102	1
779	0.606	-0.795	0.028	1
780	0.897	0.035	-0.441	2
781	0.845	0.102	-0.526	2
782	0.028	0.606	-0.795	2
783	-0.084	0.572	-0.816	2
784	-0.879	0.081	-0.470	2
785	-0.897	-0.035	-0.441	2
786	-0.572	-0.816	0.084	1
787	-0.441	-0.897	-0.035	2
788	0.084	-0.572	-0.816	2
789	0.081	-0.470	-0.879	2
790	-0.035	-0.441	-0.897	2
791	-0.102	-0.526	-0.845	2



# Number of Edges= 2370

edges

0	0	51	1
1	0	57	1
2	0	179	1
3	0	180	1
4	0	773	1
5	1	52	1
6	1	59	1
7	1	181	1
8	1	182	1
9	1	774	1
10	2	53	1
11	2	61	1
12	2	183	1
13	2	184	1
14	2	775	1
15	3	54	1
16	3	63	1
17	3	185	1
18	3	186	1
19	3	776	1
20	4	55	1
21	4	65	1
22	4	177	1
23	4	178	1
24	4	772	1
25	5	56	1
26	5	187	1
27	5	188	1
28	5	778	1
29	5	779	1
30	6	58	1
31	6	67	1
32	6	189	1
33	6	780	1
34	6	781	1
35	7	60	1
36	7	68	1
37	7	190	1
38	7	782	1
39	7	783	1
40	8	62	1
41	8	69	1
42	8	191	1
43	8	784	1
44	8	785	1
45	9	64	1
46	9	70	1
47	9	777	1
48	9	786	1
49	9	787	1
50	10	66	1
51	10	788	1
52	10	789	1
53	10	790	1
54	10	791	1
55	11	31	1
56	11	111	1
57	11	131	1
58	11	653	1
59	11	673	1
60	11	733	1
61	12	32	1
62	12	112	1
63	12	132	1
64	12	654	1
65	12	674	1
66	12	734	1
67	13	33	1
68	13	113	1
69	13	133	1
70	13	655	1
71	13	675	1
72	13	735	1
73	14	34	1
74	14	114	1
75	14	134	1
76	14	656	1
77	14	676	1
78	14	736	1
79	15	35	1
80	15	115	1
81	15	135	1
82	15	652	1
83	15	672	1
84	15	732	1
85	16	36	1
86	16	116	1
87	16	136	1
88	16	658	1
89	16	678	1
90	16	738	1
91	17	37	1
92	17	117	1
93	17	137	1
94	17	151	1
95	17	292	1
96	17	432	1
97	18	38	1
98	18	118	1
99	18	138	1
100	18	660	1
101	18	680	1
102	18	740	1
103	19	39	1
104	19	119	1
105	19	139	1
106	19	152	1
107	19	293	1
108	19	433	1
109	20	40	1
110	20	120	1
111	20	140	1
112	20	662	1
113	20	682	1
114	20	742	1
115	21	41	1
116	21	121	1
117	21	141	1
118	21	153	1
119	21	294	1
120	21	434	1
121	22	42	1
122	22	122	1
123	22	142	1
124	22	664	1
125	22	684	1
126	22	744	1
127	23	43	1
128	23	123	1
129	23	143	1
130	23	154	1
131	23	295	1
132	23	435	1
133	24	44	1
134	24	124	1
135	24	144	1
136	24	666	1
137	24	686	1
138	24	746	1
139	25	45	1
140	25	125	1
141	25	145	1
142	25	155	1
143	25	296	1
144	25	436	1
145	26	46	1
146	26	126	1
147	26	146	1
148	26	668	1
149	26	688	1
150	26	748	1
151	27	47	1
152	27	127	1
153	27	147	1
154	27	158	1
155	27	299	1
156	27	439	1
157	28	48	1
158	28	128	1
159	28	148	1
160	28	160	1
161	28	301	1
162	28	441	1
163	29	49	1
164	29	129	1
165	29	149	1
166	29	162	1
167	29	303	1
168	29	443	1
169	30	50	1
170	30	130	1
171	30	150	1
172	30	164	1
173	30	305	1
174	30	445	1
175	31	51	1
176	31	131	1
177	31	151	1
178	31	733	1
179	31	773	1
180	32	52	1
181	32	132	1
182	32	152	1
183	32	734	1
184	32	774	1
185	33	53	1
186	33	133	1
187	33	153	1
188	33	735	1
189	33	775	1
190	34	54	1
191	34	134	1
192	34	154	1
193	34	736	1
194	34	776	1
195	35	55	1
196	35	135	1
197	35	155	1
198	35	732	1
199	35	772	1
200	36	56	1
201	36	136	1
202	36	156	1
203	36	738	1
204	36	778	1
205	37	51	1
206	37	57	1
207	37	137	1
208	37	151	1
209	37	157	1
210	38	58	1
211	38	138	1
212	38	158	1
213	38	740	1
214	38	780	1
215	39	52	1
216	39	59	1
217	39	139	1
218	39	152	1
219	39	159	1
220	40	60	1
221	40	140	1
222	40	160	1
223	40	742	1
224	40	782	1
225	41	53	1
226	41	61	1
227	41	141	1
228	41	153	1
229	41	161	1
230	42	62	1
231	42	142	1
232	42	162	1
233	42	744	1
234	42	784	1
235	43	54	1
236	43	63	1
237	43	143	1
238	43	154	1
239	43	163	1
240	44	64	1
241	44	144	1
242	44	164	1
243	44	746	1
244	44	786	1
245	45	55	1
246	45	65	1
247	45	145	1
248	45	155	1
249	45	165	1
250	46	66	1
251	46	146	1
252	46	166	1
253	46	748	1
254	46	788	1
255	47	58	1
256	47	67	1
257	47	147	1
258	47	158	1
259	47	167	1
260	48	60	1
261	48	68	1
262	48	148	1
263	48	160	1
264	48	168	1
265	49	62	1
266	49	69	1
267	49	149	1
268	49	162	1
269	49	169	1
270	50	64	1
271	50	70	1
272	50	150	1
273	50	164	1
274	50	170	1
275	51	57	1
276	51	151	1
277	51	773	1
278	52	59	1
279	52	152	1
280	52	774	1
281	53	61	1
282	53	153	1
283	53	775	1
284	54	63	1
285	54	154	1
286	54	776	1
287	55	65	1
288	55	155	1
289	55	772	1
290	56	156	1
291	56	187	1
292	56	327	1
293	56	778	1
294	57	157	1
295	57	179	1
296	57	319	1
297	58	67	1
298	58	158	1
299	58	780	1
300	59	159	1
301	59	181	1
302	59	321	1
303	60	68	1
304	60	160	1
305	60	782	1
306	61	161	1
307	61	183	1
308	61	323	1
309	62	69	1
310	62	162	1
311	62	784	1
312	63	163	1
313	63	185	1
314	63	325	1
315	64	70	1
316	64	164	1
317	64	786	1
318	65	165	1
319	65	177	1
320	65	317	1
321	66	166	1
322	66	771	1
323	66	788	1
324	66	791	1
325	67	167	1
326	67	189	1
327	67	329	1
328	68	168	1
329	68	190	1
330	68	330	1
331	69	169	1
332	69	191	1
333	69	331	1
334	70	170	1
335	70	767	1
336	70	787	1
337	71	91	1
338	71	212	1
339	71	232	1
340	71	453	1
341	71	473	1
342	71	573	1
343	72	92	1
344	72	213	1
345	72	233	1
346	72	454	1
347	72	474	1
348	72	574	1
349	73	93	1
350	73	214	1
351	73	234	1
352	73	455	1
353	73	475	1
354	73	575	1
355	74	94	1
356	74	215	1
357	74	235	1
358	74	456	1
359	74	476	1
360	74	576	1
361	75	95	1
362	75	216	1
363	75	236	1
364	75	452	1
365	75	472	1
366	75	572	1
367	76	96	1
368	76	217	1
369	76	237	1
370	76	458	1
371	76	478	1
372	76	578	1
373	77	97	1
374	77	218	1
375	77	238	1
376	77	552	1
377	77	632	1
378	77	712	1
379	78	98	1
380	78	219	1
381	78	239	1
382	78	460	1
383	78	480	1
384	78	580	1
385	79	99	1
386	79	220	1
387	79	240	1
388	79	553	1
389	79	633	1
390	79	713	1
391	80	100	1
392	80	221	1
393	80	241	1
394	80	462	1
395	80	482	1
396	80	582	1
397	81	101	1
398	81	222	1
399	81	242	1
400	81	554	1
401	81	634	1
402	81	714	1
403	82	102	1
404	82	223	1
405	82	243	1
406	82	464	1
407	82	484	1
408	82	584	1
409	83	103	1
410	83	224	1
411	83	244	1
412	83	555	1
413	83	635	1
414	83	715	1
415	84	104	1
416	84	225	1
417	84	245	1
418	84	466	1
419	84	486	1
420	84	586	1
421	85	105	1
422	85	226	1
423	85	246	1
424	85	556	1
425	85	636	1
426	85	716	1
427	86	106	1
428	86	227	1
429	86	247	1
430	86	468	1
431	86	488	1
432	86	588	1
433	87	107	1
434	87	228	1
435	87	248	1
436	87	559	1
437	87	639	1
438	87	719	1
439	88	108	1
440	88	229	1
441	88	249	1
442	88	561	1
443	88	641	1
444	88	721	1
445	89	109	1
446	89	230	1
447	89	250	1
448	89	563	1
449	89	643	1
450	89	723	1
451	90	110	1
452	90	231	1
453	90	251	1
454	90	565	1
455	90	645	1
456	90	725	1
457	91	111	1
458	91	232	1
459	91	252	1
460	91	573	1
461	91	653	1
462	92	112	1
463	92	233	1
464	92	253	1
465	92	574	1
466	92	654	1
467	93	113	1
468	93	234	1
469	93	254	1
470	93	575	1
471	93	655	1
472	94	114	1
473	94	235	1
474	94	255	1
475	94	576	1
476	94	656	1
477	95	115	1
478	95	236	1
479	95	256	1
480	95	572	1
481	95	652	1
482	96	116	1
483	96	237	1
484	96	257	1
485	96	578	1
486	96	658	1
487	97	117	1
488	97	238	1
489	97	258	1
490	97	432	1
491	97	552	1
492	98	118	1
493	98	239	1
494	98	259	1
495	98	580	1
496	98	660	1
497	99	119	1
498	99	240	1
499	99	260	1
500	99	433	1
501	99	553	1
502	100	120	1
503	100	241	1
504	100	261	1
505	100	582	1
506	100	662	1
507	101	121	1
508	101	242	1
509	101	262	1
510	101	434	1
511	101	554	1
512	102	122	1
513	102	243	1
514	102	263	1
515	102	584	1
516	102	664	1
517	103	123	1
518	103	244	1
519	103	264	1
520	103	435	1
521	103	555	1
522	104	124	1
523	104	245	1
524	104	265	1
525	104	586	1
526	104	666	1
527	105	125	1
528	105	246	1
529	105	266	1
530	105	436	1
531	105	556	1
532	106	126	1
533	106	247	1
534	106	267	1
535	106	588	1
536	106	668	1
537	107	127	1
538	107	248	1
539	107	268	1
540	107	439	1
541	107	559	1
542	108	128	1
543	108	249	1
544	108	269	1
545	108	441	1
546	108	561	1
547	109	129	1
548	109	250	1
549	109	270	1
550	109	443	1
551	109	563	1
552	110	130	1
553	110	251	1
554	110	271	1
555	110	445	1
556	110	565	1
557	111	131	1
558	111	252	1
559	111	272	1
560	111	653	1
561	112	132	1
562	112	253	1
563	112	273	1
564	112	654	1
565	113	133	1
566	113	254	1
567	113	274	1
568	113	655	1
569	114	134	1
570	114	255	1
571	114	275	1
572	114	656	1
573	115	135	1
574	115	256	1
575	115	276	1
576	115	652	1
577	116	136	1
578	116	257	1
579	116	277	1
580	116	658	1
581	117	137	1
582	117	258	1
583	117	278	1
584	117	432	1
585	118	138	1
586	118	259	1
587	118	279	1
588	118	660	1
589	119	139	1
590	119	260	1
591	119	280	1
592	119	433	1
593	120	140	1
594	120	261	1
595	120	281	1
596	120	662	1
597	121	141	1
598	121	262	1
599	121	282	1
600	121	434	1
601	122	142	1
602	122	263	1
603	122	283	1
604	122	664	1
605	123	143	1
606	123	264	1
607	123	284	1
608	123	435	1
609	124	144	1
610	124	265	1
611	124	285	1
612	124	666	1
613	125	145	1
614	125	266	1
615	125	286	1
616	125	436	1
617	126	146	1
618	126	267	1
619	126	287	1
620	126	668	1
621	127	147	1
622	127	268	1
623	127	288	1
624	127	439	1
625	128	148	1
626	128	269	1
627	128	289	1
628	128	441	1
629	129	149	1
630	129	270	1
631	129	290	1
632	129	443	1
633	130	150	1
634	130	271	1
635	130	291	1
636	130	445	1
637	131	151	1
638	131	272	1
639	131	292	1
640	132	152	1
641	132	273	1
642	132	293	1
643	133	153	1
644	133	274	1
645	133	294	1
646	134	154	1
647	134	275	1
648	134	295	1
649	135	155	1
650	135	276	1
651	135	296	1
652	136	156	1
653	136	277	1
654	136	297	1
655	137	157	1
656	137	278	1
657	137	298	1
658	138	158	1
659	138	279	1
660	138	299	1
661	139	159	1
662	139	280	1
663	139	300	1
664	140	160	1
665	140	281	1
666	140	301	1
667	141	161	1
668	141	282	1
669	141	302	1
670	142	162	1
671	142	283	1
672	142	303	1
673	143	163	1
674	143	284	1
675	143	304	1
676	144	164	1
677	144	285	1
678	144	305	1
679	145	165	1
680	145	286	1
681	145	306	1
682	146	166	1
683	146	287	1
684	146	307	1
685	147	167	1
686	147	288	1
687	147	308	1
688	148	168	1
689	148	289	1
690	148	309	1
691	149	169	1
692	149	290	1
693	149	310	1
694	150	170	1
695	150	291	1
696	150	311	1
697	151	292	1
698	152	293	1
699	153	294	1
700	154	295	1
701	155	296	1
702	156	297	1
703	156	327	1
704	156	467	1
705	157	298	1
706	157	319	1
707	157	459	1
708	158	299	1
709	159	300	1
710	159	321	1
711	159	461	1
712	160	301	1
713	161	302	1
714	161	323	1
715	161	463	1
716	162	303	1
717	163	304	1
718	163	325	1
719	163	465	1
720	164	305	1
721	165	306	1
722	165	317	1
723	165	457	1
724	166	307	1
725	166	731	1
726	166	771	1
727	167	308	1
728	167	329	1
729	167	469	1
730	168	309	1
731	168	330	1
732	168	470	1
733	169	310	1
734	169	331	1
735	169	471	1
736	170	311	1
737	170	727	1
738	170	767	1
739	171	172	1
740	171	173	1
741	171	174	1
742	171	175	1
743	171	176	1
744	172	173	1
745	172	176	1
746	172	192	1
747	172	312	1
748	172	313	1
749	173	174	1
750	173	193	1
751	173	313	1
752	173	314	1
753	174	175	1
754	174	194	1
755	174	314	1
756	174	315	1
757	175	176	1
758	175	195	1
759	175	315	1
760	175	316	1
761	176	196	1
762	176	312	1
763	176	316	1
764	177	178	1
765	177	197	1
766	177	317	1
767	177	318	1
768	178	198	1
769	178	318	1
770	178	752	1
771	178	772	1
772	179	180	1
773	179	199	1
774	179	319	1
775	179	320	1
776	180	200	1
777	180	320	1
778	180	753	1
779	180	773	1
780	181	182	1
781	181	201	1
782	181	321	1
783	181	322	1
784	182	202	1
785	182	322	1
786	182	754	1
787	182	774	1
788	183	184	1
789	183	203	1
790	183	323	1
791	183	324	1
792	184	204	1
793	184	324	1
794	184	755	1
795	184	775	1
796	185	186	1
797	185	205	1
798	185	325	1
799	185	326	1
800	186	206	1
801	186	326	1
802	186	756	1
803	186	776	1
804	187	188	1
805	187	207	1
806	187	327	1
807	187	328	1
808	188	208	1
809	188	328	1
810	188	759	1
811	188	779	1
812	189	209	1
813	189	329	1
814	189	761	1
815	189	781	1
816	190	210	1
817	190	330	1
818	190	763	1
819	190	783	1
820	191	211	1
821	191	331	1
822	191	765	1
823	191	785	1
824	192	212	1
825	192	312	1
826	192	313	1
827	192	332	1
828	192	453	1
829	193	213	1
830	193	313	1
831	193	314	1
832	193	333	1
833	193	454	1
834	194	214	1
835	194	314	1
836	194	315	1
837	194	334	1
838	194	455	1
839	195	215	1
840	195	315	1
841	195	316	1
842	195	335	1
843	195	456	1
844	196	216	1
845	196	312	1
846	196	316	1
847	196	336	1
848	196	452	1
849	197	217	1
850	197	317	1
851	197	318	1
852	197	337	1
853	197	458	1
854	198	218	1
855	198	318	1
856	198	338	1
857	198	712	1
858	198	752	1
859	199	219	1
860	199	319	1
861	199	320	1
862	199	339	1
863	199	460	1
864	200	220	1
865	200	320	1
866	200	340	1
867	200	713	1
868	200	753	1
869	201	221	1
870	201	321	1
871	201	322	1
872	201	341	1
873	201	462	1
874	202	222	1
875	202	322	1
876	202	342	1
877	202	714	1
878	202	754	1
879	203	223	1
880	203	323	1
881	203	324	1
882	203	343	1
883	203	464	1
884	204	224	1
885	204	324	1
886	204	344	1
887	204	715	1
888	204	755	1
889	205	225	1
890	205	325	1
891	205	326	1
892	205	345	1
893	205	466	1
894	206	226	1
895	206	326	1
896	206	346	1
897	206	716	1
898	206	756	1
899	207	227	1
900	207	327	1
901	207	328	1
902	207	347	1
903	207	468	1
904	208	228	1
905	208	328	1
906	208	348	1
907	208	719	1
908	208	759	1
909	209	229	1
910	209	329	1
911	209	349	1
912	209	721	1
913	209	761	1
914	210	230	1
915	210	330	1
916	210	350	1
917	210	723	1
918	210	763	1
919	211	231	1
920	211	331	1
921	211	351	1
922	211	725	1
923	211	765	1
924	212	232	1
925	212	332	1
926	212	352	1
927	212	453	1
928	213	233	1
929	213	333	1
930	213	353	1
931	213	454	1
932	214	234	1
933	214	334	1
934	214	354	1
935	214	455	1
936	215	235	1
937	215	335	1
938	215	355	1
939	215	456	1
940	216	236	1
941	216	336	1
942	216	356	1
943	216	452	1
944	217	237	1
945	217	337	1
946	217	357	1
947	217	458	1
948	218	238	1
949	218	338	1
950	218	358	1
951	218	712	1
952	219	239	1
953	219	339	1
954	219	359	1
955	219	460	1
956	220	240	1
957	220	340	1
958	220	360	1
959	220	713	1
960	221	241	1
961	221	341	1
962	221	361	1
963	221	462	1
964	222	242	1
965	222	342	1
966	222	362	1
967	222	714	1
968	223	243	1
969	223	343	1
970	223	363	1
971	223	464	1
972	224	244	1
973	224	344	1
974	224	364	1
975	224	715	1
976	225	245	1
977	225	345	1
978	225	365	1
979	225	466	1
980	226	246	1
981	226	346	1
982	226	366	1
983	226	716	1
984	227	247	1
985	227	347	1
986	227	367	1
987	227	468	1
988	228	248	1
989	228	348	1
990	228	368	1
991	228	719	1
992	229	249	1
993	229	349	1
994	229	369	1
995	229	721	1
996	230	250	1
997	230	350	1
998	230	370	1
999	230	723	1
1000	231	251	1
1001	231	351	1
1002	231	371	1
1003	231	725	1
1004	232	252	1
1005	232	352	1
1006	232	372	1
1007	233	253	1
1008	233	353	1
1009	233	373	1
1010	234	254	1
1011	234	354	1
1012	234	374	1
1013	235	255	1
1014	235	355	1
1015	235	375	1
1016	236	256	1
1017	236	356	1
1018	236	376	1
1019	237	257	1
1020	237	357	1
1021	237	377	1
1022	238	258	1
1023	238	358	1
1024	238	378	1
1025	239	259	1
1026	239	359	1
1027	239	379	1
1028	240	260	1
1029	240	360	1
1030	240	380	1
1031	241	261	1
1032	241	361	1
1033	241	381	1
1034	242	262	1
1035	242	362	1
1036	242	382	1
1037	243	263	1
1038	243	363	1
1039	243	383	1
1040	244	264	1
1041	244	364	1
1042	244	384	1
1043	245	265	1
1044	245	365	1
1045	245	385	1
1046	246	266	1
1047	246	366	1
1048	246	386	1
1049	247	267	1
1050	247	367	1
1051	247	387	1
1052	248	268	1
1053	248	368	1
1054	248	388	1
1055	249	269	1
1056	249	369	1
1057	249	389	1
1058	250	270	1
1059	250	370	1
1060	250	390	1
1061	251	271	1
1062	251	371	1
1063	251	391	1
1064	252	272	1
1065	252	372	1
1066	252	392	1
1067	253	273	1
1068	253	373	1
1069	253	393	1
1070	254	274	1
1071	254	374	1
1072	254	394	1
1073	255	275	1
1074	255	375	1
1075	255	395	1
1076	256	276	1
1077	256	376	1
1078	256	396	1
1079	257	277	1
1080	257	377	1
1081	257	397	1
1082	258	278	1
1083	258	378	1
1084	258	398	1
1085	259	279	1
1086	259	379	1
1087	259	399	1
1088	260	280	1
1089	260	380	1
1090	260	400	1
1091	261	281	1
1092	261	381	1
1093	261	401	1
1094	262	282	1
1095	262	382	1
1096	262	402	1
1097	263	283	1
1098	263	383	1
1099	263	403	1
1100	264	284	1
1101	264	384	1
1102	264	404	1
1103	265	285	1
1104	265	385	1
1105	265	405	1
1106	266	286	1
1107	266	386	1
1108	266	406	1
1109	267	287	1
1110	267	387	1
1111	267	407	1
1112	268	288	1
1113	268	388	1
1114	268	408	1
1115	269	289	1
1116	269	389	1
1117	269	409	1
1118	270	290	1
1119	270	390	1
1120	270	410	1
1121	271	291	1
1122	271	391	1
1123	271	411	1
1124	272	292	1
1125	272	392	1
1126	272	412	1
1127	273	293	1
1128	273	393	1
1129	273	413	1
1130	274	294	1
1131	274	394	1
1132	274	414	1
1133	275	295	1
1134	275	395	1
1135	275	415	1
1136	276	296	1
1137	276	396	1
1138	276	416	1
1139	277	297	1
1140	277	397	1
1141	277	417	1
1142	278	298	1
1143	278	398	1
1144	278	418	1
1145	279	299	1
1146	279	399	1
1147	279	419	1
1148	280	300	1
1149	280	400	1
1150	280	420	1
1151	281	301	1
1152	281	401	1
1153	281	421	1
1154	282	302	1
1155	282	402	1
1156	282	422	1
1157	283	303	1
1158	283	403	1
1159	283	423	1
1160	284	304	1
1161	284	404	1
1162	284	424	1
1163	285	305	1
1164	285	405	1
1165	285	425	1
1166	286	306	1
1167	286	406	1
1168	286	426	1
1169	287	307	1
1170	287	407	1
1171	287	427	1
1172	288	308	1
1173	288	408	1
1174	288	428	1
1175	289	309	1
1176	289	409	1
1177	289	429	1
1178	290	310	1
1179	290	410	1
1180	290	430	1
1181	291	311	1
1182	291	411	1
1183	291	431	1
1184	292	412	1
1185	292	432	2
1186	293	413	2
1187	293	433	2
1188	294	414	2
1189	294	434	2
1190	295	415	2
1191	295	435	2
1192	296	416	2
1193	296	436	2
1194	297	417	2
1195	297	437	2
1196	297	467	2
1197	298	418	2
1198	298	438	2
1199	298	459	2
1200	299	419	2
1201	299	439	2
1202	300	420	2
1203	300	440	2
1204	300	461	2
1205	301	421	2
1206	301	441	2
1207	302	422	2
1208	302	442	2
1209	302	463	2
1210	303	423	2
1211	303	443	2
1212	304	424	2
1213	304	444	2
1214	304	465	2
1215	305	425	2
1216	305	445	2
1217	306	426	2
1218	306	446	2
1219	306	457	2
1220	307	427	2
1221	307	447	2
1222	307	731	2
1223	308	428	2
1224	308	448	2
1225	308	469	2
1226	309	429	2
1227	309	449	2
1228	309	470	2
1229	310	430	2
1230	310	450	2
1231	310	471	2
1232	311	431	2
1233	311	451	2
1234	311	727	2
1235	312	332	2
1236	312	452	2
1237	313	333	2
1238	313	453	2
1239	314	334	2
1240	314	454	2
1241	315	335	2
1242	315	455	2
1243	316	336	2
1244	316	456	2
1245	317	337	2
1246	317	457	2
1247	318	338	2
1248	318	458	2
1249	319	339	2
1250	319	459	2
1251	320	340	2
1252	320	460	2
1253	321	341	2
1254	321	461	2
1255	322	342	2
1256	322	462	2
1257	323	343	2
1258	323	463	2
1259	324	344	2
1260	324	464	2
1261	325	345	2
1262	325	465	2
1263	326	346	2
1264	326	466	2
1265	327	347	2
1266	327	467	2
1267	328	348	2
1268	328	468	2
1269	329	349	2
1270	329	469	2
1271	330	350	2
1272	330	470	2
1273	331	351	2
1274	331	471	2
1275	332	352	2
1276	332	452	2
1277	332	472	2
1278	333	353	2
1279	333	453	2
1280	333	473	2
1281	334	354	2
1282	334	454	2
1283	334	474	2
1284	335	355	2
1285	335	455	2
1286	335	475	2
1287	336	356	2
1288	336	456	2
1289	336	476	2
1290	337	357	2
1291	337	457	2
1292	337	477	2
1293	338	358	2
1294	338	458	2
1295	338	478	2
1296	339	359	2
1297	339	459	2
1298	339	479	2
1299	340	360	2
1300	340	460	2
1301	340	480	2
1302	341	361	2
1303	341	461	2
1304	341	481	2
1305	342	362	2
1306	342	462	2
1307	342	482	2
1308	343	363	2
1309	343	463	2
1310	343	483	2
1311	344	364	2
1312	344	464	2
1313	344	484	2
1314	345	365	2
1315	345	465	2
1316	345	485	2
1317	346	366	2
1318	346	466	2
1319	346	486	2
1320	347	367	2
1321	347	467	2
1322	347	487	2
1323	348	368	2
1324	348	468	2
1325	348	488	2
1326	349	369	2
1327	349	469	2
1328	349	489	2
1329	350	370	2
1330	350	470	2
1331	350	490	2
1332	351	371	2
1333	351	471	2
1334	351	491	2
1335	352	372	2
1336	352	472	2
1337	352	492	2
1338	353	373	2
1339	353	473	2
1340	353	493	2
1341	354	374	2
1342	354	474	2
1343	354	494	2
1344	355	375	2
1345	355	475	2
1346	355	495	2
1347	356	376	2
1348	356	476	2
1349	356	496	2
1350	357	377	2
1351	357	477	2
1352	357	497	2
1353	358	378	2
1354	358	478	2
1355	358	498	2
1356	359	379	2
1357	359	479	2
1358	359	499	2
1359	360	380	2
1360	360	480	2
1361	360	500	2
1362	361	381	2
1363	361	481	2
1364	361	501	2
1365	362	382	2
1366	362	482	2
1367	362	502	2
1368	363	383	2
1369	363	483	2
1370	363	503	2
1371	364	384	2
1372	364	484	2
1373	364	504	2
1374	365	385	2
1375	365	485	2
1376	365	505	2
1377	366	386	2
1378	366	486	2
1379	366	506	2
1380	367	387	2
1381	367	487	2
1382	367	507	2
1383	368	388	2
1384	368	488	2
1385	368	508	2
1386	369	389	2
1387	369	489	2
1388	369	509	2
1389	370	390	2
1390	370	490	2
1391	370	510	2
1392	371	391	2
1393	371	491	2
1394	371	511	2
1395	372	392	2
1396	372	492	2
1397	372	512	2
1398	373	393	2
1399	373	493	2
1400	373	513	2
1401	374	394	2
1402	374	494	2
1403	374	514	2
1404	375	395	2
1405	375	495	2
1406	375	515	2
1407	376	396	2
1408	376	496	2
1409	376	516	2
1410	377	397	2
1411	377	497	2
1412	377	517	2
1413	378	398	2
1414	378	498	2
1415	378	518	2
1416	379	399	2
1417	379	499	2
1418	379	519	2
1419	380	400	2
1420	380	500	2
1421	380	520	2
1422	381	401	2
1423	381	501	2
1424	381	521	2
1425	382	402	2
1426	382	502	2
1427	382	522	2
1428	383	403	2
1429	383	503	2
1430	383	523	2
1431	384	404	2
1432	384	504	2
1433	384	524	2
1434	385	405	2
1435	385	505	2
1436	385	525	2
1437	386	406	2
1438	386	506	2
1439	386	526	2
1440	387	407	2
1441	387	507	2
1442	387	527	2
1443	388	408	2
1444	388	508	2
1445	388	528	2
1446	389	409	2
1447	389	509	2
1448	389	529	2
1449	390	410	2
1450	390	510	2
1451	390	530	2
1452	391	411	2
1453	391	511	2
1454	391	531	2
1455	392	412	2
1456	392	512	2
1457	392	532	2
1458	393	413	2
1459	393	513	2
1460	393	533	2
1461	394	414	2
1462	394	514	2
1463	394	534	2
1464	395	415	2
1465	395	515	2
1466	395	535	2
1467	396	416	2
1468	396	516	2
1469	396	536	2
1470	397	417	2
1471	397	517	2
1472	397	537	2
1473	398	418	2
1474	398	518	2
1475	398	538	2
1476	399	419	2
1477	399	519	2
1478	399	539	2
1479	400	420	2
1480	400	520	2
1481	400	540	2
1482	401	421	2
1483	401	521	2
1484	401	541	2
1485	402	422	2
1486	402	522	2
1487	402	542	2
1488	403	423	2
1489	403	523	2
1490	403	543	2
1491	404	424	2
1492	404	524	2
1493	404	544	2
1494	405	425	2
1495	405	525	2
1496	405	545	2
1497	406	426	2
1498	406	526	2
1499	406	546	2
1500	407	427	2
1501	407	527	2
1502	407	547	2
1503	408	428	2
1504	408	528	2
1505	408	548	2
1506	409	429	2
1507	409	529	2
1508	409	549	2
1509	410	430	2
1510	410	530	2
1511	410	550	2
1512	411	431	2
1513	411	531	2
1514	411	551	2
1515	412	432	2
1516	412	532	2
1517	412	552	2
1518	413	433	2
1519	413	533	2
1520	413	553	2
1521	414	434	2
1522	414	534	2
1523	414	554	2
1524	415	435	2
1525	415	535	2
1526	415	555	2
1527	416	436	2
1528	416	536	2
1529	416	556	2
1530	417	437	2
1531	417	537	2
1532	417	557	2
1533	418	438	2
1534	418	538	2
1535	418	558	2
1536	419	439	2
1537	419	539	2
1538	419	559	2
1539	420	440	2
1540	420	540	2
1541	420	560	2
1542	421	441	2
1543	421	541	2
1544	421	561	2
1545	422	442	2
1546	422	542	2
1547	422	562	2
1548	423	443	2
1549	423	543	2
1550	423	563	2
1551	424	444	2
1552	424	544	2
1553	424	564	2
1554	425	445	2
1555	425	545	2
1556	425	565	2
1557	426	446	2
1558	426	546	2
1559	426	566	2
1560	427	447	2
1561	427	547	2
1562	427	567	2
1563	428	448	2
1564	428	548	2
1565	428	568	2
1566	429	449	2
1567	429	549	2
1568	429	569	2
1569	430	450	2
1570	430	550	2
1571	430	570	2
1572	431	451	2
1573	431	551	2
1574	431	571	2
1575	432	552	2
1576	433	553	2
1577	434	554	2
1578	435	555	2
1579	436	556	2
1580	437	467	2
1581	437	487	2
1582	437	557	2
1583	437	587	2
1584	438	459	2
1585	438	479	2
1586	438	558	2
1587	438	579	2
1588	439	559	2
1589	440	461	2
1590	440	481	2
1591	440	560	2
1592	440	581	2
1593	441	561	2
1594	442	463	2
1595	442	483	2
1596	442	562	2
1597	442	583	2
1598	443	563	2
1599	444	465	2
1600	444	485	2
1601	444	564	2
1602	444	585	2
1603	445	565	2
1604	446	457	2
1605	446	477	2
1606	446	566	2
1607	446	577	2
1608	447	567	2
1609	447	571	2
1610	447	651	2
1611	447	731	2
1612	448	469	2
1613	448	489	2
1614	448	568	2
1615	448	589	2
1616	449	470	2
1617	449	490	2
1618	449	569	2
1619	449	590	2
1620	450	471	2
1621	450	491	2
1622	450	570	2
1623	450	591	2
1624	451	567	2
1625	451	571	2
1626	451	647	2
1627	451	727	2
1628	452	472	2
1629	453	473	2
1630	454	474	2
1631	455	475	2
1632	456	476	2
1633	457	477	2
1634	458	478	2
1635	459	479	2
1636	460	480	2
1637	461	481	2
1638	462	482	2
1639	463	483	2
1640	464	484	2
1641	465	485	2
1642	466	486	2
1643	467	487	2
1644	468	488	2
1645	469	489	2
1646	470	490	2
1647	471	491	2
1648	472	492	2
1649	472	572	2
1650	473	493	2
1651	473	573	2
1652	474	494	2
1653	474	574	2
1654	475	495	2
1655	475	575	2
1656	476	496	2
1657	476	576	2
1658	477	497	2
1659	477	577	2
1660	478	498	2
1661	478	578	2
1662	479	499	2
1663	479	579	2
1664	480	500	2
1665	480	580	2
1666	481	501	2
1667	481	581	2
1668	482	502	2
1669	482	582	2
1670	483	503	2
1671	483	583	2
1672	484	504	2
1673	484	584	2
1674	485	505	2
1675	485	585	2
1676	486	506	2
1677	486	586	2
1678	487	507	2
1679	487	587	2
1680	488	508	2
1681	488	588	2
1682	489	509	2
1683	489	589	2
1684	490	510	2
1685	490	590	2
1686	491	511	2
1687	491	591	2
1688	492	512	2
1689	492	572	2
1690	492	592	2
1691	493	513	2
1692	493	573	2
1693	493	593	2
1694	494	514	2
1695	494	574	2
1696	494	594	2
1697	495	515	2
1698	495	575	2
1699	495	595	2
1700	496	516	2
1701	496	576	2
1702	496	596	2
1703	497	517	2
1704	497	577	2
1705	497	597	2
1706	498	518	2
1707	498	578	2
1708	498	598	2
1709	499	519	2
1710	499	579	2
1711	499	599	2
1712	500	520	2
1713	500	580	2
1714	500	600	2
1715	501	521	2
1716	501	581	2
1717	501	601	2
1718	502	522	2
1719	502	582	2
1720	502	602	2
1721	503	523	2
1722	503	583	2
1723	503	603	2
1724	504	524	2
1725	504	584	2
1726	504	604	2
1727	505	525	2
1728	505	585	2
1729	505	605	2
1730	506	526	2
1731	506	586	2
1732	506	606	2
1733	507	527	2
1734	507	587	2
1735	507	607	2
1736	508	528	2
1737	508	588	2
1738	508	608	2
1739	509	529	2
1740	509	589	2
1741	509	609	2
1742	510	530	2
1743	510	590	2
1744	510	610	2
1745	511	531	2
1746	511	591	2
1747	511	611	2
1748	512	532	2
1749	512	592	2
1750	512	612	2
1751	513	533	2
1752	513	593	2
1753	513	613	2
1754	514	534	2
1755	514	594	2
1756	514	614	2
1757	515	535	2
1758	515	595	2
1759	515	615	2
1760	516	536	2
1761	516	596	2
1762	516	616	2
1763	517	537	2
1764	517	597	2
1765	517	617	2
1766	518	538	2
1767	518	598	2
1768	518	618	2
1769	519	539	2
1770	519	599	2
1771	519	619	2
1772	520	540	2
1773	520	600	2
1774	520	620	2
1775	521	541	2
1776	521	601	2
1777	521	621	2
1778	522	542	2
1779	522	602	2
1780	522	622	2
1781	523	543	2
1782	523	603	2
1783	523	623	2
1784	524	544	2
1785	524	604	2
1786	524	624	2
1787	525	545	2
1788	525	605	2
1789	525	625	2
1790	526	546	2
1791	526	606	2
1792	526	626	2
1793	527	547	2
1794	527	607	2
1795	527	627	2
1796	528	548	2
1797	528	608	2
1798	528	628	2
1799	529	549	2
1800	529	609	2
1801	529	629	2
1802	530	550	2
1803	530	610	2
1804	530	630	2
1805	531	551	2
1806	531	611	2
1807	531	631	2
1808	532	552	2
1809	532	612	2
1810	532	632	2
1811	533	553	2
1812	533	613	2
1813	533	633	2
1814	534	554	2
1815	534	614	2
1816	534	634	2
1817	535	555	2
1818	535	615	2
1819	535	635	2
1820	536	556	2
1821	536	616	2
1822	536	636	2
1823	537	557	2
1824	537	617	2
1825	537	637	2
1826	538	558	2
1827	538	618	2
1828	538	638	2
1829	539	559	2
1830	539	619	2
1831	539	639	2
1832	540	560	2
1833	540	620	2
1834	540	640	2
1835	541	561	2
1836	541	621	2
1837	541	641	2
1838	542	562	2
1839	542	622	2
1840	542	642	2
1841	543	563	2
1842	543	623	2
1843	543	643	2
1844	544	564	2
1845	544	624	2
1846	544	644	2
1847	545	565	2
1848	545	625	2
1849	545	645	2
1850	546	566	2
1851	546	626	2
1852	546	646	2
1853	547	567	2
1854	547	627	2
1855	547	647	2
1856	548	568	2
1857	548	628	2
1858	548	648	2
1859	549	569	2
1860	549	629	2
1861	549	649	2
1862	550	570	2
1863	550	630	2
1864	550	650	2
1865	551	571	2
1866	551	631	2
1867	551	651	2
1868	552	632	2
1869	553	633	2
1870	554	634	2
1871	555	635	2
1872	556	636	2
1873	557	587	2
1874	557	637	2
1875	557	667	2
1876	558	579	2
1877	558	638	2
1878	558	659	2
1879	559	639	2
1880	560	581	2
1881	560	640	2
1882	560	661	2
1883	561	641	2
1884	562	583	2
1885	562	642	2
1886	562	663	2
1887	563	643	2
1888	564	585	2
1889	564	644	2
1890	564	665	2
1891	565	645	2
1892	566	577	2
1893	566	646	2
1894	566	657	2
1895	567	571	2
1896	567	647	2
1897	568	589	2
1898	568	648	2
1899	568	669	2
1900	569	590	2
1901	569	649	2
1902	569	670	2
1903	570	591	2
1904	570	650	2
1905	570	671	2
1906	571	651	2
1907	572	592	2
1908	572	652	2
1909	573	593	2
1910	573	653	2
1911	574	594	2
1912	574	654	2
1913	575	595	2
1914	575	655	2
1915	576	596	2
1916	576	656	2
1917	577	597	2
1918	577	657	2
1919	578	598	2
1920	578	658	2
1921	579	599	2
1922	579	659	2
1923	580	600	2
1924	580	660	2
1925	581	601	2
1926	581	661	2
1927	582	602	2
1928	582	662	2
1929	583	603	2
1930	583	663	2
1931	584	604	2
1932	584	664	2
1933	585	605	2
1934	585	665	2
1935	586	606	2
1936	586	666	2
1937	587	607	2
1938	587	667	2
1939	588	608	2
1940	588	668	2
1941	589	609	2
1942	589	669	2
1943	590	610	2
1944	590	670	2
1945	591	611	2
1946	591	671	2
1947	592	612	2
1948	592	652	2
1949	592	672	2
1950	593	613	2
1951	593	653	2
1952	593	673	2
1953	594	614	2
1954	594	654	2
1955	594	674	2
1956	595	615	2
1957	595	655	2
1958	595	675	2
1959	596	616	2
1960	596	656	2
1961	596	676	2
1962	597	617	2
1963	597	657	2
1964	597	677	2
1965	598	618	2
1966	598	658	2
1967	598	678	2
1968	599	619	2
1969	599	659	2
1970	599	679	2
1971	600	620	2
1972	600	660	2
1973	600	680	2
1974	601	621	2
1975	601	661	2
1976	601	681	2
1977	602	622	2
1978	602	662	2
1979	602	682	2
1980	603	623	2
1981	603	663	2
1982	603	683	2
1983	604	624	2
1984	604	664	2
1985	604	684	2
1986	605	625	2
1987	605	665	2
1988	605	685	2
1989	606	626	2
1990	606	666	2
1991	606	686	2
1992	607	627	2
1993	607	667	2
1994	607	687	2
1995	608	628	2
1996	608	668	2
1997	608	688	2
1998	609	629	2
1999	609	669	2
2000	609	689	2
2001	610	630	2
2002	610	670	2
2003	610	690	2
2004	611	631	2
2005	611	671	2
2006	611	691	2
2007	612	632	2
2008	612	672	2
2009	612	692	2
2010	613	633	2
2011	613	673	2
2012	613	693	2
2013	614	634	2
2014	614	674	2
2015	614	694	2
2016	615	635	2
2017	615	675	2
2018	615	695	2
2019	616	636	2
2020	616	676	2
2021	616	696	2
2022	617	637	2
2023	617	677	2
2024	617	697	2
2025	618	638	2
2026	618	678	2
2027	618	698	2
2028	619	639	2
2029	619	679	2
2030	619	699	2
2031	620	640	2
2032	620	680	2
2033	620	700	2
2034	621	641	2
2035	621	681	2
2036	621	701	2
2037	622	642	2
2038	622	682	2
2039	622	702	2
2040	623	643	2
2041	623	683	2
2042	623	703	2
2043	624	644	2
2044	624	684	2
2045	624	704	2
2046	625	645	2
2047	625	685	2
2048	625	705	2
2049	626	646	2
2050	626	686	2
2051	626	706	2
2052	627	647	2
2053	627	687	2
2054	627	707	2
2055	628	648	2
2056	628	688	2
2057	628	708	2
2058	629	649	2
2059	629	689	2
2060	629	709	2
2061	630	650	2
2062	630	690	2
2063	630	710	2
2064	631	651	2
2065	631	691	2
2066	631	711	2
2067	632	692	2
2068	632	712	2
2069	633	693	2
2070	633	713	2
2071	634	694	2
2072	634	714	2
2073	635	695	2
2074	635	715	2
2075	636	696	2
2076	636	716	2
2077	637	667	2
2078	637	697	2
2079	637	717	2
2080	638	659	2
2081	638	698	2
2082	638	718	2
2083	639	699	2
2084	639	719	2
2085	640	661	2
2086	640	700	2
2087	640	720	2
2088	641	701	2
2089	641	721	2
2090	642	663	2
2091	642	702	2
2092	642	722	2
2093	643	703	2
2094	643	723	2
2095	644	665	2
2096	644	704	2
2097	644	724	2
2098	645	705	2
2099	645	725	2
2100	646	657	2
2101	646	706	2
2102	646	726	2
2103	647	707	2
2104	647	727	2
2105	648	669	2
2106	648	708	2
2107	648	728	2
2108	649	670	2
2109	649	709	2
2110	649	729	2
2111	650	671	2
2112	650	710	2
2113	650	730	2
2114	651	711	2
2115	651	731	2
2116	652	672	2
2117	653	673	2
2118	654	674	2
2119	655	675	2
2120	656	676	2
2121	657	677	2
2122	657	726	2
2123	658	678	2
2124	659	679	2
2125	659	718	2
2126	660	680	2
2127	661	681	2
2128	661	720	2
2129	662	682	2
2130	663	683	2
2131	663	722	2
2132	664	684	2
2133	665	685	2
2134	665	724	2
2135	666	686	2
2136	667	687	2
2137	667	717	2
2138	668	688	2
2139	669	689	2
2140	669	728	2
2141	670	690	2
2142	670	729	2
2143	671	691	2
2144	671	730	2
2145	672	692	2
2146	672	732	2
2147	673	693	2
2148	673	733	2
2149	674	694	2
2150	674	734	2
2151	675	695	2
2152	675	735	2
2153	676	696	2
2154	676	736	2
2155	677	697	2
2156	677	726	2
2157	677	737	2
2158	678	698	2
2159	678	738	2
2160	679	699	2
2161	679	718	2
2162	679	739	2
2163	680	700	2
2164	680	740	2
2165	681	701	2
2166	681	720	2
2167	681	741	2
2168	682	702	2
2169	682	742	2
2170	683	703	2
2171	683	722	2
2172	683	743	2
2173	684	704	2
2174	684	744	2
2175	685	705	2
2176	685	724	2
2177	685	745	2
2178	686	706	2
2179	686	746	2
2180	687	707	2
2181	687	717	2
2182	687	747	2
2183	688	708	2
2184	688	748	2
2185	689	709	2
2186	689	728	2
2187	689	749	2
2188	690	710	2
2189	690	729	2
2190	690	750	2
2191	691	711	2
2192	691	730	2
2193	691	751	2
2194	692	712	2
2195	692	732	2
2196	692	752	2
2197	693	713	2
2198	693	733	2
2199	693	753	2
2200	694	714	2
2201	694	734	2
2202	694	754	2
2203	695	715	2
2204	695	735	2
2205	695	755	2
2206	696	716	2
2207	696	736	2
2208	696	756	2
2209	697	717	2
2210	697	737	2
2211	697	757	2
2212	698	718	2
2213	698	738	2
2214	698	758	2
2215	699	719	2
2216	699	739	2
2217	699	759	2
2218	700	720	2
2219	700	740	2
2220	700	760	2
2221	701	721	2
2222	701	741	2
2223	701	761	2
2224	702	722	2
2225	702	742	2
2226	702	762	2
2227	703	723	2
2228	703	743	2
2229	703	763	2
2230	704	724	2
2231	704	744	2
2232	704	764	2
2233	705	725	2
2234	705	745	2
2235	705	765	2
2236	706	726	2
2237	706	746	2
2238	706	766	2
2239	707	727	2
2240	707	747	2
2241	707	767	2
2242	708	728	2
2243	708	748	2
2244	708	768	2
2245	709	729	2
2246	709	749	2
2247	709	769	2
2248	710	730	2
2249	710	750	2
2250	710	770	2
2251	711	731	2
2252	711	751	2
2253	711	771	2
2254	712	752	2
2255	713	753	2
2256	714	754	2
2257	715	755	2
2258	716	756	2
2259	717	747	2
2260	717	757	2
2261	718	739	2
2262	718	758	2
2263	719	759	2
2264	720	741	2
2265	720	760	2
2266	721	761	2
2267	722	743	2
2268	722	762	2
2269	723	763	2
2270	724	745	2
2271	724	764	2
2272	725	765	2
2273	726	737	2
2274	726	766	2
2275	727	767	2
2276	728	749	2
2277	728	768	2
2278	729	750	2
2279	729	769	2
2280	730	751	2
2281	730	770	2
2282	731	771	2
2283	732	752	2
2284	732	772	2
2285	733	753	2
2286	733	773	2
2287	734	754	2
2288	734	774	2
2289	735	755	2
2290	735	775	2
2291	736	756	2
2292	736	776	2
2293	737	757	2
2294	737	766	2
2295	737	777	2
2296	738	758	2
2297	738	778	2
2298	739	758	2
2299	739	759	2
2300	739	779	2
2301	740	760	2
2302	740	780	2
2303	741	760	2
2304	741	761	2
2305	741	781	2
2306	742	762	2
2307	742	782	2
2308	743	762	2
2309	743	763	2
2310	743	783	2
2311	744	764	2
2312	744	784	2
2313	745	764	2
2314	745	765	2
2315	745	785	2
2316	746	766	2
2317	746	786	2
2318	747	757	2
2319	747	767	2
2320	747	787	2
2321	748	768	2
2322	748	788	2
2323	749	768	2
2324	749	769	2
2325	749	789	2
2326	750	769	2
2327	750	770	2
2328	750	790	2
2329	751	770	2
2330	751	771	2
2331	751	791	2
2332	752	772	2
2333	753	773	2
2334	754	774	2
2335	755	775	2
2336	756	776	2
2337	757	777	2
2338	757	787	2
2339	758	778	2
2340	758	779	2
2341	759	779	2
2342	760	780	2
2343	760	781	2
2344	761	781	2
2345	762	782	2
2346	762	783	2
2347	763	783	2
2348	764	784	2
2349	764	785	2
2350	765	785	2
2351	766	777	2
2352	766	786	2
2353	767	787	2
2354	768	788	2
2355	768	789	2
2356	769	789	2
2357	769	790	2
2358	770	790	2
2359	770	791	2
2360	771	791	2
2361	777	786	2
2362	777	787	2
2363	778	779	2
2364	780	781	2
2365	782	783	2
2366	784	785	2
2367	788	789	2
2368	789	790	2
2369	790	791	2



# Number of Triangles= 1580

triangles

0	0	51	57	1	1 
1	0	51	773	-1	1 
2	0	57	179	1	1 
3	0	179	180	1	1 
4	0	180	773	1	1 
5	1	52	59	1	1 
6	1	52	774	-1	1 
7	1	59	181	1	1 
8	1	181	182	1	1 
9	1	182	774	1	1 
10	2	53	61	1	1 
11	2	53	775	-1	1 
12	2	61	183	1	1 
13	2	183	184	1	1 
14	2	184	775	1	1 
15	3	54	63	1	1 
16	3	54	776	-1	1 
17	3	63	185	1	1 
18	3	185	186	1	1 
19	3	186	776	1	1 
20	4	55	65	1	1 
21	4	55	772	-1	1 
22	4	65	177	1	1 
23	4	177	178	1	1 
24	4	178	772	1	1 
25	5	56	187	1	1 
26	5	56	778	-1	1 
27	5	187	188	1	1 
28	5	188	779	1	1 
29	5	778	779	-1	1 
30	6	58	67	1	1 
31	6	58	780	-1	1 
32	6	67	189	1	1 
33	6	189	781	1	1 
34	6	780	781	-1	1 
35	7	60	68	1	1 
36	7	60	782	-1	1 
37	7	68	190	1	1 
38	7	190	783	1	1 
39	7	782	783	-1	1 
40	8	62	69	1	1 
41	8	62	784	-1	1 
42	8	69	191	1	1 
43	8	191	785	1	1 
44	8	784	785	-1	1 
45	9	64	70	1	1 
46	9	64	786	-1	1 
47	9	70	787	1	1 
48	9	777	786	1	1 
49	9	777	787	-1	1 
50	10	66	788	-1	1 
51	10	66	791	1	1 
52	10	788	789	-1	1 
53	10	789	790	-1	1 
54	10	790	791	-1	1 
55	11	31	131	-1	1 
56	11	31	733	1	1 
57	11	111	131	1	1 
58	11	111	653	-1	1 
59	11	653	673	-1	1 
60	11	673	733	-1	1 
61	12	32	132	-1	1 
62	12	32	734	1	1 
63	12	112	132	1	1 
64	12	112	654	-1	1 
65	12	654	674	-1	1 
66	12	674	734	-1	1 
67	13	33	133	-1	1 
68	13	33	735	1	1 
69	13	113	133	1	1 
70	13	113	655	-1	1 
71	13	655	675	-1	1 
72	13	675	735	-1	1 
73	14	34	134	-1	1 
74	14	34	736	1	1 
75	14	114	134	1	1 
76	14	114	656	-1	1 
77	14	656	676	-1	1 
78	14	676	736	-1	1 
79	15	35	135	-1	1 
80	15	35	732	1	1 
81	15	115	135	1	1 
82	15	115	652	-1	1 
83	15	652	672	-1	1 
84	15	672	732	-1	1 
85	16	36	136	-1	1 
86	16	36	738	1	1 
87	16	116	136	1	1 
88	16	116	658	-1	1 
89	16	658	678	-1	1 
90	16	678	738	-1	1 
91	17	37	137	-1	1 
92	17	37	151	1	1 
93	17	117	137	1	1 
94	17	117	432	-1	1 
95	17	151	292	1	1 
96	17	292	432	1	1 
97	18	38	138	-1	1 
98	18	38	740	1	1 
99	18	118	138	1	1 
100	18	118	660	-1	1 
101	18	660	680	-1	1 
102	18	680	740	-1	1 
103	19	39	139	-1	1 
104	19	39	152	1	1 
105	19	119	139	1	1 
106	19	119	433	-1	1 
107	19	152	293	1	1 
108	19	293	433	1	1 
109	20	40	140	-1	1 
110	20	40	742	1	1 
111	20	120	140	1	1 
112	20	120	662	-1	1 
113	20	662	682	-1	1 
114	20	682	742	-1	1 
115	21	41	141	-1	1 
116	21	41	153	1	1 
117	21	121	141	1	1 
118	21	121	434	-1	1 
119	21	153	294	1	1 
120	21	294	434	1	1 
121	22	42	142	-1	1 
122	22	42	744	1	1 
123	22	122	142	1	1 
124	22	122	664	-1	1 
125	22	664	684	-1	1 
126	22	684	744	-1	1 
127	23	43	143	-1	1 
128	23	43	154	1	1 
129	23	123	143	1	1 
130	23	123	435	-1	1 
131	23	154	295	1	1 
132	23	295	435	1	1 
133	24	44	144	-1	1 
134	24	44	746	1	1 
135	24	124	144	1	1 
136	24	124	666	-1	1 
137	24	666	686	-1	1 
138	24	686	746	-1	1 
139	25	45	145	-1	1 
140	25	45	155	1	1 
141	25	125	145	1	1 
142	25	125	436	-1	1 
143	25	155	296	1	1 
144	25	296	436	1	1 
145	26	46	146	-1	1 
146	26	46	748	1	1 
147	26	126	146	1	1 
148	26	126	668	-1	1 
149	26	668	688	-1	1 
150	26	688	748	-1	1 
151	27	47	147	-1	1 
152	27	47	158	1	1 
153	27	127	147	1	1 
154	27	127	439	-1	1 
155	27	158	299	1	1 
156	27	299	439	1	1 
157	28	48	148	-1	1 
158	28	48	160	1	1 
159	28	128	148	1	1 
160	28	128	441	-1	1 
161	28	160	301	1	1 
162	28	301	441	1	1 
163	29	49	149	-1	1 
164	29	49	162	1	1 
165	29	129	149	1	1 
166	29	129	443	-1	1 
167	29	162	303	1	1 
168	29	303	443	1	1 
169	30	50	150	-1	1 
170	30	50	164	1	1 
171	30	130	150	1	1 
172	30	130	445	-1	1 
173	30	164	305	1	1 
174	30	305	445	1	1 
175	31	51	151	-1	1 
176	31	51	773	1	1 
177	31	131	151	1	1 
178	31	733	773	-1	1 
179	32	52	152	-1	1 
180	32	52	774	1	1 
181	32	132	152	1	1 
182	32	734	774	-1	1 
183	33	53	153	-1	1 
184	33	53	775	1	1 
185	33	133	153	1	1 
186	33	735	775	-1	1 
187	34	54	154	-1	1 
188	34	54	776	1	1 
189	34	134	154	1	1 
190	34	736	776	-1	1 
191	35	55	155	-1	1 
192	35	55	772	1	1 
193	35	135	155	1	1 
194	35	732	772	-1	1 
195	36	56	156	-1	1 
196	36	56	778	1	1 
197	36	136	156	1	1 
198	36	738	778	-1	1 
199	37	51	57	-1	1 
200	37	51	151	1	1 
201	37	57	157	-1	1 
202	37	137	157	1	1 
203	38	58	158	-1	1 
204	38	58	780	1	1 
205	38	138	158	1	1 
206	38	740	780	-1	1 
207	39	52	59	-1	1 
208	39	52	152	1	1 
209	39	59	159	-1	1 
210	39	139	159	1	1 
211	40	60	160	-1	1 
212	40	60	782	1	1 
213	40	140	160	1	1 
214	40	742	782	-1	1 
215	41	53	61	-1	1 
216	41	53	153	1	1 
217	41	61	161	-1	1 
218	41	141	161	1	1 
219	42	62	162	-1	1 
220	42	62	784	1	1 
221	42	142	162	1	1 
222	42	744	784	-1	1 
223	43	54	63	-1	1 
224	43	54	154	1	1 
225	43	63	163	-1	1 
226	43	143	163	1	1 
227	44	64	164	-1	1 
228	44	64	786	1	1 
229	44	144	164	1	1 
230	44	746	786	-1	1 
231	45	55	65	-1	1 
232	45	55	155	1	1 
233	45	65	165	-1	1 
234	45	145	165	1	1 
235	46	66	166	-1	1 
236	46	66	788	1	1 
237	46	146	166	1	1 
238	46	748	788	-1	1 
239	47	58	67	-1	1 
240	47	58	158	1	1 
241	47	67	167	-1	1 
242	47	147	167	1	1 
243	48	60	68	-1	1 
244	48	60	160	1	1 
245	48	68	168	-1	1 
246	48	148	168	1	1 
247	49	62	69	-1	1 
248	49	62	162	1	1 
249	49	69	169	-1	1 
250	49	149	169	1	1 
251	50	64	70	-1	1 
252	50	64	164	1	1 
253	50	70	170	-1	1 
254	50	150	170	1	1 
255	56	156	327	1	1 
256	56	187	327	-1	1 
257	57	157	319	1	1 
258	57	179	319	-1	1 
259	59	159	321	1	1 
260	59	181	321	-1	1 
261	61	161	323	1	1 
262	61	183	323	-1	1 
263	63	163	325	1	1 
264	63	185	325	-1	1 
265	65	165	317	1	1 
266	65	177	317	-1	1 
267	66	166	771	1	1 
268	66	771	791	1	1 
269	67	167	329	1	1 
270	67	189	329	-1	1 
271	68	168	330	1	1 
272	68	190	330	-1	1 
273	69	169	331	1	1 
274	69	191	331	-1	1 
275	70	170	767	1	1 
276	70	767	787	1	1 
277	71	91	232	-1	1 
278	71	91	573	1	1 
279	71	212	232	1	1 
280	71	212	453	-1	1 
281	71	453	473	-1	1 
282	71	473	573	-1	1 
283	72	92	233	-1	1 
284	72	92	574	1	1 
285	72	213	233	1	1 
286	72	213	454	-1	1 
287	72	454	474	-1	1 
288	72	474	574	-1	1 
289	73	93	234	-1	1 
290	73	93	575	1	1 
291	73	214	234	1	1 
292	73	214	455	-1	1 
293	73	455	475	-1	1 
294	73	475	575	-1	1 
295	74	94	235	-1	1 
296	74	94	576	1	1 
297	74	215	235	1	1 
298	74	215	456	-1	1 
299	74	456	476	-1	1 
300	74	476	576	-1	1 
301	75	95	236	-1	1 
302	75	95	572	1	1 
303	75	216	236	1	1 
304	75	216	452	-1	1 
305	75	452	472	-1	1 
306	75	472	572	-1	1 
307	76	96	237	-1	1 
308	76	96	578	1	1 
309	76	217	237	1	1 
310	76	217	458	-1	1 
311	76	458	478	-1	1 
312	76	478	578	-1	1 
313	77	97	238	-1	1 
314	77	97	552	1	1 
315	77	218	238	1	1 
316	77	218	712	-1	1 
317	77	552	632	1	1 
318	77	632	712	1	1 
319	78	98	239	-1	1 
320	78	98	580	1	1 
321	78	219	239	1	1 
322	78	219	460	-1	1 
323	78	460	480	-1	1 
324	78	480	580	-1	1 
325	79	99	240	-1	1 
326	79	99	553	1	1 
327	79	220	240	1	1 
328	79	220	713	-1	1 
329	79	553	633	1	1 
330	79	633	713	1	1 
331	80	100	241	-1	1 
332	80	100	582	1	1 
333	80	221	241	1	1 
334	80	221	462	-1	1 
335	80	462	482	-1	1 
336	80	482	582	-1	1 
337	81	101	242	-1	1 
338	81	101	554	1	1 
339	81	222	242	1	1 
340	81	222	714	-1	1 
341	81	554	634	1	1 
342	81	634	714	1	1 
343	82	102	243	-1	1 
344	82	102	584	1	1 
345	82	223	243	1	1 
346	82	223	464	-1	1 
347	82	464	484	-1	1 
348	82	484	584	-1	1 
349	83	103	244	-1	1 
350	83	103	555	1	1 
351	83	224	244	1	1 
352	83	224	715	-1	1 
353	83	555	635	1	1 
354	83	635	715	1	1 
355	84	104	245	-1	1 
356	84	104	586	1	1 
357	84	225	245	1	1 
358	84	225	466	-1	1 
359	84	466	486	-1	1 
360	84	486	586	-1	1 
361	85	105	246	-1	1 
362	85	105	556	1	1 
363	85	226	246	1	1 
364	85	226	716	-1	1 
365	85	556	636	1	1 
366	85	636	716	1	1 
367	86	106	247	-1	1 
368	86	106	588	1	1 
369	86	227	247	1	1 
370	86	227	468	-1	1 
371	86	468	488	-1	1 
372	86	488	588	-1	1 
373	87	107	248	-1	1 
374	87	107	559	1	1 
375	87	228	248	1	1 
376	87	228	719	-1	1 
377	87	559	639	1	1 
378	87	639	719	1	1 
379	88	108	249	-1	1 
380	88	108	561	1	1 
381	88	229	249	1	1 
382	88	229	721	-1	1 
383	88	561	641	1	1 
384	88	641	721	1	1 
385	89	109	250	-1	1 
386	89	109	563	1	1 
387	89	230	250	1	1 
388	89	230	723	-1	1 
389	89	563	643	1	1 
390	89	643	723	1	1 
391	90	110	251	-1	1 
392	90	110	565	1	1 
393	90	231	251	1	1 
394	90	231	725	-1	1 
395	90	565	645	1	1 
396	90	645	725	1	1 
397	91	111	252	-1	1 
398	91	111	653	1	1 
399	91	232	252	1	1 
400	91	573	653	-1	1 
401	92	112	253	-1	1 
402	92	112	654	1	1 
403	92	233	253	1	1 
404	92	574	654	-1	1 
405	93	113	254	-1	1 
406	93	113	655	1	1 
407	93	234	254	1	1 
408	93	575	655	-1	1 
409	94	114	255	-1	1 
410	94	114	656	1	1 
411	94	235	255	1	1 
412	94	576	656	-1	1 
413	95	115	256	-1	1 
414	95	115	652	1	1 
415	95	236	256	1	1 
416	95	572	652	-1	1 
417	96	116	257	-1	1 
418	96	116	658	1	1 
419	96	237	257	1	1 
420	96	578	658	-1	1 
421	97	117	258	-1	1 
422	97	117	432	1	1 
423	97	238	258	1	1 
424	97	432	552	1	1 
425	98	118	259	-1	1 
426	98	118	660	1	1 
427	98	239	259	1	1 
428	98	580	660	-1	1 
429	99	119	260	-1	1 
430	99	119	433	1	1 
431	99	240	260	1	1 
432	99	433	553	1	1 
433	100	120	261	-1	1 
434	100	120	662	1	1 
435	100	241	261	1	1 
436	100	582	662	-1	1 
437	101	121	262	-1	1 
438	101	121	434	1	1 
439	101	242	262	1	1 
440	101	434	554	1	1 
441	102	122	263	-1	1 
442	102	122	664	1	1 
443	102	243	263	1	1 
444	102	584	664	-1	1 
445	103	123	264	-1	1 
446	103	123	435	1	1 
447	103	244	264	1	1 
448	103	435	555	1	1 
449	104	124	265	-1	1 
450	104	124	666	1	1 
451	104	245	265	1	1 
452	104	586	666	-1	1 
453	105	125	266	-1	1 
454	105	125	436	1	1 
455	105	246	266	1	1 
456	105	436	556	1	1 
457	106	126	267	-1	1 
458	106	126	668	1	1 
459	106	247	267	1	1 
460	106	588	668	-1	1 
461	107	127	268	-1	1 
462	107	127	439	1	1 
463	107	248	268	1	1 
464	107	439	559	1	1 
465	108	128	269	-1	1 
466	108	128	441	1	1 
467	108	249	269	1	1 
468	108	441	561	1	1 
469	109	129	270	-1	1 
470	109	129	443	1	1 
471	109	250	270	1	1 
472	109	443	563	1	1 
473	110	130	271	-1	1 
474	110	130	445	1	1 
475	110	251	271	1	1 
476	110	445	565	1	1 
477	111	131	272	-1	1 
478	111	252	272	1	1 
479	112	132	273	-1	1 
480	112	253	273	1	1 
481	113	133	274	-1	1 
482	113	254	274	1	1 
483	114	134	275	-1	1 
484	114	255	275	1	1 
485	115	135	276	-1	1 
486	115	256	276	1	1 
487	116	136	277	-1	1 
488	116	257	277	1	1 
489	117	137	278	-1	1 
490	117	258	278	1	1 
491	118	138	279	-1	1 
492	118	259	279	1	1 
493	119	139	280	-1	1 
494	119	260	280	1	1 
495	120	140	281	-1	1 
496	120	261	281	1	1 
497	121	141	282	-1	1 
498	121	262	282	1	1 
499	122	142	283	-1	1 
500	122	263	283	1	1 
501	123	143	284	-1	1 
502	123	264	284	1	1 
503	124	144	285	-1	1 
504	124	265	285	1	1 
505	125	145	286	-1	1 
506	125	266	286	1	1 
507	126	146	287	-1	1 
508	126	267	287	1	1 
509	127	147	288	-1	1 
510	127	268	288	1	1 
511	128	148	289	-1	1 
512	128	269	289	1	1 
513	129	149	290	-1	1 
514	129	270	290	1	1 
515	130	150	291	-1	1 
516	130	271	291	1	1 
517	131	151	292	-1	1 
518	131	272	292	1	1 
519	132	152	293	-1	1 
520	132	273	293	1	1 
521	133	153	294	-1	1 
522	133	274	294	1	1 
523	134	154	295	-1	1 
524	134	275	295	1	1 
525	135	155	296	-1	1 
526	135	276	296	1	1 
527	136	156	297	-1	1 
528	136	277	297	1	1 
529	137	157	298	-1	1 
530	137	278	298	1	1 
531	138	158	299	-1	1 
532	138	279	299	1	1 
533	139	159	300	-1	1 
534	139	280	300	1	1 
535	140	160	301	-1	1 
536	140	281	301	1	1 
537	141	161	302	-1	1 
538	141	282	302	1	1 
539	142	162	303	-1	1 
540	142	283	303	1	1 
541	143	163	304	-1	1 
542	143	284	304	1	1 
543	144	164	305	-1	1 
544	144	285	305	1	1 
545	145	165	306	-1	1 
546	145	286	306	1	1 
547	146	166	307	-1	1 
548	146	287	307	1	1 
549	147	167	308	-1	1 
550	147	288	308	1	1 
551	148	168	309	-1	1 
552	148	289	309	1	1 
553	149	169	310	-1	1 
554	149	290	310	1	1 
555	150	170	311	-1	1 
556	150	291	311	1	1 
557	156	297	467	1	1 
558	156	327	467	-1	1 
559	157	298	459	1	1 
560	157	319	459	-1	1 
561	159	300	461	1	1 
562	159	321	461	-1	1 
563	161	302	463	1	1 
564	161	323	463	-1	1 
565	163	304	465	1	1 
566	163	325	465	-1	1 
567	165	306	457	1	1 
568	165	317	457	-1	1 
569	166	307	731	1	1 
570	166	731	771	1	1 
571	167	308	469	1	1 
572	167	329	469	-1	1 
573	168	309	470	1	1 
574	168	330	470	-1	1 
575	169	310	471	1	1 
576	169	331	471	-1	1 
577	170	311	727	1	1 
578	170	727	767	1	1 
579	171	172	173	1	1 
580	171	172	176	-1	1 
581	171	173	174	1	1 
582	171	174	175	1	1 
583	171	175	176	1	1 
584	172	173	313	-1	1 
585	172	176	312	1	1 
586	172	192	312	-1	1 
587	172	192	313	1	1 
588	173	174	314	-1	1 
589	173	193	313	-1	1 
590	173	193	314	1	1 
591	174	175	315	-1	1 
592	174	194	314	-1	1 
593	174	194	315	1	1 
594	175	176	316	-1	1 
595	175	195	315	-1	1 
596	175	195	316	1	1 
597	176	196	312	1	1 
598	176	196	316	-1	1 
599	177	178	318	-1	1 
600	177	197	317	-1	1 
601	177	197	318	1	1 
602	178	198	318	-1	1 
603	178	198	752	1	1 
604	178	752	772	1	1 
605	179	180	320	-1	1 
606	179	199	319	-1	1 
607	179	199	320	1	1 
608	180	200	320	-1	1 
609	180	200	753	1	1 
610	180	753	773	1	1 
611	181	182	322	-1	1 
612	181	201	321	-1	1 
613	181	201	322	1	1 
614	182	202	322	-1	1 
615	182	202	754	1	1 
616	182	754	774	1	1 
617	183	184	324	-1	1 
618	183	203	323	-1	1 
619	183	203	324	1	1 
620	184	204	324	-1	1 
621	184	204	755	1	1 
622	184	755	775	1	1 
623	185	186	326	-1	1 
624	185	205	325	-1	1 
625	185	205	326	1	1 
626	186	206	326	-1	1 
627	186	206	756	1	1 
628	186	756	776	1	1 
629	187	188	328	-1	1 
630	187	207	327	-1	1 
631	187	207	328	1	1 
632	188	208	328	-1	1 
633	188	208	759	1	1 
634	188	759	779	1	1 
635	189	209	329	-1	1 
636	189	209	761	1	1 
637	189	761	781	1	1 
638	190	210	330	-1	1 
639	190	210	763	1	1 
640	190	763	783	1	1 
641	191	211	331	-1	1 
642	191	211	765	1	1 
643	191	765	785	1	1 
644	192	212	332	-1	1 
645	192	212	453	1	1 
646	192	312	332	1	1 
647	192	313	453	-1	1 
648	193	213	333	-1	1 
649	193	213	454	1	1 
650	193	313	333	1	1 
651	193	314	454	-1	1 
652	194	214	334	-1	1 
653	194	214	455	1	1 
654	194	314	334	1	1 
655	194	315	455	-1	1 
656	195	215	335	-1	1 
657	195	215	456	1	1 
658	195	315	335	1	1 
659	195	316	456	-1	1 
660	196	216	336	-1	1 
661	196	216	452	1	1 
662	196	312	452	-1	1 
663	196	316	336	1	1 
664	197	217	337	-1	1 
665	197	217	458	1	1 
666	197	317	337	1	1 
667	197	318	458	-1	1 
668	198	218	338	-1	1 
669	198	218	712	1	1 
670	198	318	338	1	1 
671	198	712	752	1	1 
672	199	219	339	-1	1 
673	199	219	460	1	1 
674	199	319	339	1	1 
675	199	320	460	-1	1 
676	200	220	340	-1	1 
677	200	220	713	1	1 
678	200	320	340	1	1 
679	200	713	753	1	1 
680	201	221	341	-1	1 
681	201	221	462	1	1 
682	201	321	341	1	1 
683	201	322	462	-1	1 
684	202	222	342	-1	1 
685	202	222	714	1	1 
686	202	322	342	1	1 
687	202	714	754	1	1 
688	203	223	343	-1	1 
689	203	223	464	1	1 
690	203	323	343	1	1 
691	203	324	464	-1	1 
692	204	224	344	-1	1 
693	204	224	715	1	1 
694	204	324	344	1	1 
695	204	715	755	1	1 
696	205	225	345	-1	1 
697	205	225	466	1	1 
698	205	325	345	1	1 
699	205	326	466	-1	1 
700	206	226	346	-1	1 
701	206	226	716	1	1 
702	206	326	346	1	1 
703	206	716	756	1	1 
704	207	227	347	-1	1 
705	207	227	468	1	1 
706	207	327	347	1	1 
707	207	328	468	-1	1 
708	208	228	348	-1	1 
709	208	228	719	1	1 
710	208	328	348	1	1 
711	208	719	759	1	1 
712	209	229	349	-1	1 
713	209	229	721	1	1 
714	209	329	349	1	1 
715	209	721	761	1	1 
716	210	230	350	-1	1 
717	210	230	723	1	1 
718	210	330	350	1	1 
719	210	723	763	1	1 
720	211	231	351	-1	1 
721	211	231	725	1	1 
722	211	331	351	1	1 
723	211	725	765	1	1 
724	212	232	352	-1	1 
725	212	332	352	1	1 
726	213	233	353	-1	1 
727	213	333	353	1	1 
728	214	234	354	-1	1 
729	214	334	354	1	1 
730	215	235	355	-1	1 
731	215	335	355	1	1 
732	216	236	356	-1	1 
733	216	336	356	1	1 
734	217	237	357	-1	1 
735	217	337	357	1	1 
736	218	238	358	-1	1 
737	218	338	358	1	1 
738	219	239	359	-1	1 
739	219	339	359	1	1 
740	220	240	360	-1	1 
741	220	340	360	1	1 
742	221	241	361	-1	1 
743	221	341	361	1	1 
744	222	242	362	-1	1 
745	222	342	362	1	1 
746	223	243	363	-1	1 
747	223	343	363	1	1 
748	224	244	364	-1	1 
749	224	344	364	1	1 
750	225	245	365	-1	1 
751	225	345	365	1	1 
752	226	246	366	-1	1 
753	226	346	366	1	1 
754	227	247	367	-1	1 
755	227	347	367	1	1 
756	228	248	368	-1	1 
757	228	348	368	1	1 
758	229	249	369	-1	1 
759	229	349	369	1	1 
760	230	250	370	-1	1 
761	230	350	370	1	1 
762	231	251	371	-1	1 
763	231	351	371	1	1 
764	232	252	372	-1	1 
765	232	352	372	1	1 
766	233	253	373	-1	1 
767	233	353	373	1	1 
768	234	254	374	-1	1 
769	234	354	374	1	1 
770	235	255	375	-1	1 
771	235	355	375	1	1 
772	236	256	376	-1	1 
773	236	356	376	1	1 
774	237	257	377	-1	1 
775	237	357	377	1	1 
776	238	258	378	-1	1 
777	238	358	378	1	1 
778	239	259	379	-1	1 
779	239	359	379	1	1 
780	240	260	380	-1	1 
781	240	360	380	1	1 
782	241	261	381	-1	1 
783	241	361	381	1	1 
784	242	262	382	-1	1 
785	242	362	382	1	1 
786	243	263	383	-1	1 
787	243	363	383	1	1 
788	244	264	384	-1	1 
789	244	364	384	1	1 
790	245	265	385	-1	1 
791	245	365	385	1	1 
792	246	266	386	-1	1 
793	246	366	386	1	1 
794	247	267	387	-1	1 
795	247	367	387	1	1 
796	248	268	388	-1	1 
797	248	368	388	1	1 
798	249	269	389	-1	1 
799	249	369	389	1	1 
800	250	270	390	-1	1 
801	250	370	390	1	1 
802	251	271	391	-1	1 
803	251	371	391	1	1 
804	252	272	392	-1	1 
805	252	372	392	1	1 
806	253	273	393	-1	1 
807	253	373	393	1	1 
808	254	274	394	-1	1 
809	254	374	394	1	1 
810	255	275	395	-1	1 
811	255	375	395	1	1 
812	256	276	396	-1	1 
813	256	376	396	1	1 
814	257	277	397	-1	1 
815	257	377	397	1	1 
816	258	278	398	-1	1 
817	258	378	398	1	1 
818	259	279	399	-1	1 
819	259	379	399	1	1 
820	260	280	400	-1	1 
821	260	380	400	1	1 
822	261	281	401	-1	1 
823	261	381	401	1	1 
824	262	282	402	-1	1 
825	262	382	402	1	1 
826	263	283	403	-1	1 
827	263	383	403	1	1 
828	264	284	404	-1	1 
829	264	384	404	1	1 
830	265	285	405	-1	1 
831	265	385	405	1	1 
832	266	286	406	-1	1 
833	266	386	406	1	1 
834	267	287	407	-1	1 
835	267	387	407	1	1 
836	268	288	408	-1	1 
837	268	388	408	1	1 
838	269	289	409	-1	1 
839	269	389	409	1	1 
840	270	290	410	-1	1 
841	270	390	410	1	1 
842	271	291	411	-1	1 
843	271	391	411	1	1 
844	272	292	412	-1	1 
845	272	392	412	1	1 
846	273	293	413	-1	1 
847	273	393	413	1	1 
848	274	294	414	-1	1 
849	274	394	414	1	1 
850	275	295	415	-1	1 
851	275	395	415	1	1 
852	276	296	416	-1	1 
853	276	396	416	1	1 
854	277	297	417	-1	1 
855	277	397	417	1	1 
856	278	298	418	-1	1 
857	278	398	418	1	1 
858	279	299	419	-1	1 
859	279	399	419	1	1 
860	280	300	420	-1	1 
861	280	400	420	1	1 
862	281	301	421	-1	1 
863	281	401	421	1	1 
864	282	302	422	-1	1 
865	282	402	422	1	1 
866	283	303	423	-1	1 
867	283	403	423	1	1 
868	284	304	424	-1	1 
869	284	404	424	1	1 
870	285	305	425	-1	1 
871	285	405	425	1	1 
872	286	306	426	-1	1 
873	286	406	426	1	1 
874	287	307	427	-1	1 
875	287	407	427	1	1 
876	288	308	428	-1	1 
877	288	408	428	1	1 
878	289	309	429	-1	1 
879	289	409	429	1	1 
880	290	310	430	-1	1 
881	290	410	430	1	1 
882	291	311	431	-1	1 
883	291	411	431	1	1 
884	292	412	432	1	1 
885	293	413	433	1	1 
886	294	414	434	1	1 
887	295	415	435	1	1 
888	296	416	436	1	1 
889	297	417	437	1	1 
890	297	437	467	1	1 
891	298	418	438	1	1 
892	298	438	459	1	1 
893	299	419	439	1	1 
894	300	420	440	1	1 
895	300	440	461	1	1 
896	301	421	441	1	1 
897	302	422	442	1	1 
898	302	442	463	1	1 
899	303	423	443	1	1 
900	304	424	444	1	1 
901	304	444	465	1	1 
902	305	425	445	1	1 
903	306	426	446	1	1 
904	306	446	457	1	1 
905	307	427	447	1	1 
906	307	447	731	1	1 
907	308	428	448	1	1 
908	308	448	469	1	1 
909	309	429	449	1	1 
910	309	449	470	1	1 
911	310	430	450	1	1 
912	310	450	471	1	1 
913	311	431	451	1	1 
914	311	451	727	1	1 
915	312	332	452	-1	1 
916	313	333	453	-1	1 
917	314	334	454	-1	1 
918	315	335	455	-1	1 
919	316	336	456	-1	1 
920	317	337	457	-1	1 
921	318	338	458	-1	1 
922	319	339	459	-1	1 
923	320	340	460	-1	1 
924	321	341	461	-1	1 
925	322	342	462	-1	1 
926	323	343	463	-1	1 
927	324	344	464	-1	1 
928	325	345	465	-1	1 
929	326	346	466	-1	1 
930	327	347	467	-1	1 
931	328	348	468	-1	1 
932	329	349	469	-1	1 
933	330	350	470	-1	1 
934	331	351	471	-1	1 
935	332	352	472	-1	1 
936	332	452	472	1	1 
937	333	353	473	-1	1 
938	333	453	473	1	1 
939	334	354	474	-1	1 
940	334	454	474	1	1 
941	335	355	475	-1	1 
942	335	455	475	1	1 
943	336	356	476	-1	1 
944	336	456	476	1	1 
945	337	357	477	-1	1 
946	337	457	477	1	1 
947	338	358	478	-1	1 
948	338	458	478	1	1 
949	339	359	479	-1	1 
950	339	459	479	1	1 
951	340	360	480	-1	1 
952	340	460	480	1	1 
953	341	361	481	-1	1 
954	341	461	481	1	1 
955	342	362	482	-1	1 
956	342	462	482	1	1 
957	343	363	483	-1	1 
958	343	463	483	1	1 
959	344	364	484	-1	1 
960	344	464	484	1	1 
961	345	365	485	-1	1 
962	345	465	485	1	1 
963	346	366	486	-1	1 
964	346	466	486	1	1 
965	347	367	487	-1	1 
966	347	467	487	1	1 
967	348	368	488	-1	1 
968	348	468	488	1	1 
969	349	369	489	-1	1 
970	349	469	489	1	1 
971	350	370	490	-1	1 
972	350	470	490	1	1 
973	351	371	491	-1	1 
974	351	471	491	1	1 
975	352	372	492	-1	1 
976	352	472	492	1	1 
977	353	373	493	-1	1 
978	353	473	493	1	1 
979	354	374	494	-1	1 
980	354	474	494	1	1 
981	355	375	495	-1	1 
982	355	475	495	1	1 
983	356	376	496	-1	1 
984	356	476	496	1	1 
985	357	377	497	-1	1 
986	357	477	497	1	1 
987	358	378	498	-1	1 
988	358	478	498	1	1 
989	359	379	499	-1	1 
990	359	479	499	1	1 
991	360	380	500	-1	1 
992	360	480	500	1	1 
993	361	381	501	-1	1 
994	361	481	501	1	1 
995	362	382	502	-1	1 
996	362	482	502	1	1 
997	363	383	503	-1	1 
998	363	483	503	1	1 
999	364	384	504	-1	1 
1000	364	484	504	1	1 
1001	365	385	505	-1	1 
1002	365	485	505	1	1 
1003	366	386	506	-1	1 
1004	366	486	506	1	1 
1005	367	387	507	-1	1 
1006	367	487	507	1	1 
1007	368	388	508	-1	1 
1008	368	488	508	1	1 
1009	369	389	509	-1	1 
1010	369	489	509	1	1 
1011	370	390	510	-1	1 
1012	370	490	510	1	1 
1013	371	391	511	-1	1 
1014	371	491	511	1	1 
1015	372	392	512	-1	1 
1016	372	492	512	1	1 
1017	373	393	513	-1	1 
1018	373	493	513	1	1 
1019	374	394	514	-1	1 
1020	374	494	514	1	1 
1021	375	395	515	-1	1 
1022	375	495	515	1	1 
1023	376	396	516	-1	1 
1024	376	496	516	1	1 
1025	377	397	517	-1	1 
1026	377	497	517	1	1 
1027	378	398	518	-1	1 
1028	378	498	518	1	1 
1029	379	399	519	-1	1 
1030	379	499	519	1	1 
1031	380	400	520	-1	1 
1032	380	500	520	1	1 
1033	381	401	521	-1	1 
1034	381	501	521	1	1 
1035	382	402	522	-1	1 
1036	382	502	522	1	1 
1037	383	403	523	-1	1 
1038	383	503	523	1	1 
1039	384	404	524	-1	1 
1040	384	504	524	1	1 
1041	385	405	525	-1	1 
1042	385	505	525	1	1 
1043	386	406	526	-1	1 
1044	386	506	526	1	1 
1045	387	407	527	-1	1 
1046	387	507	527	1	1 
1047	388	408	528	-1	1 
1048	388	508	528	1	1 
1049	389	409	529	-1	1 
1050	389	509	529	1	1 
1051	390	410	530	-1	1 
1052	390	510	530	1	1 
1053	391	411	531	-1	1 
1054	391	511	531	1	1 
1055	392	412	532	-1	1 
1056	392	512	532	1	1 
1057	393	413	533	-1	1 
1058	393	513	533	1	1 
1059	394	414	534	-1	1 
1060	394	514	534	1	1 
1061	395	415	535	-1	1 
1062	395	515	535	1	1 
1063	396	416	536	-1	1 
1064	396	516	536	1	1 
1065	397	417	537	-1	1 
1066	397	517	537	1	1 
1067	398	418	538	-1	1 
1068	398	518	538	1	1 
1069	399	419	539	-1	1 
1070	399	519	539	1	1 
1071	400	420	540	-1	1 
1072	400	520	540	1	1 
1073	401	421	541	-1	1 
1074	401	521	541	1	1 
1075	402	422	542	-1	1 
1076	402	522	542	1	1 
1077	403	423	543	-1	1 
1078	403	523	543	1	1 
1079	404	424	544	-1	1 
1080	404	524	544	1	1 
1081	405	425	545	-1	1 
1082	405	525	545	1	1 
1083	406	426	546	-1	1 
1084	406	526	546	1	1 
1085	407	427	547	-1	1 
1086	407	527	547	1	1 
1087	408	428	548	-1	1 
1088	408	528	548	1	1 
1089	409	429	549	-1	1 
1090	409	529	549	1	1 
1091	410	430	550	-1	1 
1092	410	530	550	1	1 
1093	411	431	551	-1	1 
1094	411	531	551	1	1 
1095	412	432	552	-1	1 
1096	412	532	552	1	1 
1097	413	433	553	-1	1 
1098	413	533	553	1	1 
1099	414	434	554	-1	1 
1100	414	534	554	1	1 
1101	415	435	555	-1	1 
1102	415	535	555	1	1 
1103	416	436	556	-1	1 
1104	416	536	556	1	1 
1105	417	437	557	-1	1 
1106	417	537	557	1	1 
1107	418	438	558	-1	1 
1108	418	538	558	1	1 
1109	419	439	559	-1	1 
1110	419	539	559	1	1 
1111	420	440	560	-1	1 
1112	420	540	560	1	1 
1113	421	441	561	-1	1 
1114	421	541	561	1	1 
1115	422	442	562	-1	1 
1116	422	542	562	1	1 
1117	423	443	563	-1	1 
1118	423	543	563	1	1 
1119	424	444	564	-1	1 
1120	424	544	564	1	1 
1121	425	445	565	-1	1 
1122	425	545	565	1	1 
1123	426	446	566	-1	1 
1124	426	546	566	1	1 
1125	427	447	567	-1	1 
1126	427	547	567	1	1 
1127	428	448	568	-1	1 
1128	428	548	568	1	1 
1129	429	449	569	-1	1 
1130	429	549	569	1	1 
1131	430	450	570	-1	1 
1132	430	550	570	1	1 
1133	431	451	571	-1	1 
1134	431	551	571	1	1 
1135	437	467	487	-1	1 
1136	437	487	587	-1	1 
1137	437	557	587	1	1 
1138	438	459	479	-1	1 
1139	438	479	579	-1	1 
1140	438	558	579	1	1 
1141	440	461	481	-1	1 
1142	440	481	581	-1	1 
1143	440	560	581	1	1 
1144	442	463	483	-1	1 
1145	442	483	583	-1	1 
1146	442	562	583	1	1 
1147	444	465	485	-1	1 
1148	444	485	585	-1	1 
1149	444	564	585	1	1 
1150	446	457	477	-1	1 
1151	446	477	577	-1	1 
1152	446	566	577	1	1 
1153	447	567	571	1	1 
1154	447	571	651	1	1 
1155	447	651	731	1	1 
1156	448	469	489	-1	1 
1157	448	489	589	-1	1 
1158	448	568	589	1	1 
1159	449	470	490	-1	1 
1160	449	490	590	-1	1 
1161	449	569	590	1	1 
1162	450	471	491	-1	1 
1163	450	491	591	-1	1 
1164	450	570	591	1	1 
1165	451	567	571	-1	1 
1166	451	567	647	1	1 
1167	451	647	727	1	1 
1168	472	492	572	-1	1 
1169	473	493	573	-1	1 
1170	474	494	574	-1	1 
1171	475	495	575	-1	1 
1172	476	496	576	-1	1 
1173	477	497	577	-1	1 
1174	478	498	578	-1	1 
1175	479	499	579	-1	1 
1176	480	500	580	-1	1 
1177	481	501	581	-1	1 
1178	482	502	582	-1	1 
1179	483	503	583	-1	1 
1180	484	504	584	-1	1 
1181	485	505	585	-1	1 
1182	486	506	586	-1	1 
1183	487	507	587	-1	1 
1184	488	508	588	-1	1 
1185	489	509	589	-1	1 
1186	490	510	590	-1	1 
1187	491	511	591	-1	1 
1188	492	512	592	-1	1 
1189	492	572	592	1	1 
1190	493	513	593	-1	1 
1191	493	573	593	1	1 
1192	494	514	594	-1	1 
1193	494	574	594	1	1 
1194	495	515	595	-1	1 
1195	495	575	595	1	1 
1196	496	516	596	-1	1 
1197	496	576	596	1	1 
1198	497	517	597	-1	1 
1199	497	577	597	1	1 
1200	498	518	598	-1	1 
1201	498	578	598	1	1 
1202	499	519	599	-1	1 
1203	499	579	599	1	1 
1204	500	520	600	-1	1 
1205	500	580	600	1	1 
1206	501	521	601	-1	1 
1207	501	581	601	1	1 
1208	502	522	602	-1	1 
1209	502	582	602	1	1 
1210	503	523	603	-1	1 
1211	503	583	603	1	1 
1212	504	524	604	-1	1 
1213	504	584	604	1	1 
1214	505	525	605	-1	1 
1215	505	585	605	1	1 
1216	506	526	606	-1	1 
1217	506	586	606	1	1 
1218	507	527	607	-1	1 
1219	507	587	607	1	1 
1220	508	528	608	-1	1 
1221	508	588	608	1	1 
1222	509	529	609	-1	1 
1223	509	589	609	1	1 
1224	510	530	610	-1	1 
1225	510	590	610	1	1 
1226	511	531	611	-1	1 
1227	511	591	611	1	1 
1228	512	532	612	-1	1 
1229	512	592	612	1	1 
1230	513	533	613	-1	1 
1231	513	593	613	1	1 
1232	514	534	614	-1	1 
1233	514	594	614	1	1 
1234	515	535	615	-1	1 
1235	515	595	615	1	1 
1236	516	536	616	-1	1 
1237	516	596	616	1	1 
1238	517	537	617	-1	1 
1239	517	597	617	1	1 
1240	518	538	618	-1	1 
1241	518	598	618	1	1 
1242	519	539	619	-1	1 
1243	519	599	619	1	1 
1244	520	540	620	-1	1 
1245	520	600	620	1	1 
1246	521	541	621	-1	1 
1247	521	601	621	1	1 
1248	522	542	622	-1	1 
1249	522	602	622	1	1 
1250	523	543	623	-1	1 
1251	523	603	623	1	1 
1252	524	544	624	-1	1 
1253	524	604	624	1	1 
1254	525	545	625	-1	1 
1255	525	605	625	1	1 
1256	526	546	626	-1	1 
1257	526	606	626	1	1 
1258	527	547	627	-1	1 
1259	527	607	627	1	1 
1260	528	548	628	-1	1 
1261	528	608	628	1	1 
1262	529	549	629	-1	1 
1263	529	609	629	1	1 
1264	530	550	630	-1	1 
1265	530	610	630	1	1 
1266	531	551	631	-1	1 
1267	531	611	631	1	1 
1268	532	552	632	-1	1 
1269	532	612	632	1	1 
1270	533	553	633	-1	1 
1271	533	613	633	1	1 
1272	534	554	634	-1	1 
1273	534	614	634	1	1 
1274	535	555	635	-1	1 
1275	535	615	635	1	1 
1276	536	556	636	-1	1 
1277	536	616	636	1	1 
1278	537	557	637	-1	1 
1279	537	617	637	1	1 
1280	538	558	638	-1	1 
1281	538	618	638	1	1 
1282	539	559	639	-1	1 
1283	539	619	639	1	1 
1284	540	560	640	-1	1 
1285	540	620	640	1	1 
1286	541	561	641	-1	1 
1287	541	621	641	1	1 
1288	542	562	642	-1	1 
1289	542	622	642	1	1 
1290	543	563	643	-1	1 
1291	543	623	643	1	1 
1292	544	564	644	-1	1 
1293	544	624	644	1	1 
1294	545	565	645	-1	1 
1295	545	625	645	1	1 
1296	546	566	646	-1	1 
1297	546	626	646	1	1 
1298	547	567	647	-1	1 
1299	547	627	647	1	1 
1300	548	568	648	-1	1 
1301	548	628	648	1	1 
1302	549	569	649	-1	1 
1303	549	629	649	1	1 
1304	550	570	650	-1	1 
1305	550	630	650	1	1 
1306	551	571	651	-1	1 
1307	551	631	651	1	1 
1308	557	587	667	-1	1 
1309	557	637	667	1	1 
1310	558	579	659	-1	1 
1311	558	638	659	1	1 
1312	560	581	661	-1	1 
1313	560	640	661	1	1 
1314	562	583	663	-1	1 
1315	562	642	663	1	1 
1316	564	585	665	-1	1 
1317	564	644	665	1	1 
1318	566	577	657	-1	1 
1319	566	646	657	1	1 
1320	568	589	669	-1	1 
1321	568	648	669	1	1 
1322	569	590	670	-1	1 
1323	569	649	670	1	1 
1324	570	591	671	-1	1 
1325	570	650	671	1	1 
1326	572	592	652	-1	1 
1327	573	593	653	-1	1 
1328	574	594	654	-1	1 
1329	575	595	655	-1	1 
1330	576	596	656	-1	1 
1331	577	597	657	-1	1 
1332	578	598	658	-1	1 
1333	579	599	659	-1	1 
1334	580	600	660	-1	1 
1335	581	601	661	-1	1 
1336	582	602	662	-1	1 
1337	583	603	663	-1	1 
1338	584	604	664	-1	1 
1339	585	605	665	-1	1 
1340	586	606	666	-1	1 
1341	587	607	667	-1	1 
1342	588	608	668	-1	1 
1343	589	609	669	-1	1 
1344	590	610	670	-1	1 
1345	591	611	671	-1	1 
1346	592	612	672	-1	1 
1347	592	652	672	1	1 
1348	593	613	673	-1	1 
1349	593	653	673	1	1 
1350	594	614	674	-1	1 
1351	594	654	674	1	1 
1352	595	615	675	-1	1 
1353	595	655	675	1	1 
1354	596	616	676	-1	1 
1355	596	656	676	1	1 
1356	597	617	677	-1	1 
1357	597	657	677	1	1 
1358	598	618	678	-1	1 
1359	598	658	678	1	1 
1360	599	619	679	-1	1 
1361	599	659	679	1	1 
1362	600	620	680	-1	1 
1363	600	660	680	1	1 
1364	601	621	681	-1	1 
1365	601	661	681	1	1 
1366	602	622	682	-1	1 
1367	602	662	682	1	1 
1368	603	623	683	-1	1 
1369	603	663	683	1	1 
1370	604	624	684	-1	1 
1371	604	664	684	1	1 
1372	605	625	685	-1	1 
1373	605	665	685	1	1 
1374	606	626	686	-1	1 
1375	606	666	686	1	1 
1376	607	627	687	-1	1 
1377	607	667	687	1	1 
1378	608	628	688	-1	1 
1379	608	668	688	1	1 
1380	609	629	689	-1	1 
1381	609	669	689	1	1 
1382	610	630	690	-1	1 
1383	610	670	690	1	1 
1384	611	631	691	-1	1 
1385	611	671	691	1	1 
1386	612	632	692	-1	1 
1387	612	672	692	1	1 
1388	613	633	693	-1	1 
1389	613	673	693	1	1 
1390	614	634	694	-1	1 
1391	614	674	694	1	1 
1392	615	635	695	-1	1 
1393	615	675	695	1	1 
1394	616	636	696	-1	1 
1395	616	676	696	1	1 
1396	617	637	697	-1	1 
1397	617	677	697	1	1 
1398	618	638	698	-1	1 
1399	618	678	698	1	1 
1400	619	639	699	-1	1 
1401	619	679	699	1	1 
1402	620	640	700	-1	1 
1403	620	680	700	1	1 
1404	621	641	701	-1	1 
1405	621	681	701	1	1 
1406	622	642	702	-1	1 
1407	622	682	702	1	1 
1408	623	643	703	-1	1 
1409	623	683	703	1	1 
1410	624	644	704	-1	1 
1411	624	684	704	1	1 
1412	625	645	705	-1	1 
1413	625	685	705	1	1 
1414	626	646	706	-1	1 
1415	626	686	706	1	1 
1416	627	647	707	-1	1 
1417	627	687	707	1	1 
1418	628	648	708	-1	1 
1419	628	688	708	1	1 
1420	629	649	709	-1	1 
1421	629	689	709	1	1 
1422	630	650	710	-1	1 
1423	630	690	710	1	1 
1424	631	651	711	-1	1 
1425	631	691	711	1	1 
1426	632	692	712	1	1 
1427	633	693	713	1	1 
1428	634	694	714	1	1 
1429	635	695	715	1	1 
1430	636	696	716	1	1 
1431	637	667	717	-1	1 
1432	637	697	717	1	1 
1433	638	659	718	-1	1 
1434	638	698	718	1	1 
1435	639	699	719	1	1 
1436	640	661	720	-1	1 
1437	640	700	720	1	1 
1438	641	701	721	1	1 
1439	642	663	722	-1	1 
1440	642	702	722	1	1 
1441	643	703	723	1	1 
1442	644	665	724	-1	1 
1443	644	704	724	1	1 
1444	645	705	725	1	1 
1445	646	657	726	-1	1 
1446	646	706	726	1	1 
1447	647	707	727	1	1 
1448	648	669	728	-1	1 
1449	648	708	728	1	1 
1450	649	670	729	-1	1 
1451	649	709	729	1	1 
1452	650	671	730	-1	1 
1453	650	710	730	1	1 
1454	651	711	731	1	1 
1455	657	677	726	-1	1 
1456	659	679	718	-1	1 
1457	661	681	720	-1	1 
1458	663	683	722	-1	1 
1459	665	685	724	-1	1 
1460	667	687	717	-1	1 
1461	669	689	728	-1	1 
1462	670	690	729	-1	1 
1463	671	691	730	-1	1 
1464	672	692	732	-1	1 
1465	673	693	733	-1	1 
1466	674	694	734	-1	1 
1467	675	695	735	-1	1 
1468	676	696	736	-1	1 
1469	677	697	737	-1	1 
1470	677	726	737	1	1 
1471	678	698	738	-1	1 
1472	679	699	739	-1	1 
1473	679	718	739	1	1 
1474	680	700	740	-1	1 
1475	681	701	741	-1	1 
1476	681	720	741	1	1 
1477	682	702	742	-1	1 
1478	683	703	743	-1	1 
1479	683	722	743	1	1 
1480	684	704	744	-1	1 
1481	685	705	745	-1	1 
1482	685	724	745	1	1 
1483	686	706	746	-1	1 
1484	687	707	747	-1	1 
1485	687	717	747	1	1 
1486	688	708	748	-1	1 
1487	689	709	749	-1	1 
1488	689	728	749	1	1 
1489	690	710	750	-1	1 
1490	690	729	750	1	1 
1491	691	711	751	-1	1 
1492	691	730	751	1	1 
1493	692	712	752	-1	1 
1494	692	732	752	1	1 
1495	693	713	753	-1	1 
1496	693	733	753	1	1 
1497	694	714	754	-1	1 
1498	694	734	754	1	1 
1499	695	715	755	-1	1 
1500	695	735	755	1	1 
1501	696	716	756	-1	1 
1502	696	736	756	1	1 
1503	697	717	757	-1	1 
1504	697	737	757	1	1 
1505	698	718	758	-1	1 
1506	698	738	758	1	1 
1507	699	719	759	-1	1 
1508	699	739	759	1	1 
1509	700	720	760	-1	1 
1510	700	740	760	1	1 
1511	701	721	761	-1	1 
1512	701	741	761	1	1 
1513	702	722	762	-1	1 
1514	702	742	762	1	1 
1515	703	723	763	-1	1 
1516	703	743	763	1	1 
1517	704	724	764	-1	1 
1518	704	744	764	1	1 
1519	705	725	765	-1	1 
1520	705	745	765	1	1 
1521	706	726	766	-1	1 
1522	706	746	766	1	1 
1523	707	727	767	-1	1 
1524	707	747	767	1	1 
1525	708	728	768	-1	1 
1526	708	748	768	1	1 
1527	709	729	769	-1	1 
1528	709	749	769	1	1 
1529	710	730	770	-1	1 
1530	710	750	770	1	1 
1531	711	731	771	-1	1 
1532	711	751	771	1	1 
1533	717	747	757	-1	1 
1534	718	739	758	-1	1 
1535	720	741	760	-1	1 
1536	722	743	762	-1	1 
1537	724	745	764	-1	1 
1538	726	737	766	-1	1 
1539	728	749	768	-1	1 
1540	729	750	769	-1	1 
1541	730	751	770	-1	1 
1542	732	752	772	-1	1 
1543	733	753	773	-1	1 
1544	734	754	774	-1	1 
1545	735	755	775	-1	1 
1546	736	756	776	-1	1 
1547	737	757	777	-1	1 
1548	737	766	777	1	1 
1549	738	758	778	-1	1 
1550	739	758	779	1	1 
1551	739	759	779	-1	1 
1552	740	760	780	-1	1 
1553	741	760	781	1	1 
1554	741	761	781	-1	1 
1555	742	762	782	-1	1 
1556	743	762	783	1	1 
1557	743	763	783	-1	1 
1558	744	764	784	-1	1 
1559	745	764	785	1	1 
1560	745	765	785	-1	1 
1561	746	766	786	-1	1 
1562	747	757	787	1	1 
1563	747	767	787	-1	1 
1564	748	768	788	-1	1 
1565	749	768	789	1	1 
1566	749	769	789	-1	1 
1567	750	769	790	1	1 
1568	750	770	790	-1	1 
1569	751	770	791	1	1 
1570	751	771	791	-1	1 
1571	757	777	787	1	1 
1572	758	778	779	1	1 
1573	760	780	781	1	1 
1574	762	782	783	1	1 
1575	764	784	785	1	1 
1576	766	777	786	-1	1 
1577	768	788	789	1	1 
1578	769	789	790	1	1 
1579	770	790	791	1	1 
