0              0        3229.43        3229.43        3229.43              0              0
1       0.152173        3229.28        3229.43        3229.43    4.27242e-05   -4.41424e-05
2       0.605904        3228.83        3229.43        3229.43    0.000159879    -0.00017371
500        29.0978        2962.91        2992.01         3229.4        206.205        31.1852
1000        26.3927        2803.26        2829.65         3229.4        341.238        58.5085
1500        23.2864         2683.9        2707.19        3229.39        440.672        81.5306
2000        21.0626        2590.43        2611.49        3229.39        516.026        101.875
2500        19.3093        2512.66        2531.97        3229.39        576.969        120.451
3000        18.0131        2445.57        2463.59        3229.39        628.105        137.698
3500        16.6903        2387.49        2404.18        3229.39        671.393        153.812
4000        15.6376        2336.92        2352.56        3229.39        707.968        168.859
4500        14.6541         2292.4        2307.05        3229.39         739.32        183.011
5000        13.7781         2253.2        2266.97        3229.38        766.103        196.307
5500        12.9881        2218.34        2231.32        3229.38        789.207        208.853
6000        12.2973         2187.2         2199.5        3229.38        809.181        220.705
6500        11.6989         2159.2         2170.9        3229.38        826.556         231.93
7000        11.1436        2133.89        2145.03        3229.38        841.756        242.592
7500        10.6167        2111.06        2121.68        3229.38        855.003        252.703
8000        10.1217        2090.47        2100.59        3229.38        866.508        262.279
8500         9.6877         2071.8        2081.49        3229.38        876.532        271.359
9000         9.2623        2054.93        2064.19        3229.38        885.227        279.962
9500        8.86353        2039.67        2048.54        3229.38        892.745        288.098
10000        8.50151        2025.88        2034.38        3229.38        899.222        295.781
10500        8.16579        2013.36        2021.53        3229.38        904.811        303.044
11000        7.83865         2002.1        2009.94        3229.38        909.568        309.877
11500        7.54268         1991.9        1999.44        3229.38        913.631        316.305
12000        7.26617         1982.7        1989.96        3229.38        917.073        322.343
12500        7.01695        1974.38        1981.39        3229.38        919.983        328.003
13000        6.78001        1966.86        1973.64        3229.38        922.432        333.304
13500        6.56891        1960.08        1966.65        3229.38        924.478        338.254
14000        6.37438        1953.94        1960.31        3229.38        926.191        342.878
14500        6.19837        1948.37        1954.57        3229.38        927.619        347.191
15000         6.0435        1943.31        1949.36        3229.38        928.808        351.214
15500        5.90062        1938.72        1944.62        3229.38        929.794        354.962
16000        5.77095        1934.56        1940.33        3229.38        930.607        358.446
16500        5.67679        1930.73         1936.4        3229.38        931.285        361.691
17000        5.58746        1927.17        1932.76        3229.38        931.866        364.752
17500        5.50388        1923.87        1929.38        3229.38        932.361        367.642
18000        5.45195        1920.77        1926.22        3229.38        932.785         370.37
18500        5.40356        1917.83        1923.23        3229.38        933.165        372.986
19000         5.3609           1915        1920.36        3229.38        933.507        375.511
19500        5.33313        1912.27        1917.61        3229.38        933.817        377.955
20000        5.30981        1909.62        1914.93        3229.38        934.109        380.344
20500        5.28516        1907.02        1912.31        3229.38        934.381        382.691
21000        5.26877        1904.47        1909.74        3229.38         934.64        384.999
21500        5.25452        1901.95        1907.21        3229.38        934.889        387.282
22000        5.24183        1899.47        1904.71        3229.38        935.129        389.543
22500         5.2351           1897        1902.23        3229.38        935.362        391.786
23000        5.22762        1894.54        1899.77        3229.38         935.59         394.02
23500        5.22154         1892.1        1897.32        3229.38        935.814        396.246
24000        5.22156        1889.65        1894.87        3229.38        936.036        398.471
24500        5.23361        1887.17         1892.4        3229.38        936.264        400.714
25000        5.18024        1884.73        1889.91        3229.38         936.49        402.984
25500        5.21727        1882.28        1887.49        3229.38        936.699        405.186
26000        5.22084        1879.83        1885.05        3229.38         936.92         407.41
26500        5.21313        1877.38         1882.6        3229.38        937.137        409.648
27000        5.17822        1874.96        1880.13        3229.38        937.355        411.891
27500        5.20901        1872.53        1877.74        3229.38        937.558        414.082
28000        5.20791         1870.1        1875.31        3229.38        937.774        416.299
28500        5.19039         1867.7        1872.89        3229.38         937.98        418.514
29000        5.19638        1865.29        1870.49        3229.38        938.185        420.706
29500        5.19543         1862.9        1868.09        3229.38        938.389        422.898
30000        5.19317         1860.5        1865.69        3229.38        938.595        425.095
30500        5.18837         1858.1        1863.29        3229.38        938.799        427.294
31000         5.1902         1855.7        1860.89        3229.38        939.003         429.49
31500        5.18748        1853.29        1858.48        3229.38        939.208        431.692
32000        5.18568        1850.89        1856.08        3229.38        939.411         433.89
32500        5.18142         1848.5        1853.69        3229.38        939.613        436.081
33000        5.17686        1846.13        1851.31        3229.38        939.811        438.261
33500        5.17641        1843.76        1848.94        3229.38        940.008        440.433
34000        5.17561         1841.4        1846.58        3229.38        940.203          442.6
34500        5.17479        1839.04        1844.22        3229.38        940.398        444.763
35000        5.17163        1836.69        1841.86        3229.38        940.592        446.924
35500        5.17549        1834.34        1839.51        3229.38        940.785         449.08
36000        5.17203        1831.99        1837.16        3229.38        940.979        451.241
36500        5.17013        1829.64        1834.81        3229.38        941.171        453.398
37000         5.1641        1827.31        1832.47        3229.38        941.361        455.547
37500        5.16245        1824.99        1830.15        3229.38        941.547        457.683
38000        5.16033        1822.68        1827.84        3229.38        941.732        459.809
38500        5.15698        1820.38        1825.54        3229.38        941.914        461.926
39000        5.15428         1818.1        1823.25        3229.38        942.095        464.034
39500        5.14929        1815.82        1820.97        3229.38        942.273        466.133
40000        5.14767        1813.56        1818.71        3229.38        942.448        468.221
40500         5.1419        1811.32        1816.46        3229.38        942.621        470.298
41000        5.14154        1809.09        1814.23        3229.38        942.791        472.362
41500        5.13653        1806.86           1812        3229.38         942.96         474.42
42000        5.13276        1804.65        1809.79        3229.38        943.125        476.468
42500        5.13067        1802.46        1807.59        3229.38        943.288        478.503
43000        5.12625        1800.27         1805.4        3229.38        943.449         480.53
43500        5.12231        1798.11        1803.23        3229.38        943.607        482.543
44000        5.11829        1795.95        1801.07        3229.38        943.762        484.546
44500        5.11356        1793.81        1798.93        3229.38        943.915        486.537
45000        5.10613         1791.7        1796.81        3229.38        944.063         488.51
45500        5.10478         1789.6        1794.71        3229.38        944.208        490.464
46000        5.09874        1787.52        1792.62        3229.38         944.35        492.408
46500        5.09418        1785.46        1790.56        3229.38        944.489        494.335
47000        5.09119        1783.42        1788.51        3229.38        944.625        496.248
47500        5.08515        1781.39        1786.47        3229.38        944.758         498.15
48000        5.08248        1779.37        1784.46        3229.38        944.888        500.036
48500        5.07809        1777.37        1782.45        3229.38        945.017        501.913
49000        5.07253        1775.39        1780.46        3229.38        945.142        503.777
49500        5.06713        1773.42        1778.49        3229.38        945.264        505.625
50000        5.06135        1771.48        1776.54        3229.38        945.382        507.455
50500        5.00057        1769.56        1774.56        3207.09        934.445        498.081
51000        4.85849        1767.69        1772.55        3185.14        923.638        488.948
51500        4.76758        1765.86        1770.62        3163.51        912.948         479.94
52000        4.66971        1764.05        1768.72        3142.21        902.388        471.104
52500        4.55934        1762.29        1766.85        3121.23        891.948         462.43
53000        4.46347        1760.59        1765.05        3100.56        881.624        453.882
53500        4.37179        1758.93         1763.3         3080.2        871.421        445.483
54000        4.27835        1757.29        1761.57        3060.15        861.338        437.241
54500        4.18387        1755.69        1759.87         3040.4        851.372         429.15
55000        4.08512        1754.15        1758.23        3020.94        841.516         421.19
55500         4.0552        1752.63        1756.68        3020.94        841.613        422.642
56000        4.07662        1751.12        1755.19        3020.94        841.708        424.037
56500        4.05544        1749.63        1753.69        3020.94        841.804        425.446
57000        4.05985        1748.16        1752.22        3020.94        841.894         426.83
57500        4.04507        1746.71        1750.75        3020.94        841.983        428.204
58000        4.03244        1745.32        1749.35        3020.94        842.059        429.532
58500        4.03856        1743.93        1747.97        3020.94        842.137        430.832
59000        4.02168        1742.56        1746.58        3020.94        842.215        432.143
59500        4.01375        1741.22        1745.23        3020.94        842.284        433.422
60000        4.01969        1739.91        1743.93        3020.94        842.348        434.661
60500        4.00046        1738.65        1742.65        3020.94        842.409        435.883
61000        3.99325        1737.41         1741.4        3020.94        842.466        437.073
61500        3.99577        1736.18        1740.17        3020.94        842.521        438.247
62000        3.97802        1734.98        1738.96        3020.94        842.573         439.41
62500        3.98107         1733.8        1737.78        3020.94        842.619        440.536
63000        3.97613        1732.65        1736.62        3020.94        842.666        441.651
63500        3.96517        1731.52        1735.48        3020.94        842.708         442.75
64000        3.95853        1730.41        1734.37        3020.94        842.747        443.823
64500        3.95522        1729.33        1733.28        3020.94        842.783        444.873
65000        3.94596        1728.27        1732.22        3020.94        842.817        445.904
65500        3.94163        1727.24        1731.18        3020.94        842.848         446.91
66000        3.93616        1726.23        1730.17        3020.94        842.876        447.896
66500        3.93377        1725.24        1729.17        3020.94        842.902        448.863
67000        3.92783        1724.27        1728.19        3020.94        842.927        449.818
67500        3.92442        1723.31        1727.23        3020.94         842.95        450.758
68000        3.91674        1722.37        1726.28        3020.94        842.971        451.683
68500        3.91367        1721.45        1725.36        3020.94         842.99        452.586
69000        3.92411        1720.52        1724.45        3020.94         843.01        453.481
69500        3.91599        1719.59        1723.51        3020.94        843.031        454.399
70000        3.88081        1718.72         1722.6        3020.94        843.045        455.292
70500        3.87873        1717.92         1721.8        3020.94        843.051         456.09
71000          3.908        1717.12        1721.03        3020.94         843.06        456.849
71500        3.89334        1716.31         1720.2        3020.94        843.073        457.664
72000        3.88376         1715.5        1719.38        3020.94        843.082        458.473
72500        3.86951        1714.72        1718.59        3020.94        843.089        459.259
73000        3.84301        1714.02        1717.86        3020.94        843.089        459.991
73500        3.83996        1713.41        1717.25        3020.94        843.083        460.604
74000        3.87698        1712.78        1716.66        3020.94        843.082        461.198
74500        3.84935        1712.14        1715.99        3020.94        843.083        461.864
75000        3.82528        1711.56        1715.39        3020.94        843.076        462.474
75500        3.84174        1711.02        1714.86        3020.94        843.068        463.011
76000        3.83842        1710.48        1714.31        3020.94        843.063        463.562
76500        3.82027        1709.96        1713.78        3020.94        843.055        464.101
77000        3.82418        1709.48         1713.3        3020.94        843.045        464.593
77500        3.82422        1709.01        1712.84        3020.94        843.035        465.069
78000        3.80697        1708.59        1712.39        3020.94        843.023        465.521
78500        3.81058        1708.19           1712        3020.94         843.01         465.93
79000        3.80523        1707.81        1711.62        3020.94        842.998        466.326
79500        3.80394        1707.44        1711.25        3020.94        842.984        466.707
80000        3.80055         1707.1         1710.9        3020.94         842.97        467.067
80500        3.79445        1706.78        1710.58        3020.94        842.956        467.407
81000        3.79013        1706.48        1710.27        3020.94        842.941        467.725
81500        3.78794        1706.21           1710        3020.94        842.925        468.014
82000        3.78588        1705.96        1709.75        3020.94        842.909        468.281
82500        3.78364        1705.73        1709.52        3020.94        842.892        468.529
83000        3.77516        1705.53        1709.31        3020.94        842.876        468.757
83500        3.76735        1705.36        1709.13        3020.94        842.858        468.953
84000        3.76488        1705.23        1708.99        3020.94        842.841        469.107
84500        3.77182        1705.12        1708.89        3020.94        842.823        469.221
85000        3.76403        1705.04        1708.81        3020.94        842.805        469.327
85500        3.74756        1704.99        1708.74        3020.94        842.788        469.412
86000        3.76394        1704.96        1708.72        3020.94         842.77        469.447
86500        3.76097        1704.94         1708.7        3020.94        842.752        469.488
87000        3.74722        1704.94        1708.68        3020.94        842.734        469.521
87500        3.75082        1704.96        1708.71        3020.94        842.716        469.512
88000        3.74994           1705        1708.75        3020.94        842.698         469.49
88500        3.74037        1705.06         1708.8        3020.94        842.681        469.454
89000         3.7475        1705.15         1708.9        3020.94        842.663        469.378
89500        3.74104        1705.26           1709        3020.94        842.646        469.294
90000        3.73073        1705.39        1709.13        3020.94        842.629        469.185
90500        3.74698        1705.54        1709.28        3020.94        842.612        469.043
91000        3.73293         1705.7        1709.43        3020.94        842.595        468.912
91500        3.71868         1705.9        1709.61        3020.94        842.579        468.745
92000        3.73765        1706.12        1709.86        3020.94        842.563        468.518
92500        3.73826        1706.36        1710.09        3020.94        842.546        468.299
93000        3.72099         1706.6        1710.32        3020.94         842.53        468.089
93500        3.72908        1706.85        1710.58        3020.94        842.515         467.84
94000        3.73386        1707.12        1710.85        3020.94        842.499        467.587
94500        3.72497        1707.39        1711.12        3020.94        842.483        467.339
95000        3.72042        1707.68         1711.4        3020.94        842.468        467.066
95500        3.73225        1707.98        1711.71        3020.94        842.453        466.771
96000        3.72363        1708.29        1712.02        3020.94        842.438        466.485
96500        3.72827         1708.6        1712.32        3020.94        842.423        466.192
97000        3.72164        1708.92        1712.64        3020.94        842.408        465.894
97500        3.71599        1709.26        1712.98        3020.94        842.394        465.565
98000        3.73639        1709.61        1713.34        3020.94         842.38        465.215
98500        3.73683        1709.94        1713.67        3020.94        842.364        464.902
99000        3.72447        1710.25        1713.97        3020.94        842.349        464.616
99500        3.72395        1710.55        1714.27        3020.94        842.333        464.335
100000        3.72829        1710.84        1714.57        3020.94        842.318        464.049
