0 0 620.913 0 305.122 0 2303.4 0
1 0.152173 620.764 7.8819e-10 305.122 0 2303.39 2.53016e-10
2 0.605904 620.32 1.2606e-08 305.122 0 2303.38 4.04676e-09
500 29.0978 588.926 3.79835 305.412 0 2063.91 0.861919
1000 26.3927 597.476 10.0753 305.485 0.056478 1888.97 1.18901
1500 23.2864 599.678 15.1877 305.488 0.153972 1762.38 1.01116
2000 21.0626 604.703 19.5483 305.527 0.0149038 1659.68 0.955672
2500 19.3093 609.834 23.5429 305.582 0.0428818 1572.73 0.929219
3000 18.0131 614.803 27.6028 305.64 0.0262273 1496.63 0.873852
3500 16.6903 620.236 31.6898 305.705 0.0236039 1429.01 0.822943
4000 15.6376 625.988 35.5619 305.775 0.0365616 1368.79 0.768353
4500 14.6541 631.603 39.3632 305.851 0.0345987 1314.83 0.714909
5000 13.7781 637.026 43.0337 305.93 0.0197045 1266.53 0.660107
5500 12.9881 642.354 46.6793 306.014 0.0249516 1222.65 0.609592
6000 12.2973 647.639 50.2659 306.103 0.0224412 1182.61 0.563218
6500 11.6989 652.674 53.8438 306.196 0.0148656 1145.94 0.524764
7000 11.1436 657.502 57.5595 306.29 0.0138215 1112.04 0.485458
7500 10.6167 662.223 61.2755 306.388 0.0102886 1080.71 0.450409
8000 10.1217 666.86 64.8498 306.489 0.0118255 1051.85 0.413395
8500 9.6877 671.3 68.3163 306.595 0.0169417 1025.19 0.384488
9000 9.2623 675.696 71.7636 306.703 0.0161861 1000.4 0.353907
9500 8.86353 680.111 75.1104 306.813 0.0168916 977.296 0.327334
10000 8.50151 684.529 78.3401 306.925 0.0107692 955.769 0.302678
10500 8.16579 688.936 81.5182 307.038 0.0101563 935.576 0.281154
11000 7.83865 693.404 84.6208 307.151 0.0112265 916.653 0.257601
11500 7.54268 697.893 87.6484 307.265 0.00849026 898.847 0.239986
12000 7.26617 702.397 90.5774 307.377 0.0104695 882.115 0.221372
12500 7.01695 706.885 93.4393 307.487 0.0070331 866.353 0.205123
13000 6.78001 711.371 96.2406 307.594 0.00585022 851.464 0.188982
13500 6.56891 715.801 98.9987 307.696 0.00575959 837.404 0.174217
14000 6.37438 720.118 101.724 307.792 0.005775 824.136 0.160557
14500 6.19837 724.284 104.407 307.881 0.0069462 811.645 0.147588
15000 6.0435 728.263 107.058 307.961 0.00519272 799.893 0.134951
15500 5.90062 732.051 109.668 308.031 0.00458207 788.845 0.12408
16000 5.77095 735.681 112.205 308.089 0.00520293 778.462 0.113833
16500 5.67679 739.027 114.65 308.134 0.007184 768.806 0.104042
17000 5.58746 742.045 116.984 308.165 0.00546495 759.879 0.0952116
17500 5.50388 744.723 119.254 308.182 0.00544919 751.622 0.0871079
18000 5.45195 747.051 121.436 308.183 0.00524815 744.017 0.0799273
18500 5.40356 748.988 123.518 308.168 0.00479068 737.073 0.0729444
19000 5.3609 750.547 125.496 308.139 0.00456076 730.748 0.0669245
19500 5.33313 751.725 127.361 308.096 0.00461585 725.026 0.0619255
20000 5.30981 752.527 129.106 308.04 0.00408572 719.884 0.0572895
20500 5.28516 752.979 130.719 307.973 0.00422178 715.294 0.0536003
21000 5.26877 753.088 132.204 307.896 0.00436517 711.231 0.0496225
21500 5.25452 752.892 133.564 307.812 0.00388225 707.635 0.0470323
22000 5.24183 752.436 134.798 307.721 0.00373049 704.462 0.0442844
22500 5.2351 751.728 135.931 307.626 0.00451728 701.665 0.0422907
23000 5.22762 750.822 136.944 307.528 0.00368895 699.204 0.0401871
23500 5.22154 749.748 137.843 307.428 0.00324867 697.036 0.0389541
24000 5.22156 748.524 138.631 307.328 0.00357571 695.128 0.0370727
24500 5.23361 747.12 139.336 307.229 0.00440133 693.442 0.0362899
25000 5.18024 745.638 139.997 307.131 0.00404892 691.92 0.0351753
25500 5.21727 744.143 140.592 307.035 0.003281 690.47 0.0338772
26000 5.22084 742.542 141.123 306.942 0.00333806 689.185 0.0332897
26500 5.21313 740.872 141.649 306.851 0.00376763 687.974 0.0321252
27000 5.17822 739.175 142.115 306.764 0.00345076 686.866 0.0316761
27500 5.20901 737.504 142.545 306.68 0.00300021 685.769 0.0297312
28000 5.20791 735.775 142.929 306.602 0.00312394 684.76 0.0300848
28500 5.19039 734.043 143.32 306.526 0.00377702 683.774 0.0284859
29000 5.19638 732.317 143.639 306.456 0.0031611 682.849 0.0282546
29500 5.19543 730.578 143.933 306.389 0.0029339 681.968 0.0264755
30000 5.19317 728.797 144.276 306.33 0.00314065 681.064 0.0269933
30500 5.18837 727.005 144.594 306.274 0.00296242 680.199 0.0254012
31000 5.1902 725.224 144.901 306.224 0.00320163 679.319 0.0252894
31500 5.18748 723.41 145.197 306.18 0.00295852 678.478 0.0243171
32000 5.18568 721.577 145.523 306.143 0.00312232 677.623 0.0242226
32500 5.18142 719.715 145.867 306.11 0.00316431 676.786 0.0231823
33000 5.17686 717.894 146.243 306.084 0.00367934 675.883 0.022498
33500 5.17641 716.083 146.591 306.065 0.00292997 674.998 0.0222187
34000 5.17561 714.266 147.003 306.052 0.00365604 674.056 0.021217
34500 5.17479 712.453 147.4 306.046 0.00308636 673.119 0.0214529
35000 5.17163 710.695 147.789 306.045 0.00328934 672.139 0.0199083
35500 5.17549 708.954 148.163 306.053 0.00296095 671.147 0.0201221
36000 5.17203 707.247 148.522 306.066 0.00305216 670.131 0.0187592
36500 5.17013 705.552 148.876 306.087 0.00300697 669.104 0.0190822
37000 5.1641 703.886 149.223 306.114 0.00295579 668.064 0.0177977
37500 5.16245 702.213 149.589 306.148 0.00349864 667.015 0.0182704
38000 5.16033 700.553 149.985 306.188 0.00323105 665.933 0.0168181
38500 5.15698 698.902 150.406 306.236 0.0030877 664.819 0.0170013
39000 5.15428 697.282 150.855 306.289 0.00313236 663.651 0.0158224
39500 5.14929 695.694 151.332 306.351 0.0030934 662.428 0.0159368
40000 5.14767 694.129 151.836 306.419 0.00300922 661.162 0.0149484
40500 5.1419 692.615 152.359 306.494 0.00323254 659.833 0.0147503
41000 5.14154 691.125 152.883 306.576 0.00325834 658.484 0.014125
41500 5.13653 689.66 153.43 306.666 0.00305003 657.091 0.0136477
42000 5.13276 688.221 153.984 306.762 0.00296666 655.671 0.013301
42500 5.13067 686.81 154.531 306.864 0.00304991 654.236 0.0126508
43000 5.12625 685.43 155.073 306.974 0.00304056 652.782 0.0123761
43500 5.12231 684.073 155.612 307.09 0.0033792 651.316 0.0117362
44000 5.11829 682.74 156.152 307.214 0.00328621 649.831 0.0115974
44500 5.11356 681.424 156.705 307.344 0.00298256 648.328 0.0109081
45000 5.10613 680.146 157.277 307.481 0.00307829 646.784 0.0107738
45500 5.10478 678.899 157.861 307.624 0.00286011 645.206 0.0100484
46000 5.09874 677.691 158.452 307.775 0.00291331 643.592 0.00994157
46500 5.09418 676.508 159.043 307.933 0.00314006 641.965 0.00941716
47000 5.09119 675.347 159.645 308.097 0.00336401 640.315 0.00924241
47500 5.08515 674.217 160.253 308.267 0.0029052 638.638 0.00873138
48000 5.08248 673.125 160.872 308.443 0.00286167 636.921 0.00842977
48500 5.07809 672.058 161.508 308.626 0.00280954 635.169 0.00809856
49000 5.07253 671.006 162.169 308.815 0.00277762 633.388 0.00774875
49500 5.06713 669.979 162.862 309.01 0.0028454 631.563 0.0075197
50000 5.06135 669.002 163.57 309.21 0.00279748 629.689 0.00709186
50500 5.00057 668.093 164.275 309.416 0.00308923 627.771 0.00681352
51000 4.85849 667.251 164.964 309.625 0.00280956 625.841 0.00642887
51500 4.76758 666.464 165.621 309.839 0.0029316 623.921 0.00619325
52000 4.66971 665.645 166.302 310.056 0.00270476 622.035 0.00615721
52500 4.55934 664.865 166.991 310.274 0.0026198 620.152 0.00566229
53000 4.46347 664.201 167.627 310.495 0.00268978 618.259 0.0054396
53500 4.37179 663.516 168.312 310.719 0.00284407 616.37 0.00512313
54000 4.27835 662.833 169.024 310.948 0.00268497 614.479 0.00504404
54500 4.18387 662.157 169.768 311.177 0.0025904 612.58 0.00485212
55000 4.08512 661.554 170.52 311.408 0.00256453 610.659 0.00445476
55500 4.0552 660.96 171.301 311.641 0.00246587 608.719 0.00439474
56000 4.07662 660.382 172.114 311.879 0.00265368 606.736 0.00394327
56500 4.05544 659.863 172.915 312.123 0.00247813 604.727 0.0040487
57000 4.05985 659.339 173.739 312.369 0.00265713 602.703 0.00354761
57500 4.04507 658.833 174.593 312.62 0.00251611 600.656 0.00360396
58000 4.03244 658.375 175.455 312.873 0.00238767 598.608 0.00321377
58500 4.03856 657.902 176.334 313.133 0.00222683 596.557 0.00330376
59000 4.02168 657.422 177.232 313.394 0.00285308 594.505 0.00282697
59500 4.01375 656.981 178.127 313.661 0.0025739 592.445 0.00294379
60000 4.01969 656.599 178.991 313.931 0.00291502 590.384 0.00248834
60500 4.00046 656.238 179.838 314.207 0.00270086 588.359 0.00257106
61000 3.99325 655.858 180.661 314.487 0.0029564 586.395 0.00243611
61500 3.99577 655.487 181.479 314.771 0.00294635 584.433 0.00219086
62000 3.97802 655.125 182.289 315.06 0.00249958 582.499 0.00229372
62500 3.98107 654.778 183.102 315.351 0.00257188 580.567 0.00185621
63000 3.97613 654.426 183.907 315.649 0.00219793 578.659 0.00201017
63500 3.96517 654.089 184.714 315.95 0.00297983 576.758 0.0017988
64000 3.95853 653.768 185.538 316.256 0.0030028 574.845 0.00178082
64500 3.95522 653.469 186.337 316.564 0.00228167 572.953 0.00160488
65000 3.94596 653.188 187.141 316.875 0.00223976 571.063 0.00158463
65500 3.94163 652.942 187.935 317.19 0.00216105 569.168 0.00139148
66000 3.93616 652.741 188.693 317.51 0.00214447 567.283 0.00143289
66500 3.93377 652.576 189.423 317.833 0.00196089 565.405 0.00130733
67000 3.92783 652.436 190.115 318.158 0.00220838 563.553 0.00127748
67500 3.92442 652.318 190.774 318.485 0.00197218 561.725 0.00122804
68000 3.91674 652.244 191.401 318.814 0.00188341 559.905 0.0010148
68500 3.91367 652.196 192.009 319.147 0.00188999 558.094 0.00115526
69000 3.92411 652.201 192.549 319.481 0.00223826 556.29 0.000943138
69500 3.91599 652.175 193.112 319.817 0.00176716 554.486 0.00100075
70000 3.88081 652.158 193.767 320.151 0.00178191 552.641 0.000811765
70500 3.87873 652.162 194.545 320.488 0.00170661 550.721 0.000920247
71000 3.908 652.184 195.346 320.828 0.00161719 548.761 0.000730143
71500 3.89334 652.191 196.116 321.172 0.00168634 546.826 0.000762583
72000 3.88376 652.129 196.94 321.515 0.00157956 544.915 0.000637031
72500 3.86951 652.099 197.892 321.858 0.00157529 542.87 0.000762285
73000 3.84301 652.041 198.964 322.198 0.00190301 540.81 0.000535446
73500 3.83996 652.07 199.926 322.542 0.00141739 538.871 0.000540981
74000 3.87698 652.084 200.88 322.894 0.00196573 536.922 0.000523521
74500 3.84935 652.043 201.849 323.249 0.00190959 534.999 0.000473331
75000 3.82528 652.083 202.764 323.603 0.00257842 533.111 0.00048351
75500 3.84174 652.098 203.681 323.96 0.00185086 531.276 0.00039311
76000 3.83842 652.133 204.609 324.323 0.00336699 529.407 0.000479572
76500 3.82027 652.2 205.542 324.687 0.00309245 527.53 0.000294009
77000 3.82418 652.265 206.403 325.057 0.00235071 525.749 0.000327005
77500 3.82422 652.313 207.321 325.429 0.00161877 523.945 0.000293608
78000 3.80697 652.368 208.26 325.805 0.00155999 522.153 0.000230213
78500 3.81058 652.452 209.16 326.185 0.00157982 520.391 0.000370957
79000 3.80523 652.547 210.057 326.566 0.00158484 518.638 0.000163219
79500 3.80394 652.64 210.949 326.954 0.00192667 516.898 0.000257524
80000 3.80055 652.729 211.865 327.343 0.00135876 515.163 0.000141375
80500 3.79445 652.856 212.788 327.735 0.00155041 513.401 0.0002257
81000 3.79013 653.006 213.723 328.127 0.00263596 511.624 0.000285467
81500 3.78794 653.115 214.667 328.52 0.00141297 509.909 0.000110972
82000 3.78588 653.237 215.615 328.917 0.00168665 508.193 0.00021238
82500 3.78364 653.344 216.576 329.313 0.00132532 506.5 0.000142102
83000 3.77516 653.486 217.539 329.709 0.0013815 504.796 0.000140932
83500 3.76735 653.615 218.535 330.105 0.00221592 503.103 0.000222589
84000 3.76488 653.776 219.544 330.498 0.00135053 501.406 6.72291e-05
84500 3.77182 653.96 220.56 330.896 0.00143149 499.705 0.000184491
85000 3.76403 654.171 221.576 331.292 0.00142509 498.001 3.27165e-05
85500 3.74756 654.421 222.598 331.691 0.00119045 496.282 0.000181424
86000 3.76394 654.694 223.62 332.088 0.0011992 494.554 0.00014429
86500 3.76097 654.951 224.647 332.487 0.00091781 492.852 4.01093e-05
87000 3.74722 655.175 225.708 332.887 0.000963134 491.165 0.000122783
87500 3.75082 655.434 226.78 333.286 0.000998965 489.459 1.55006e-05
88000 3.74994 655.685 227.863 333.691 0.00119969 487.76 0.00012798
88500 3.74037 655.9 228.984 334.095 0.00126331 486.084 4.09398e-05
89000 3.7475 656.127 230.074 334.5 0.00104369 484.448 9.38492e-06
89500 3.74104 656.379 231.14 334.908 0.00107144 482.829 0.000140783
90000 3.73073 656.628 232.169 335.314 0.0017629 481.282 5.20372e-06
90500 3.74698 656.842 233.181 335.723 0.000910945 479.79 6.94535e-05
91000 3.73293 657.049 234.173 336.13 0.000972199 478.345 2.71742e-05
91500 3.71868 657.301 235.152 336.534 0.00116234 476.909 2.86303e-05
92000 3.73765 657.581 236.128 336.938 0.00157404 475.472 7.39072e-05
92500 3.73826 657.824 237.131 337.338 0.00110715 474.061 6.20511e-06
93000 3.72099 658.05 238.147 337.737 0.000754768 472.663 8.78353e-05
93500 3.72908 658.323 239.12 338.13 0.00116132 471.28 7.26308e-06
94000 3.73386 658.577 240.086 338.518 0.00114492 469.937 4.24179e-05
94500 3.72497 658.84 241.003 338.9 0.000711351 468.649 0.000118072
95000 3.72042 659.132 241.835 339.269 0.000775528 467.447 1.65938e-06
95500 3.73225 659.375 242.672 339.634 0.00147861 466.299 0.000117049
96000 3.72363 659.626 243.507 339.986 0.000583775 465.173 1.84792e-06
96500 3.72827 659.857 244.363 340.33 0.00136243 464.043 0.000125113
97000 3.72164 660.084 245.244 340.656 0.00132471 462.931 1.13242e-05
97500 3.71599 660.307 246.108 340.968 0.000793632 461.881 4.98071e-07
98000 3.73639 660.5 246.96 341.265 0.00105836 460.882 0.000110995
98500 3.73683 660.745 247.749 341.542 0.0012469 459.898 3.04431e-05
99000 3.72447 660.964 248.517 341.798 0.000957774 458.969 8.22332e-07
99500 3.72395 661.15 249.249 342.034 0.000996296 458.113 2.41581e-05
100000 3.72829 661.305 249.993 342.244 0.00125138 457.302 1.14091e-05
