1        12.5045
2        12.5045
3        12.5045
4        12.5045
5        12.5045
6        12.5045
7        12.5044
8        12.5044
9        12.5044
10        12.5044
11        12.5044
12        12.5044
13        12.5044
14        12.5045
15        12.5045
16        12.5045
17        12.5045
18        12.5045
19        12.5046
20        12.5046
21        12.5046
22        12.5046
23        12.5046
24        12.5047
25        12.5047
26        12.5047
27        12.5047
28        12.5047
29        12.5047
30        12.5047
31        12.5047
32        12.5048
33        12.5048
34        12.5048
35        12.5048
36        12.5049
37        12.5049
38        12.5049
39         12.505
40         12.505
41        12.5051
42        12.5051
43        12.5051
44        12.5052
45        12.5052
46        12.5053
47        12.5053
48        12.5054
49        12.5054
50        12.5055
51        12.5055
52        12.5056
53        12.5056
54        12.5057
55        12.5058
56        12.5059
57         12.506
58         12.506
59        12.5061
60        12.5062
61        12.5063
62        12.5065
63        12.5066
64        12.5067
65        12.5068
66        12.5069
67         12.507
68        12.5071
69        12.5072
70        12.5073
71        12.5074
72        12.5075
73        12.5076
74        12.5077
75        12.5078
76        12.5079
77         12.508
78        12.5082
79        12.5083
80        12.5084
81        12.5086
82        12.5087
83        12.5089
84         12.509
85        12.5091
86        12.5093
87        12.5094
88        12.5096
89        12.5097
90        12.5099
91          12.51
92        12.5102
93        12.5103
94        12.5104
95        12.5106
96        12.5107
97        12.5109
98         12.511
99        12.5112
100        12.5113
101        12.5115
102        12.5117
103        12.5118
104         12.512
105        12.5122
106        12.5124
107        12.5126
108        12.5127
109        12.5129
110        12.5131
111        12.5133
112        12.5134
113        12.5136
114        12.5137
115        12.5139
116         12.514
117        12.5142
118        12.5143
119        12.5144
120        12.5146
121        12.5147
122        12.5148
123        12.5149
124        12.5151
125        12.5152
126        12.5153
127        12.5155
128        12.5156
129        12.5157
130        12.5158
131         12.516
132        12.5161
133        12.5162
134        12.5163
135        12.5164
136        12.5165
137        12.5166
138        12.5166
139        12.5167
140        12.5168
141        12.5168
142        12.5168
143        12.5169
144        12.5169
145        12.5169
146        12.5169
147        12.5169
148        12.5169
149         12.517
150         12.517
151         12.517
152         12.517
153         12.517
154        12.5169
155        12.5169
156        12.5169
157        12.5169
158        12.5168
159        12.5167
160        12.5167
161        12.5166
162        12.5165
163        12.5163
164        12.5162
165         12.516
166        12.5159
167        12.5157
168        12.5155
169        12.5153
170        12.5151
171        12.5149
172        12.5147
173        12.5145
174        12.5143
175        12.5141
176        12.5138
177        12.5136
178        12.5134
179        12.5132
180         12.513
181        12.5128
182        12.5126
183        12.5123
184        12.5121
185        12.5119
186        12.5117
187        12.5114
188        12.5112
189         12.511
190        12.5108
191        12.5106
192        12.5104
193        12.5102
194          12.51
195        12.5098
196        12.5096
197        12.5095
198        12.5094
199        12.5093
200        12.5092
201        12.5092
202        12.5091
203        12.5091
204        12.5091
205        12.5091
206        12.5091
207        12.5091
208        12.5092
209        12.5092
210        12.5093
211        12.5094
212        12.5095
213        12.5096
214        12.5098
215          12.51
216        12.5102
217        12.5104
218        12.5107
219         12.511
220        12.5114
221        12.5118
222        12.5122
223        12.5127
224        12.5132
225        12.5138
226        12.5144
227        12.5151
228        12.5158
229        12.5165
230        12.5173
231        12.5181
232        12.5189
233        12.5198
234        12.5207
235        12.5216
236        12.5225
237        12.5235
238        12.5245
239        12.5255
240        12.5266
241        12.5277
242        12.5288
243          12.53
244        12.5312
245        12.5325
246        12.5338
247        12.5351
248        12.5365
249        12.5379
250        12.5393
251        12.5408
252        12.5423
253        12.5439
254        12.5454
255         12.547
256        12.5486
257        12.5502
258        12.5519
259        12.5535
260        12.5552
261        12.5568
262        12.5585
263        12.5602
264        12.5619
265        12.5636
266        12.5654
267        12.5671
268        12.5689
269        12.5707
270        12.5725
271        12.5744
272        12.5762
273        12.5781
274        12.5799
275        12.5818
276        12.5837
277        12.5855
278        12.5874
279        12.5893
280        12.5911
281        12.5929
282        12.5948
283        12.5966
284        12.5983
285        12.6001
286        12.6018
287        12.6035
288        12.6052
289        12.6069
290        12.6086
291        12.6102
292        12.6118
293        12.6135
294        12.6151
295        12.6166
296        12.6182
297        12.6198
298        12.6213
299        12.6228
300        12.6243
301        12.6257
302        12.6272
303        12.6286
304        12.6299
305        12.6313
306        12.6326
307        12.6338
308         12.635
309        12.6362
310        12.6373
311        12.6384
312        12.6394
313        12.6404
314        12.6414
315        12.6423
316        12.6432
317         12.644
318        12.6448
319        12.6455
320        12.6463
321        12.6469
322        12.6476
323        12.6481
324        12.6487
325        12.6492
326        12.6496
327          12.65
328        12.6504
329        12.6506
330        12.6509
331        12.6511
332        12.6512
333        12.6513
334        12.6513
335        12.6513
336        12.6512
337        12.6511
338        12.6509
339        12.6506
340        12.6504
341          12.65
342        12.6496
343        12.6492
344        12.6488
345        12.6482
346        12.6477
347        12.6471
348        12.6464
349        12.6457
350         12.645
351        12.6442
352        12.6434
353        12.6425
354        12.6416
355        12.6407
356        12.6397
357        12.6386
358        12.6375
359        12.6364
360        12.6352
361         12.634
362        12.6327
363        12.6314
364        12.6301
365        12.6287
366        12.6273
367        12.6258
368        12.6243
369        12.6228
370        12.6213
371        12.6197
372        12.6181
373        12.6164
374        12.6147
375         12.613
376        12.6112
377        12.6095
378        12.6077
379        12.6059
380         12.604
381        12.6021
382        12.6003
383        12.5984
384        12.5964
385        12.5945
386        12.5926
387        12.5906
388        12.5887
389        12.5867
390        12.5848
391        12.5828
392        12.5809
393        12.5789
394         12.577
395         12.575
396        12.5731
397        12.5711
398        12.5692
399        12.5673
400        12.5654
401        12.5635
402        12.5616
403        12.5597
404        12.5579
405        12.5561
406        12.5543
407        12.5525
408        12.5507
409         12.549
410        12.5473
411        12.5456
412         12.544
413        12.5424
414        12.5408
415        12.5393
416        12.5378
417        12.5363
418        12.5349
419        12.5335
420        12.5321
421        12.5308
422        12.5295
423        12.5282
424         12.527
425        12.5258
426        12.5247
427        12.5236
428        12.5225
429        12.5215
430        12.5206
431        12.5197
432        12.5188
433         12.518
434        12.5172
435        12.5165
436        12.5158
437        12.5152
438        12.5146
439        12.5141
440        12.5136
441        12.5132
442        12.5127
443        12.5124
444         12.512
445        12.5117
446        12.5114
447        12.5112
448         12.511
449        12.5108
450        12.5106
451        12.5105
452        12.5104
453        12.5104
454        12.5104
455        12.5104
456        12.5104
457        12.5105
458        12.5106
459        12.5107
460        12.5109
461        12.5111
462        12.5113
463        12.5115
464        12.5118
465        12.5121
466        12.5124
467        12.5127
468         12.513
469        12.5134
470        12.5137
471        12.5141
472        12.5145
473        12.5149
474        12.5153
475        12.5157
476        12.5161
477        12.5165
478        12.5169
479        12.5174
480        12.5178
481        12.5183
482        12.5187
483        12.5192
484        12.5196
485        12.5201
486        12.5206
487        12.5211
488        12.5215
489         12.522
490        12.5225
491        12.5229
492        12.5234
493        12.5239
494        12.5243
495        12.5248
496        12.5252
497        12.5256
498        12.5261
499        12.5265
500        12.5269
501        12.5273
502        12.5277
503         12.528
504        12.5284
505        12.5288
506        12.5291
507        12.5295
508        12.5298
509        12.5302
510        12.5305
511        12.5308
512        12.5311
513        12.5314
514        12.5318
515         12.532
516        12.5323
517        12.5326
518        12.5329
519        12.5331
520        12.5333
521        12.5336
522        12.5338
523         12.534
524        12.5342
525        12.5343
526        12.5345
527        12.5346
528        12.5348
529        12.5349
530         12.535
531        12.5351
532        12.5352
533        12.5353
534        12.5354
535        12.5354
536        12.5355
537        12.5355
538        12.5356
539        12.5356
540        12.5356
541        12.5356
542        12.5356
543        12.5356
544        12.5355
545        12.5355
546        12.5354
547        12.5353
548        12.5353
549        12.5352
550         12.535
551        12.5349
552        12.5348
553        12.5347
554        12.5345
555        12.5343
556        12.5342
557         12.534
558        12.5338
559        12.5336
560        12.5335
561        12.5333
562        12.5331
563        12.5329
564        12.5327
565        12.5325
566        12.5323
567        12.5321
568        12.5319
569        12.5316
570        12.5314
571        12.5312
572         12.531
573        12.5308
574        12.5305
575        12.5303
576        12.5301
577        12.5298
578        12.5296
579        12.5293
580        12.5291
581        12.5288
582        12.5286
583        12.5283
584        12.5281
585        12.5278
586        12.5276
587        12.5273
588         12.527
589        12.5268
590        12.5265
591        12.5262
592         12.526
593        12.5257
594        12.5254
595        12.5252
596        12.5249
597        12.5246
598        12.5244
599        12.5241
600        12.5239
601        12.5236
602        12.5233
603        12.5231
604        12.5228
605        12.5225
606        12.5223
607         12.522
608        12.5217
609        12.5215
610        12.5212
611         12.521
612        12.5207
613        12.5204
614        12.5202
615        12.5199
616        12.5197
617        12.5194
618        12.5192
619         12.519
620        12.5187
621        12.5185
622        12.5183
623        12.5181
624        12.5179
625        12.5177
626        12.5175
627        12.5173
628        12.5171
629        12.5169
630        12.5167
631        12.5166
632        12.5164
633        12.5162
634        12.5161
635        12.5159
636        12.5157
637        12.5156
638        12.5154
639        12.5152
640        12.5151
641        12.5149
642        12.5148
643        12.5146
644        12.5145
645        12.5143
646        12.5142
647        12.5141
648         12.514
649        12.5139
650        12.5138
651        12.5137
652        12.5136
653        12.5135
654        12.5134
655        12.5133
656        12.5133
657        12.5132
658        12.5131
659        12.5131
660         12.513
661         12.513
662        12.5129
663        12.5129
664        12.5129
665        12.5128
666        12.5128
667        12.5128
668        12.5128
669        12.5128
670        12.5128
671        12.5128
672        12.5128
673        12.5128
674        12.5128
675        12.5128
676        12.5128
677        12.5129
678        12.5129
679        12.5129
680        12.5129
681         12.513
682         12.513
683         12.513
684        12.5131
685        12.5131
686        12.5131
687        12.5132
688        12.5132
689        12.5132
690        12.5133
691        12.5133
692        12.5134
693        12.5134
694        12.5135
695        12.5136
696        12.5136
697        12.5137
698        12.5138
699        12.5139
700         12.514
701        12.5141
702        12.5142
703        12.5143
704        12.5144
705        12.5145
706        12.5146
707        12.5147
708        12.5149
709         12.515
710        12.5151
711        12.5152
712        12.5154
713        12.5155
714        12.5156
715        12.5158
716        12.5159
717        12.5161
718        12.5162
719        12.5164
720        12.5165
721        12.5167
722        12.5168
723         12.517
724        12.5172
725        12.5173
726        12.5175
727        12.5177
728        12.5179
729         12.518
730        12.5182
731        12.5184
732        12.5186
733        12.5188
734        12.5191
735        12.5193
736        12.5195
737        12.5197
738        12.5199
739        12.5202
740        12.5204
741        12.5206
742        12.5209
743        12.5211
744        12.5213
745        12.5215
746        12.5218
747         12.522
748        12.5222
749        12.5225
750        12.5227
751         12.523
752        12.5232
753        12.5234
754        12.5237
755        12.5239
756        12.5242
757        12.5244
758        12.5247
759        12.5249
760        12.5251
761        12.5254
762        12.5256
763        12.5259
764        12.5261
765        12.5263
766        12.5265
767        12.5268
768         12.527
769        12.5272
770        12.5273
771        12.5275
772        12.5277
773        12.5279
774         12.528
775        12.5282
776        12.5283
777        12.5284
778        12.5286
779        12.5287
780        12.5288
781        12.5289
782        12.5291
783        12.5292
784        12.5293
785        12.5294
786        12.5295
787        12.5296
788        12.5297
789        12.5298
790        12.5299
791          12.53
792        12.5301
793        12.5301
794        12.5302
795        12.5303
796        12.5304
797        12.5304
798        12.5305
799        12.5305
800        12.5306
801        12.5306
802        12.5307
803        12.5307
804        12.5307
805        12.5308
806        12.5308
807        12.5309
808        12.5309
809        12.5309
810         12.531
811         12.531
812        12.5311
813        12.5311
814        12.5312
815        12.5312
816        12.5313
817        12.5313
818        12.5313
819        12.5314
820        12.5314
821        12.5315
822        12.5315
823        12.5316
824        12.5316
825        12.5316
826        12.5317
827        12.5317
828        12.5318
829        12.5318
830        12.5319
831        12.5319
832         12.532
833        12.5321
834        12.5321
835        12.5322
836        12.5323
837        12.5324
838        12.5325
839        12.5326
840        12.5327
841        12.5328
842        12.5329
843         12.533
844        12.5331
845        12.5332
846        12.5333
847        12.5334
848        12.5335
849        12.5336
850        12.5337
851        12.5339
852         12.534
853        12.5341
854        12.5342
855        12.5344
856        12.5345
857        12.5346
858        12.5348
859        12.5349
860        12.5351
861        12.5352
862        12.5354
863        12.5356
864        12.5358
865        12.5359
866        12.5361
867        12.5363
868        12.5365
869        12.5367
870        12.5369
871        12.5371
872        12.5373
873        12.5375
874        12.5377
875         12.538
876        12.5382
877        12.5384
878        12.5387
879        12.5389
880        12.5392
881        12.5394
882        12.5397
883          12.54
884        12.5403
885        12.5406
886        12.5409
887        12.5412
888        12.5416
889        12.5419
890        12.5423
891        12.5426
892         12.543
893        12.5434
894        12.5438
895        12.5442
896        12.5446
897         12.545
898        12.5455
899        12.5459
900        12.5463
901        12.5468
902        12.5473
903        12.5478
904        12.5482
905        12.5487
906        12.5492
907        12.5498
908        12.5503
909        12.5508
910        12.5514
911        12.5519
912        12.5525
913        12.5531
914        12.5537
915        12.5543
916        12.5549
917        12.5555
918        12.5561
919        12.5567
920        12.5573
921         12.558
922        12.5586
923        12.5593
924        12.5599
925        12.5606
926        12.5613
927         12.562
928        12.5627
929        12.5634
930        12.5641
931        12.5648
932        12.5655
933        12.5662
934        12.5669
935        12.5677
936        12.5684
937        12.5691
938        12.5699
939        12.5706
940        12.5714
941        12.5721
942        12.5728
943        12.5736
944        12.5743
945        12.5751
946        12.5758
947        12.5766
948        12.5773
949         12.578
950        12.5788
951        12.5795
952        12.5802
953        12.5809
954        12.5817
955        12.5824
956        12.5831
957        12.5838
958        12.5845
959        12.5852
960        12.5859
961        12.5866
962        12.5873
963         12.588
964        12.5886
965        12.5893
966          12.59
967        12.5906
968        12.5912
969        12.5919
970        12.5925
971        12.5931
972        12.5937
973        12.5942
974        12.5948
975        12.5953
976        12.5959
977        12.5964
978        12.5969
979        12.5974
980        12.5979
981        12.5984
982        12.5988
983        12.5993
984        12.5997
985        12.6001
986        12.6005
987        12.6009
988        12.6012
989        12.6016
990        12.6019
991        12.6022
992        12.6025
993        12.6027
994         12.603
995        12.6032
996        12.6034
997        12.6036
998        12.6038
999         12.604
1000        12.6041
2000        14.4227
3000        18.3676
4000        19.0643
5000        20.5507
6000         18.905
7000        19.6239
8000        19.7235
9000         19.067
10000        19.6161
11000        19.7284
12000        19.3325
13000        19.0783
14000        20.6939
15000        18.7899
16000        19.6904
17000        19.1959
18000        19.0182
19000        20.2824
20000        18.7296
21000        20.2459
22000        18.3451
23000        19.9904
24000        19.4372
25000        18.7597
26000        20.1242
27000        18.5233
28000        19.9058
29000        19.1126
30000        19.7104
