0 0 73.1598 0 0 0 2232.36
0 0 73.1598 2.90256e-27 0 0 2232.36
1 0.00913818 73.153 9.33049e-08 0 0 2232.36
2 0.0360934 73.1331 1.49295e-06 0 0 2232.35
3 0.0795218 73.1014 7.55862e-06 0 0 2232.34
4 0.137293 73.0603 2.38914e-05 0 0 2232.33
5 0.206649 73.0124 5.83357e-05 0 0 2232.3
6 0.284403 72.9612 0.000120981 0 0 2232.28
7 0.367177 72.9102 0.000224161 0 0 2232.25
8 0.451646 72.8627 0.000382452 0 0 2232.21
9 0.534779 72.8219 0.000612658 0 0 2232.17
10 0.61406 72.7904 0.000933793 0 0 2232.12
11 0.68766 72.77 0.00136705 0 0 2232.07
12 0.754561 72.7618 0.00193574 0 0 2232.02
13 0.814621 72.7658 0.00266526 0 0 2231.95
14 0.868556 72.7813 0.00358299 0 0 2231.89
15 0.917876 72.8067 0.00471821 0 0 2231.82
16 0.964741 72.8397 0.00610205 0 0 2231.74
17 1.01178 72.8775 0.00776741 0 0 2231.66
18 1.06189 72.9172 0.00974886 0 0 2231.58
19 1.11795 72.9558 0.0120827 0 0 2231.49
20 1.18267 72.9905 0.0148068 0 0 2231.39
21 1.25831 73.0189 0.0179607 0 0 2231.3
22 1.34653 73.0395 0.021586 0 0 2231.19
23 1.44828 73.0513 0.0257256 0 0 2231.09
24 1.56372 73.0542 0.0304247 0 0 2230.98
25 1.69223 73.0488 0.0357304 0 0 2230.86
26 1.83248 73.0366 0.0416916 0 0 2230.75
27 1.98253 73.0196 0.0483596 0 0 2230.62
28 2.14002 73.0002 0.0557875 0 0 2230.5
29 2.30238 72.9811 0.0640308 0 0 2230.37
30 2.467 72.9648 0.0731465 0 0 2230.24
31 2.63151 72.9537 0.0831937 0 0 2230.1
32 2.79393 72.9498 0.094233 0 0 2229.96
33 2.95284 72.9545 0.106326 0 0 2229.82
34 3.1075 72.9683 0.119536 0 0 2229.67
35 3.25789 72.9911 0.133927 0 0 2229.53
36 3.40474 73.0221 0.149563 0 0 2229.37
37 3.5494 73.0597 0.166509 0 0 2229.22
38 3.69378 73.102 0.18483 0 0 2229.06
39 3.84014 73.1466 0.204591 0 0 2228.9
40 3.9909 73.1908 0.225857 0 0 2228.74
41 4.14848 73.2324 0.248694 0 0 2228.58
42 4.315 73.2692 0.273168 0 0 2228.41
43 4.49218 73.2994 0.299344 0 0 2228.24
44 4.68113 73.3221 0.327291 0 0 2228.07
45 4.88229 73.337 0.357077 0 0 2227.89
46 5.09535 73.3444 0.388771 0 0 2227.72
47 5.31924 73.3457 0.422444 0 0 2227.54
48 5.55228 73.3427 0.458169 0 0 2227.36
49 5.79219 73.3377 0.49602 0 0 2227.18
50 6.03638 73.3335 0.536074 0 0 2227
51 6.28204 73.333 0.578405 0 0 2226.81
52 6.52643 73.3387 0.623093 0 0 2226.62
53 6.76706 73.3533 0.670216 0 0 2226.44
54 7.00189 73.3787 0.71985 0 0 2226.25
55 7.22948 73.416 0.772075 0 0 2226.05
56 7.44916 73.4659 0.826965 0 0 2225.86
57 7.661 73.5279 0.884596 0 0 2225.66
58 7.8659 73.6009 0.94504 0 0 2225.47
59 8.06544 73.6832 1.00837 0 0 2225.27
60 8.26181 73.7722 1.07465 0 0 2225.07
61 8.45764 73.8652 1.14394 0 0 2224.86
62 8.65576 73.9592 1.21632 0 0 2224.66
63 8.85899 74.0512 1.29184 0 0 2224.46
64 9.06992 74.1385 1.37056 0 0 2224.25
65 9.29068 74.219 1.45253 0 0 2224.05
66 9.52278 74.2913 1.53782 0 0 2223.84
67 9.76695 74.3546 1.62648 0 0 2223.63
68 10.0231 74.4091 1.71857 0 0 2223.42
69 10.2902 74.4557 1.81414 0 0 2223.22
70 10.5665 74.4964 1.91326 0 0 2223.01
71 10.8496 74.5335 2.01598 0 0 2222.8
72 11.1364 74.57 2.12235 0 0 2222.59
73 11.4236 74.609 2.23245 0 0 2222.38
74 11.7079 74.6537 2.34632 0 0 2222.18
75 11.986 74.707 2.46402 0 0 2221.97
76 12.2549 74.7714 2.58561 0 0 2221.76
77 12.5126 74.8487 2.71113 0 0 2221.56
78 12.7574 74.9398 2.84064 0 0 2221.35
79 12.9887 75.0449 2.97417 0 0 2221.15
80 13.2068 75.1631 3.11176 0 0 2220.95
81 13.4127 75.2928 3.25344 0 0 2220.74
82 13.6085 75.4315 3.39924 0 0 2220.55
83 13.7965 75.5761 3.54916 0 0 2220.35
84 13.9798 75.7234 3.70323 0 0 2220.15
85 14.1615 75.8697 3.86143 0 0 2219.96
86 14.3446 76.0117 4.02378 0 0 2219.77
87 14.532 76.1465 4.19027 0 0 2219.58
88 14.726 76.2715 4.36089 0 0 2219.39
89 14.9279 76.3852 4.53562 0 0 2219.21
90 15.1386 76.4868 4.71446 0 0 2219.03
91 15.3578 76.5766 4.89738 0 0 2218.86
92 15.5842 76.6558 5.08437 0 0 2218.68
93 15.8157 76.7265 5.27542 0 0 2218.51
94 16.0495 76.7914 5.4705 0 0 2218.35
95 16.2822 76.8538 5.6696 0 0 2218.19
96 16.5098 76.9174 5.8727 0 0 2218.03
97 16.7286 76.9858 6.07977 0 0 2217.87
98 16.9347 77.0625 6.29079 0 0 2217.72
99 17.1248 77.1505 6.50572 0 0 2217.57
100 17.2962 77.2519 6.72453 0 0 2217.43
101 17.4469 77.3684 6.94715 0 0 2217.29
102 17.576 77.5002 7.17355 0 0 2217.15
103 17.6835 77.6469 7.40364 0 0 2217.02
104 17.7705 77.807 7.63736 0 0 2216.89
105 17.839 77.9782 7.8746 0 0 2216.76
106 17.8915 78.1572 8.11528 0 0 2216.64
107 17.9315 78.3406 8.35929 0 0 2216.52
108 17.9625 78.5246 8.6065 0 0 2216.41
109 17.9881 78.7054 8.8568 0 0 2216.29
110 18.0119 78.8794 9.11004 0 0 2216.19
111 18.0368 79.0438 9.3661 0 0 2216.09
112 18.0651 79.1964 9.62484 0 0 2215.99
113 18.0982 79.3359 9.88611 0 0 2215.89
114 18.1367 79.4619 10.1498 0 0 2215.8
115 18.1799 79.5753 10.4157 0 0 2215.72
116 18.2265 79.6778 10.6838 0 0 2215.64
117 18.2739 79.7718 10.9538 0 0 2215.56
118 18.3191 79.8605 11.2258 0 0 2215.49
119 18.3586 79.9478 11.4995 0 0 2215.42
120 18.3884 80.0373 11.7748 0 0 2215.35
121 18.4048 80.1327 12.0516 0 0 2215.29
122 18.4043 80.2375 12.3298 0 0 2215.23
123 18.3841 80.3543 12.6092 0 0 2215.18
124 18.342 80.485 12.8898 0 0 2215.13
125 18.2769 80.6306 13.1714 0 0 2215.08
126 18.1886 80.791 13.4538 0 0 2215.04
127 18.0781 80.9649 13.737 0 0 2215.01
128 17.9475 81.1501 14.0207 0 0 2214.97
129 17.7995 81.3437 14.3048 0 0 2214.94
130 17.638 81.5418 14.5891 0 0 2214.92
131 17.4671 81.7403 14.8734 0 0 2214.9
132 17.2913 81.9349 15.1576 0 0 2214.88
133 17.1149 82.1214 15.4415 0 0 2214.87
134 16.9421 82.2958 15.7248 0 0 2214.86
135 16.7764 82.4551 16.0074 0 0 2214.86
136 16.6207 82.5967 16.2891 0 0 2214.86
137 16.4768 82.7195 16.5696 0 0 2214.87
138 16.3456 82.8229 16.8489 0 0 2214.88
139 16.2267 82.9079 17.1267 0 0 2214.89
140 16.119 82.9761 17.4028 0 0 2214.91
141 16.0203 83.0303 17.6771 0 0 2214.93
142 15.9277 83.0738 17.9495 0 0 2214.95
143 15.8377 83.1104 18.2197 0 0 2214.98
144 15.7469 83.1442 18.4876 0 0 2215.02
145 15.6515 83.179 18.7531 0 0 2215.05
146 15.5482 83.2185 19.0161 0 0 2215.09
147 15.4344 83.2656 19.2764 0 0 2215.13
148 15.3081 83.3225 19.5338 0 0 2215.18
149 15.1682 83.3902 19.7884 0 0 2215.22
150 15.015 83.4688 20.0398 0 0 2215.27
151 14.8496 83.5573 20.288 0 0 2215.33
152 14.6743 83.6536 20.5328 0 0 2215.38
153 14.4922 83.7547 20.774 0 0 2215.44
154 14.3073 83.8569 21.0116 0 0 2215.5
155 14.1243 83.9559 21.2453 0 0 2215.56
156 13.9478 84.0474 21.475 0 0 2215.62
157 13.7828 84.1269 21.7004 0 0 2215.69
158 13.6337 84.1905 21.9215 0 0 2215.75
159 13.5045 84.2347 22.1381 0 0 2215.82
160 13.3984 84.2571 22.3499 0 0 2215.89
161 13.3176 84.256 22.5569 0 0 2215.96
162 13.2632 84.231 22.7588 0 0 2216.03
163 13.2352 84.183 22.9556 0 0 2216.1
164 13.2323 84.1135 23.1471 0 0 2216.17
165 13.2525 84.0256 23.3332 0 0 2216.25
166 13.2926 83.9227 23.5138 0 0 2216.32
167 13.3491 83.8089 23.6889 0 0 2216.4
168 13.4179 83.6888 23.8583 0 0 2216.47
169 13.495 83.5666 24.0221 0 0 2216.55
170 13.5766 83.4465 24.1801 0 0 2216.62
171 13.6593 83.3319 24.3324 0 0 2216.7
172 13.7406 83.2255 24.4789 0 0 2216.77
173 13.8188 83.129 24.6196 0 0 2216.85
174 13.8934 83.0429 24.7546 0 0 2216.92
175 13.9649 82.9666 24.8836 0 0 2217
176 14.0352 82.8984 25.0069 0 0 2217.07
177 14.1068 82.8355 25.1243 0 0 2217.15
178 14.1833 82.7745 25.2358 0 0 2217.22
179 14.2689 82.7112 25.3415 0 0 2217.29
180 14.3681 82.6412 25.4412 0 0 2217.37
181 14.4853 82.5603 25.535 0 0 2217.44
182 14.6249 82.4644 25.6228 0 0 2217.51
183 14.7905 82.3502 25.7046 0 0 2217.59
184 14.985 82.2152 25.7803 0 0 2217.66
185 15.2101 82.0579 25.85 0 0 2217.73
186 15.4664 81.8782 25.9135 0 0 2217.8
187 15.7534 81.677 25.971 0 0 2217.88
188 16.0692 81.4567 26.0223 0 0 2217.95
189 16.4108 81.2205 26.0674 0 0 2218.02
190 16.7743 80.9728 26.1065 0 0 2218.09
191 17.1551 80.7183 26.1394 0 0 2218.16
192 17.5479 80.4622 26.1662 0 0 2218.23
193 17.9479 80.2099 26.187 0 0 2218.29
194 18.3499 79.9662 26.2018 0 0 2218.36
195 18.7497 79.7352 26.2106 0 0 2218.43
196 19.1437 79.5204 26.2136 0 0 2218.49
197 19.5296 79.3239 26.2107 0 0 2218.55
198 19.9063 79.1465 26.202 0 0 2218.62
199 20.2738 78.9878 26.1876 0 0 2218.67
200 20.6339 78.8459 26.1675 0 0 2218.73
201 20.9891 78.7178 26.1418 0 0 2218.79
202 21.3433 78.5994 26.1105 0 0 2218.84
203 21.701 78.486 26.0736 0 0 2218.9
204 22.0673 78.3725 26.0313 0 0 2218.95
205 22.4471 78.2536 25.9835 0 0 2218.99
206 22.8451 78.1247 25.9303 0 0 2219.04
207 23.2653 77.9815 25.8716 0 0 2219.08
208 23.7108 77.8212 25.8076 0 0 2219.13
209 24.1831 77.6421 25.7382 0 0 2219.17
210 24.6824 77.444 25.6635 0 0 2219.2
211 25.2071 77.2284 25.5836 0 0 2219.24
212 25.754 76.9982 25.4984 0 0 2219.27
213 26.3186 76.758 25.4081 0 0 2219.3
214 26.8947 76.5134 25.3128 0 0 2219.33
215 27.4754 76.271 25.2125 0 0 2219.35
216 28.053 76.0379 25.1074 0 0 2219.38
217 28.6196 75.8215 24.9976 0 0 2219.4
218 29.1676 75.6285 24.8832 0 0 2219.41
219 29.6899 75.4651 24.7644 0 0 2219.43
220 30.1808 75.3362 24.6414 0 0 2219.44
221 30.6358 75.2455 24.5143 0 0 2219.45
222 31.0522 75.1945 24.3832 0 0 2219.45
223 31.429 75.1834 24.2484 0 0 2219.46
224 31.7671 75.2101 24.11 0 0 2219.46
225 32.0694 75.2711 23.9681 0 0 2219.45
226 32.3402 75.3611 23.823 0 0 2219.45
227 32.5849 75.4738 23.6747 0 0 2219.44
228 32.81 75.6021 23.5233 0 0 2219.44
229 33.0223 75.7386 23.3691 0 0 2219.43
230 33.2284 75.8761 23.212 0 0 2219.41
231 33.4345 76.0079 23.0522 0 0 2219.4
232 33.6456 76.1285 22.8898 0 0 2219.39
233 33.8653 76.234 22.7249 0 0 2219.37
234 34.0956 76.322 22.5575 0 0 2219.36
235 34.3364 76.3923 22.3878 0 0 2219.34
236 34.5858 76.4464 22.2157 0 0 2219.32
237 34.8401 76.4878 22.0414 0 0 2219.3
238 35.0937 76.5216 21.8651 0 0 2219.28
239 35.34 76.5544 21.6866 0 0 2219.26
240 35.5714 76.5933 21.5062 0 0 2219.24
241 35.7799 76.6463 21.324 0 0 2219.22
242 35.9576 76.7209 21.1399 0 0 2219.19
243 36.0972 76.8242 20.9543 0 0 2219.17
244 36.1927 76.9621 20.767 0 0 2219.14
245 36.2396 77.1391 20.5783 0 0 2219.12
246 36.2351 77.3579 20.3883 0 0 2219.09
247 36.1785 77.6192 20.197 0 0 2219.06
248 36.0714 77.9216 20.0046 0 0 2219.02
249 35.9172 78.2619 19.8111 0 0 2218.99
250 35.7211 78.6351 19.6167 0 0 2218.96
251 35.4898 79.0346 19.4214 0 0 2218.92
252 35.2309 79.4532 19.2254 0 0 2218.88
253 34.9525 79.883 19.0287 0 0 2218.84
254 34.6628 80.3161 18.8313 0 0 2218.8
255 34.3693 80.7454 18.6335 0 0 2218.76
256 34.0785 81.1646 18.4351 0 0 2218.71
257 33.7951 81.5692 18.2364 0 0 2218.67
258 33.5225 81.956 18.0374 0 0 2218.62
259 33.2618 82.3242 17.8382 0 0 2218.58
260 33.0123 82.6748 17.6388 0 0 2218.53
261 32.7712 83.0106 17.4394 0 0 2218.48
262 32.5341 83.3364 17.24 0 0 2218.43
263 32.2954 83.6579 17.0408 0 0 2218.38
264 32.0485 83.9821 16.8418 0 0 2218.33
265 31.7864 84.3162 16.6431 0 0 2218.27
266 31.5024 84.6674 16.4448 0 0 2218.22
267 31.1902 85.0422 16.2471 0 0 2218.16
268 30.8449 85.4461 16.0501 0 0 2218.11
269 30.4628 85.8832 15.8537 0 0 2218.05
270 30.0423 86.3556 15.6582 0 0 2217.99
271 29.5834 86.8638 15.4636 0 0 2217.93
272 29.0883 87.4062 15.2701 0 0 2217.87
273 28.5608 87.9792 15.0776 0 0 2217.81
274 28.0066 88.5778 14.8864 0 0 2217.75
275 27.4324 89.1956 14.6963 0 0 2217.69
276 26.8458 89.8252 14.5076 0 0 2217.63
277 26.255 90.4589 14.3203 0 0 2217.57
278 25.6677 91.089 14.1344 0 0 2217.51
279 25.0913 91.7082 13.9499 0 0 2217.45
280 24.5322 92.3102 13.767 0 0 2217.39
281 23.9951 92.8903 13.5857 0 0 2217.33
282 23.4836 93.4449 13.406 0 0 2217.27
283 22.999 93.9724 13.2279 0 0 2217.22
284 22.5412 94.4732 13.0516 0 0 2217.16
285 22.1083 94.949 12.877 0 0 2217.11
286 21.6967 95.4033 12.7043 0 0 2217.06
287 21.3017 95.8408 12.5334 0 0 2217.01
288 20.9179 96.2671 12.3645 0 0 2216.96
289 20.5392 96.6884 12.1975 0 0 2216.91
290 20.1595 97.1107 12.0326 0 0 2216.86
291 19.7733 97.54 11.8698 0 0 2216.81
292 19.3756 97.9814 11.7092 0 0 2216.77
293 18.9628 98.4389 11.5508 0 0 2216.72
294 18.5323 98.9151 11.3946 0 0 2216.68
295 18.0831 99.4114 11.2407 0 0 2216.64
296 17.6159 99.9274 11.0891 0 0 2216.6
297 17.1326 100.461 10.9399 0 0 2216.56
298 16.6367 101.01 10.7931 0 0 2216.52
299 16.1325 101.568 10.6488 0 0 2216.48
300 15.6252 102.132 10.5068 0 0 2216.44
301 15.1207 102.695 10.3673 0 0 2216.4
302 14.6246 103.252 10.2302 0 0 2216.37
303 14.1426 103.796 10.0956 0 0 2216.33
304 13.6797 104.323 9.96338 0 0 2216.3
305 13.2398 104.828 9.83365 0 0 2216.27
306 12.8262 105.308 9.70639 0 0 2216.24
307 12.4405 105.76 9.58158 0 0 2216.21
308 12.0834 106.185 9.45924 0 0 2216.18
309 11.7541 106.582 9.33937 0 0 2216.15
310 11.4509 106.953 9.22197 0 0 2216.13
311 11.1708 107.301 9.10706 0 0 2216.11
312 10.9102 107.629 8.99464 0 0 2216.08
313 10.6653 107.941 8.88472 0 0 2216.06
314 10.4316 108.241 8.7773 0 0 2216.04
315 10.2051 108.534 8.6724 0 0 2216.03
316 9.9822 108.822 8.57002 0 0 2216.01
317 9.75971 109.109 8.47016 0 0 2216
318 9.53543 109.398 8.37284 0 0 2215.98
319 9.30812 109.688 8.27803 0 0 2215.97
320 9.07752 109.981 8.18575 0 0 2215.96
321 8.84444 110.276 8.09599 0 0 2215.95
322 8.61061 110.571 8.00874 0 0 2215.94
323 8.37861 110.862 7.924 0 0 2215.94
324 8.15164 111.147 7.84174 0 0 2215.93
325 7.9333 111.422 7.76196 0 0 2215.93
326 7.72739 111.683 7.68464 0 0 2215.93
327 7.53765 111.927 7.60979 0 0 2215.93
328 7.3675 112.148 7.53738 0 0 2215.93
329 7.21985 112.345 7.46741 0 0 2215.93
330 7.09695 112.515 7.39988 0 0 2215.94
331 7.00025 112.657 7.33477 0 0 2215.94
332 6.93034 112.769 7.27209 0 0 2215.95
333 6.88697 112.852 7.21183 0 0 2215.96
334 6.86904 112.908 7.15401 0 0 2215.98
335 6.87481 112.937 7.09861 0 0 2215.99
336 6.90194 112.942 7.04565 0 0 2216.01
337 6.94774 112.927 6.99513 0 0 2216.02
338 7.00935 112.893 6.94705 0 0 2216.04
339 7.08393 112.844 6.90141 0 0 2216.06
340 7.16887 112.783 6.85821 0 0 2216.08
341 7.26195 112.712 6.81745 0 0 2216.11
342 7.36149 112.632 6.77913 0 0 2216.13
343 7.46643 112.546 6.74323 0 0 2216.16
344 7.57638 112.452 6.70976 0 0 2216.18
345 7.69163 112.352 6.67871 0 0 2216.21
346 7.8131 112.245 6.65006 0 0 2216.24
347 7.94225 112.128 6.62381 0 0 2216.27
348 8.08094 112.001 6.59995 0 0 2216.3
349 8.23133 111.86 6.57846 0 0 2216.33
350 8.39565 111.705 6.55934 0 0 2216.36
351 8.57607 111.532 6.54259 0 0 2216.39
352 8.77457 111.341 6.5282 0 0 2216.42
353 8.99274 111.129 6.51617 0 0 2216.46
354 9.23175 110.896 6.50651 0 0 2216.49
355 9.4922 110.64 6.49921 0 0 2216.53
356 9.77418 110.363 6.4943 0 0 2216.56
357 10.0772 110.064 6.49177 0 0 2216.6
358 10.4003 109.745 6.49163 0 0 2216.64
359 10.7422 109.407 6.4939 0 0 2216.67
360 11.1011 109.053 6.49858 0 0 2216.71
361 11.4754 108.683 6.50569 0 0 2216.75
362 11.8632 108.3 6.51523 0 0 2216.79
363 12.2628 107.906 6.52721 0 0 2216.83
364 12.6728 107.502 6.54162 0 0 2216.87
365 13.092 107.089 6.55847 0 0 2216.91
366 13.5199 106.668 6.57776 0 0 2216.95
367 13.956 106.24 6.59947 0 0 2216.99
368 14.4005 105.803 6.6236 0 0 2217.03
369 14.854 105.359 6.65015 0 0 2217.07
370 15.3172 104.905 6.67908 0 0 2217.12
371 15.7911 104.441 6.71041 0 0 2217.16
372 16.2768 103.965 6.7441 0 0 2217.2
373 16.7752 103.478 6.78016 0 0 2217.25
374 17.2872 102.977 6.81857 0 0 2217.29
375 17.8132 102.462 6.85932 0 0 2217.34
376 18.3533 101.933 6.90241 0 0 2217.38
377 18.9072 101.391 6.94783 0 0 2217.43
378 19.474 100.835 6.99557 0 0 2217.47
379 20.0524 100.268 7.04564 0 0 2217.52
380 20.6405 99.691 7.09804 0 0 2217.57
381 21.2363 99.1056 7.15276 0 0 2217.62
382 21.8373 98.5143 7.2098 0 0 2217.66
383 22.4411 97.9193 7.26915 0 0 2217.71
384 23.0451 97.3229 7.33081 0 0 2217.76
385 23.6471 96.7271 7.39476 0 0 2217.81
386 24.2449 96.1336 7.46098 0 0 2217.86
387 24.837 95.5438 7.52946 0 0 2217.9
388 25.422 94.9585 7.60016 0 0 2217.95
389 25.9991 94.3782 7.67305 0 0 2218
390 26.5682 93.8028 7.74809 0 0 2218.05
391 27.1293 93.2316 7.82522 0 0 2218.09
392 27.6829 92.6638 7.90441 0 0 2218.14
393 28.2299 92.0982 7.9856 0 0 2218.19
394 28.7709 91.5336 8.06872 0 0 2218.23
395 29.3069 90.9686 8.15372 0 0 2218.28
396 29.8384 90.4024 8.24054 0 0 2218.32
397 30.3658 89.834 8.32912 0 0 2218.36
398 30.8888 89.2633 8.41939 0 0 2218.41
399 31.4069 88.6903 8.5113 0 0 2218.45
400 31.9188 88.116 8.60478 0 0 2218.49
401 32.4227 87.5415 8.69978 0 0 2218.53
402 32.9164 86.9688 8.79625 0 0 2218.57
403 33.3972 86.3999 8.89411 0 0 2218.61
404 33.8621 85.8376 8.99333 0 0 2218.64
405 34.3079 85.2844 9.09383 0 0 2218.68
406 34.7316 84.743 9.19556 0 0 2218.71
407 35.1303 84.2158 9.29844 0 0 2218.75
408 35.5014 83.7052 9.40241 0 0 2218.78
409 35.8429 83.2127 9.50739 0 0 2218.81
410 36.1534 82.7394 9.61329 0 0 2218.84
411 36.4322 82.2859 9.72003 0 0 2218.87
412 36.6791 81.8519 9.82749 0 0 2218.9
413 36.8949 81.4367 9.93559 0 0 2218.92
414 37.0807 81.0389 10.0442 0 0 2218.95
415 37.2381 80.6569 10.1532 0 0 2218.97
416 37.3692 80.2886 10.2625 0 0 2218.99
417 37.476 79.932 10.3719 0 0 2219.01
418 37.5606 79.5851 10.4813 0 0 2219.03
419 37.6248 79.2461 10.5906 0 0 2219.05
420 37.67 78.9138 10.6997 0 0 2219.06
421 37.6972 78.5874 10.8083 0 0 2219.08
422 37.7067 78.2668 10.9165 0 0 2219.09
423 37.6982 77.9526 11.0241 0 0 2219.1
424 37.6707 77.6462 11.1308 0 0 2219.12
425 37.6227 77.3493 11.2368 0 0 2219.13
426 37.5523 77.0643 11.3417 0 0 2219.13
427 37.4572 76.7941 11.4456 0 0 2219.14
428 37.335 76.5414 11.5483 0 0 2219.14
429 37.1836 76.3092 11.6496 0 0 2219.15
430 37.0008 76.1001 11.7496 0 0 2219.15
431 36.7853 75.9163 11.8481 0 0 2219.15
432 36.5361 75.7596 11.945 0 0 2219.14
433 36.2531 75.6307 12.0401 0 0 2219.14
434 35.9372 75.53 12.1334 0 0 2219.13
435 35.5899 75.4565 12.2247 0 0 2219.13
436 35.2136 75.4088 12.314 0 0 2219.11
437 34.8116 75.3847 12.4011 0 0 2219.1
438 34.3877 75.3812 12.4858 0 0 2219.09
439 33.9459 75.3949 12.5681 0 0 2219.07
440 33.4909 75.4223 12.6478 0 0 2219.05
441 33.027 75.4598 12.7248 0 0 2219.03
442 32.5585 75.5037 12.7989 0 0 2219.01
443 32.089 75.551 12.8702 0 0 2218.98
444 31.6218 75.5992 12.9383 0 0 2218.96
445 31.1592 75.6464 13.0034 0 0 2218.93
446 30.7028 75.6916 13.0652 0 0 2218.9
447 30.2532 75.7345 13.1236 0 0 2218.87
448 29.8103 75.7759 13.1787 0 0 2218.84
449 29.373 75.8171 13.2303 0 0 2218.8
450 28.9397 75.8603 13.2785 0 0 2218.76
451 28.5081 75.908 13.3232 0 0 2218.73
452 28.0757 75.9633 13.3643 0 0 2218.69
453 27.6399 76.0292 13.4019 0 0 2218.65
454 27.198 76.1087 13.4359 0 0 2218.6
455 26.7479 76.2046 13.4664 0 0 2218.56
456 26.2878 76.319 13.4933 0 0 2218.51
457 25.8165 76.4537 13.5168 0 0 2218.46
458 25.3334 76.6095 13.5367 0 0 2218.42
459 24.8391 76.7865 13.5531 0 0 2218.36
460 24.3345 76.984 13.566 0 0 2218.31
461 23.8216 77.2006 13.5755 0 0 2218.26
462 23.3029 77.4339 13.5815 0 0 2218.21
463 22.7813 77.6812 13.584 0 0 2218.15
464 22.2603 77.9393 13.5831 0 0 2218.09
465 21.7435 78.2047 13.5788 0 0 2218.04
466 21.2345 78.4738 13.571 0 0 2217.98
467 20.7366 78.7432 13.5598 0 0 2217.92
468 20.253 79.0096 13.5451 0 0 2217.86
469 19.7861 79.2705 13.527 0 0 2217.8
470 19.3381 79.5236 13.5056 0 0 2217.74
471 18.9101 79.7674 13.4807 0 0 2217.68
472 18.5027 80.001 13.4525 0 0 2217.63
473 18.1157 80.2244 13.4209 0 0 2217.57
474 17.7485 80.4381 13.386 0 0 2217.51
475 17.3996 80.6432 13.3478 0 0 2217.45
476 17.0672 80.8412 13.3063 0 0 2217.39
477 16.7491 81.0341 13.2617 0 0 2217.33
478 16.4432 81.224 13.2139 0 0 2217.27
479 16.1471 81.4129 13.163 0 0 2217.21
480 15.8587 81.6029 13.1089 0 0 2217.15
481 15.576 81.7957 13.0519 0 0 2217.09
482 15.2977 81.9928 12.9919 0 0 2217.03
483 15.0227 82.1949 12.9289 0 0 2216.97
484 14.7504 82.4025 12.863 0 0 2216.91
485 14.4811 82.6154 12.7943 0 0 2216.85
486 14.2152 82.8328 12.7228 0 0 2216.8
487 13.9537 83.0537 12.6484 0 0 2216.74
488 13.6982 83.2763 12.5714 0 0 2216.68
489 13.4502 83.4988 12.4916 0 0 2216.62
490 13.2116 83.7191 12.4092 0 0 2216.57
491 12.9844 83.935 12.3242 0 0 2216.51
492 12.7703 84.1444 12.2366 0 0 2216.46
493 12.5709 84.3454 12.1464 0 0 2216.4
494 12.3874 84.5365 12.0539 0 0 2216.35
495 12.2206 84.7164 11.9589 0 0 2216.3
496 12.071 84.8845 11.8615 0 0 2216.25
497 11.9384 85.0406 11.7619 0 0 2216.2
498 11.8222 85.1849 11.6601 0 0 2216.15
499 11.7213 85.3181 11.5562 0 0 2216.1
500 11.6342 85.4415 11.4502 0 0 2216.06
501 11.5591 85.5567 11.3423 0 0 2216.01
502 11.494 85.6652 11.2326 0 0 2215.97
503 11.4368 85.7691 11.1212 0 0 2215.93
504 11.3854 85.8701 11.0081 0 0 2215.89
505 11.3379 85.9701 10.8934 0 0 2215.85
506 11.2926 86.0705 10.7773 0 0 2215.81
507 11.248 86.1726 10.6599 0 0 2215.77
508 11.2033 86.2771 10.5412 0 0 2215.74
509 11.1579 86.3843 10.4214 0 0 2215.71
510 11.1119 86.4942 10.3005 0 0 2215.68
511 11.0655 86.6061 10.1787 0 0 2215.65
512 11.0198 86.7188 10.0559 0 0 2215.62
513 10.9759 86.8311 9.93237 0 0 2215.59
514 10.9354 86.9412 9.8081 0 0 2215.57
515 10.8999 87.0471 9.68318 0 0 2215.55
516 10.8712 87.1469 9.55769 0 0 2215.53
517 10.8509 87.2386 9.43171 0 0 2215.52
518 10.8407 87.3205 9.30529 0 0 2215.5
519 10.8418 87.391 9.17853 0 0 2215.49
520 10.8551 87.4488 9.05149 0 0 2215.48
521 10.8812 87.4933 8.92424 0 0 2215.48
522 10.9202 87.5241 8.79687 0 0 2215.47
523 10.9718 87.5412 8.66946 0 0 2215.47
524 11.0351 87.5454 8.54207 0 0 2215.48
525 11.109 87.5375 8.41478 0 0 2215.48
526 11.1919 87.519 8.28769 0 0 2215.49
527 11.2821 87.4915 8.16087 0 0 2215.5
528 11.3777 87.4566 8.03439 0 0 2215.52
529 11.4766 87.4164 7.90834 0 0 2215.54
530 11.5769 87.3726 7.7828 0 0 2215.56
531 11.677 87.3268 7.65784 0 0 2215.58
532 11.7751 87.2806 7.53353 0 0 2215.61
533 11.8702 87.2349 7.40996 0 0 2215.64
534 11.9613 87.1906 7.28717 0 0 2215.68
535 12.0481 87.1481 7.16525 0 0 2215.71
536 12.1306 87.1071 7.04425 0 0 2215.76
537 12.2089 87.0674 6.92423 0 0 2215.8
538 12.284 87.028 6.80525 0 0 2215.85
539 12.3567 86.9879 6.68736 0 0 2215.9
540 12.4284 86.9457 6.57061 0 0 2215.96
541 12.5002 86.9 6.45505 0 0 2216.02
542 12.5737 86.8493 6.34074 0 0 2216.08
543 12.65 86.7922 6.22772 0 0 2216.15
544 12.7304 86.7274 6.11603 0 0 2216.22
545 12.8157 86.654 6.00572 0 0 2216.29
546 12.9067 86.5711 5.89684 0 0 2216.37
547 13.0036 86.4784 5.78943 0 0 2216.45
548 13.1063 86.3759 5.68354 0 0 2216.54
549 13.2145 86.2638 5.57921 0 0 2216.63
550 13.3275 86.1429 5.47648 0 0 2216.73
551 13.4441 86.0142 5.37539 0 0 2216.82
552 13.5632 85.8788 5.27598 0 0 2216.93
553 13.6834 85.7382 5.17829 0 0 2217.03
554 13.803 85.5939 5.08235 0 0 2217.14
555 13.9207 85.4473 4.98819 0 0 2217.26
556 14.035 85.2999 4.89583 0 0 2217.37
557 14.1447 85.153 4.80531 0 0 2217.5
558 14.2485 85.0075 4.71663 0 0 2217.62
559 14.3459 84.8644 4.62982 0 0 2217.75
560 14.4362 84.7241 4.54489 0 0 2217.88
561 14.5192 84.5868 4.46185 0 0 2218.02
562 14.595 84.4525 4.3807 0 0 2218.16
563 14.6639 84.3208 4.30144 0 0 2218.3
564 14.7265 84.1912 4.22408 0 0 2218.45
565 14.7835 84.0629 4.14861 0 0 2218.6
566 14.8357 83.9351 4.07504 0 0 2218.75
567 14.8841 83.8068 4.00335 0 0 2218.91
568 14.9296 83.6772 3.93356 0 0 2219.07
569 14.973 83.5454 3.86564 0 0 2219.24
570 15.015 83.4108 3.7996 0 0 2219.41
571 15.0561 83.2727 3.73543 0 0 2219.58
572 15.0968 83.1308 3.67313 0 0 2219.76
573 15.1373 82.985 3.61268 0 0 2219.94
574 15.1775 82.8353 3.5541 0 0 2220.12
575 15.2174 82.6818 3.49736 0 0 2220.3
576 15.2566 82.525 3.44247 0 0 2220.49
577 15.2946 82.3654 3.38941 0 0 2220.69
578 15.3311 82.2035 3.33817 0 0 2220.88
579 15.3652 82.04 3.28874 0 0 2221.08
580 15.3966 81.8757 3.2411 0 0 2221.28
581 15.4246 81.7112 3.19525 0 0 2221.49
582 15.4488 81.547 3.15116 0 0 2221.69
583 15.4685 81.3838 3.1088 0 0 2221.9
584 15.4836 81.2221 3.06817 0 0 2222.12
585 15.4938 81.0621 3.02922 0 0 2222.33
586 15.4988 80.9043 2.99195 0 0 2222.55
587 15.4985 80.7488 2.95631 0 0 2222.77
588 15.493 80.5959 2.92228 0 0 2222.99
589 15.4822 80.4455 2.88983 0 0 2223.21
590 15.4662 80.2978 2.85892 0 0 2223.44
591 15.445 80.1529 2.82954 0 0 2223.67
592 15.4188 80.0109 2.80164 0 0 2223.9
593 15.3875 79.8717 2.7752 0 0 2224.13
594 15.3513 79.7355 2.75019 0 0 2224.36
595 15.3101 79.6023 2.72657 0 0 2224.59
596 15.2641 79.4723 2.70431 0 0 2224.82
597 15.2134 79.3454 2.68339 0 0 2225.06
598 15.1581 79.2216 2.66376 0 0 2225.3
599 15.0984 79.1008 2.6454 0 0 2225.53
600 15.0347 78.9829 2.62829 0 0 2225.77
601 14.9674 78.8674 2.61238 0 0 2226.01
602 14.8971 78.754 2.59764 0 0 2226.25
603 14.8245 78.6421 2.58405 0 0 2226.49
604 14.7504 78.531 2.57157 0 0 2226.73
605 14.6756 78.42 2.56018 0 0 2226.97
606 14.601 78.3082 2.54984 0 0 2227.21
607 14.5276 78.195 2.54053 0 0 2227.45
608 14.456 78.0797 2.53222 0 0 2227.7
609 14.3871 77.9616 2.52488 0 0 2227.94
610 14.3212 77.8404 2.5185 0 0 2228.18
611 14.2587 77.7159 2.51305 0 0 2228.42
612 14.1995 77.5884 2.5085 0 0 2228.66
613 14.1433 77.4582 2.50485 0 0 2228.9
614 14.0894 77.3262 2.50208 0 0 2229.14
615 14.0369 77.1934 2.50017 0 0 2229.38
616 13.9847 77.0611 2.49911 0 0 2229.62
617 13.9313 76.9308 2.49888 0 0 2229.86
618 13.8754 76.8041 2.49948 0 0 2230.09
619 13.8154 76.6826 2.5009 0 0 2230.33
620 13.75 76.5679 2.50312 0 0 2230.57
621 13.678 76.4612 2.50615 0 0 2230.8
622 13.5985 76.3636 2.50997 0 0 2231.03
623 13.511 76.2757 2.51457 0 0 2231.26
624 13.4154 76.1978 2.51995 0 0 2231.49
625 13.312 76.1295 2.5261 0 0 2231.72
626 13.2018 76.0702 2.53303 0 0 2231.94
627 13.0859 76.0187 2.54071 0 0 2232.16
628 12.9661 75.9733 2.54917 0 0 2232.38
629 12.8443 75.9323 2.55838 0 0 2232.6
630 12.7226 75.8935 2.56835 0 0 2232.82
631 12.6033 75.855 2.57909 0 0 2233.03
632 12.4884 75.8147 2.59059 0 0 2233.24
633 12.3798 75.7708 2.60286 0 0 2233.45
634 12.279 75.722 2.61591 0 0 2233.65
635 12.1871 75.6673 2.62973 0 0 2233.85
636 12.1046 75.6064 2.64435 0 0 2234.05
637 12.0315 75.5393 2.65977 0 0 2234.25
638 11.9672 75.4669 2.676 0 0 2234.44
639 11.9105 75.3904 2.69304 0 0 2234.63
640 11.86 75.3115 2.71092 0 0 2234.81
641 11.8138 75.2321 2.72964 0 0 2234.99
642 11.7697 75.1545 2.74921 0 0 2235.17
643 11.7258 75.0808 2.76965 0 0 2235.34
644 11.6801 75.0131 2.79098 0 0 2235.51
645 11.6309 74.9529 2.8132 0 0 2235.68
646 11.5771 74.9016 2.83633 0 0 2235.84
647 11.5178 74.8599 2.86039 0 0 2235.99
648 11.4531 74.8279 2.88541 0 0 2236.15
649 11.3833 74.8052 2.91138 0 0 2236.3
650 11.3093 74.7907 2.93835 0 0 2236.44
651 11.2326 74.783 2.96632 0 0 2236.58
652 11.1551 74.7803 2.99532 0 0 2236.72
653 11.0787 74.7804 3.02536 0 0 2236.85
654 11.0055 74.7813 3.05648 0 0 2236.98
655 10.9374 74.781 3.08868 0 0 2237.1
656 10.8762 74.7779 3.122 0 0 2237.22
657 10.8233 74.7707 3.15644 0 0 2237.33
658 10.7794 74.7585 3.19203 0 0 2237.44
659 10.745 74.7411 3.22879 0 0 2237.55
660 10.7198 74.7189 3.26672 0 0 2237.65
661 10.7031 74.6926 3.30586 0 0 2237.75
662 10.6937 74.6637 3.3462 0 0 2237.84
663 10.6902 74.6337 3.38777 0 0 2237.93
664 10.6907 74.6046 3.43058 0 0 2238.01
665 10.6936 74.5781 3.47463 0 0 2238.09
666 10.6971 74.5562 3.51995 0 0 2238.16
667 10.6998 74.5404 3.56654 0 0 2238.23
668 10.7005 74.5319 3.61441 0 0 2238.29
669 10.6985 74.5315 3.66357 0 0 2238.34
670 10.6938 74.5394 3.71404 0 0 2238.39
671 10.6865 74.5553 3.76581 0 0 2238.44
672 10.6777 74.5785 3.8189 0 0 2238.48
673 10.6685 74.6075 3.87331 0 0 2238.51
674 10.6606 74.641 3.92904 0 0 2238.54
675 10.656 74.6769 3.98611 0 0 2238.56
676 10.6567 74.7133 4.0445 0 0 2238.58
677 10.6646 74.7485 4.10422 0 0 2238.59
678 10.6816 74.7805 4.16526 0 0 2238.6
679 10.7092 74.8081 4.22761 0 0 2238.59
680 10.7486 74.8302 4.29128 0 0 2238.59
681 10.8006 74.8461 4.35623 0 0 2238.57
682 10.8655 74.8558 4.42247 0 0 2238.55
683 10.9431 74.8596 4.48997 0 0 2238.53
684 11.0328 74.8583 4.55872 0 0 2238.49
685 11.1337 74.853 4.62869 0 0 2238.46
686 11.2445 74.8449 4.69987 0 0 2238.41
687 11.3638 74.8357 4.77222 0 0 2238.36
688 11.4903 74.8269 4.84572 0 0 2238.3
689 11.6225 74.82 4.92034 0 0 2238.24
690 11.7592 74.8162 4.99604 0 0 2238.17
691 11.8993 74.8166 5.07281 0 0 2238.1
692 12.042 74.822 5.15059 0 0 2238.01
693 12.1869 74.8328 5.22936 0 0 2237.93
694 12.3339 74.8492 5.30907 0 0 2237.83
695 12.4831 74.8709 5.38969 0 0 2237.74
696 12.6348 74.8975 5.47118 0 0 2237.63
697 12.7898 74.9283 5.55348 0 0 2237.52
698 12.9488 74.9625 5.63655 0 0 2237.41
699 13.1127 74.999 5.72036 0 0 2237.29
700 13.2825 75.0371 5.80484 0 0 2237.16
701 13.4589 75.0758 5.88996 0 0 2237.03
702 13.6429 75.1143 5.97566 0 0 2236.89
703 13.835 75.1519 6.0619 0 0 2236.75
704 14.0359 75.188 6.14861 0 0 2236.6
705 14.2459 75.2223 6.23577 0 0 2236.45
706 14.4654 75.2546 6.32332 0 0 2236.3
707 14.6944 75.2847 6.4112 0 0 2236.14
708 14.933 75.3127 6.49938 0 0 2235.97
709 15.1811 75.3388 6.5878 0 0 2235.8
710 15.4385 75.363 6.67642 0 0 2235.63
711 15.705 75.3857 6.7652 0 0 2235.45
712 15.9803 75.407 6.85408 0 0 2235.27
713 16.2643 75.4273 6.94303 0 0 2235.08
714 16.5567 75.4469 7.03199 0 0 2234.89
715 16.8571 75.4659 7.12094 0 0 2234.7
716 17.1653 75.4846 7.20982 0 0 2234.5
717 17.481 75.5033 7.2986 0 0 2234.3
718 17.8039 75.5222 7.38723 0 0 2234.09
719 18.1336 75.5417 7.47568 0 0 2233.88
720 18.4697 75.5621 7.56391 0 0 2233.66
721 18.8116 75.5837 7.65189 0 0 2233.44
722 19.1587 75.6072 7.73958 0 0 2233.22
723 19.5104 75.6329 7.82697 0 0 2232.99
724 19.866 75.6614 7.91401 0 0 2232.76
725 20.2246 75.6934 8.0007 0 0 2232.53
726 20.5855 75.7292 8.087 0 0 2232.29
727 20.9478 75.7695 8.17289 0 0 2232.05
728 21.3109 75.8147 8.25837 0 0 2231.81
729 21.6742 75.8651 8.34342 0 0 2231.56
730 22.037 75.921 8.42802 0 0 2231.31
731 22.3989 75.9822 8.51217 0 0 2231.06
732 22.7598 76.0487 8.59586 0 0 2230.8
733 23.1197 76.12 8.67907 0 0 2230.54
734 23.4786 76.1956 8.76182 0 0 2230.28
735 23.8368 76.2746 8.84408 0 0 2230.02
736 24.1948 76.3563 8.92587 0 0 2229.75
737 24.5531 76.4395 9.00718 0 0 2229.49
738 24.9121 76.5234 9.08801 0 0 2229.22
739 25.2724 76.6068 9.16836 0 0 2228.95
740 25.6344 76.6888 9.24826 0 0 2228.68
741 25.9982 76.7687 9.32769 0 0 2228.41
742 26.3639 76.8459 9.40669 0 0 2228.14
743 26.7312 76.9201 9.48527 0 0 2227.86
744 27.0996 76.9913 9.56344 0 0 2227.59
745 27.4681 77.0597 9.64125 0 0 2227.32
746 27.8357 77.1259 9.71872 0 0 2227.05
747 28.2009 77.1907 9.79588 0 0 2226.78
748 28.562 77.2551 9.8728 0 0 2226.51
749 28.9172 77.3203 9.9495 0 0 2226.24
750 29.2647 77.3875 10.026 0 0 2225.97
751 29.6024 77.458 10.1025 0 0 2225.71
752 29.9285 77.5329 10.1789 0 0 2225.45
753 30.2415 77.6133 10.2553 0 0 2225.18
754 30.5397 77.6999 10.3318 0 0 2224.93
755 30.8221 77.7932 10.4085 0 0 2224.67
756 31.0879 77.8933 10.4854 0 0 2224.42
757 31.3367 78.0001 10.5625 0 0 2224.17
758 31.5685 78.1129 10.64 0 0 2223.92
759 31.7837 78.2308 10.7179 0 0 2223.67
760 31.9829 78.3525 10.7963 0 0 2223.43
761 32.1673 78.4765 10.8752 0 0 2223.2
762 32.338 78.6011 10.9547 0 0 2222.96
763 32.4965 78.7245 11.0349 0 0 2222.73
764 32.644 78.8448 11.1158 0 0 2222.51
765 32.7821 78.9604 11.1974 0 0 2222.29
766 32.9119 79.0696 11.2799 0 0 2222.07
767 33.0343 79.1713 11.3632 0 0 2221.86
768 33.15 79.2645 11.4475 0 0 2221.65
769 33.2593 79.3486 11.5329 0 0 2221.45
770 33.3621 79.4235 11.6193 0 0 2221.25
771 33.4579 79.4895 11.707 0 0 2221.06
772 33.5457 79.5474 11.7958 0 0 2220.87
773 33.6244 79.598 11.886 0 0 2220.69
774 33.6925 79.6429 11.9775 0 0 2220.51
775 33.7482 79.6834 12.0706 0 0 2220.34
776 33.79 79.7214 12.1651 0 0 2220.18
777 33.8158 79.7585 12.2613 0 0 2220.01
778 33.8242 79.7963 12.3591 0 0 2219.86
779 33.8135 79.8363 12.4587 0 0 2219.7
780 33.7827 79.8797 12.5601 0 0 2219.56
781 33.7308 79.9275 12.6633 0 0 2219.42
782 33.6575 79.98 12.7684 0 0 2219.28
783 33.5628 80.0375 12.8754 0 0 2219.15
784 33.447 80.0996 12.9843 0 0 2219.02
785 33.3112 80.1657 13.0952 0 0 2218.9
786 33.1565 80.2347 13.2081 0 0 2218.79
787 32.9844 80.3053 13.3229 0 0 2218.68
788 32.7968 80.3761 13.4396 0 0 2218.57
789 32.5955 80.4453 13.5583 0 0 2218.47
790 32.3825 80.5114 13.6789 0 0 2218.38
791 32.1598 80.5728 13.8014 0 0 2218.29
792 31.9289 80.6281 13.9256 0 0 2218.21
793 31.6915 80.6761 14.0517 0 0 2218.13
794 31.4486 80.7161 14.1796 0 0 2218.06
795 31.2013 80.7475 14.3091 0 0 2218
796 30.95 80.7702 14.4403 0 0 2217.94
797 30.6948 80.7846 14.5732 0 0 2217.88
798 30.4357 80.7911 14.7076 0 0 2217.83
799 30.172 80.7908 14.8435 0 0 2217.79
800 29.9031 80.7848 14.9808 0 0 2217.75
801 29.6281 80.7746 15.1196 0 0 2217.71
802 29.3462 80.7615 15.2597 0 0 2217.68
803 29.0562 80.7471 15.401 0 0 2217.66
804 28.7575 80.7328 15.5435 0 0 2217.64
805 28.4492 80.7199 15.6871 0 0 2217.63
806 28.1311 80.7095 15.8318 0 0 2217.62
807 27.8029 80.7022 15.9773 0 0 2217.61
808 27.4648 80.6985 16.1236 0 0 2217.61
809 27.1175 80.6987 16.2706 0 0 2217.61
810 26.7617 80.7023 16.4182 0 0 2217.61
811 26.3988 80.7089 16.5662 0 0 2217.62
812 26.0301 80.7176 16.7145 0 0 2217.63
813 25.6574 80.7274 16.863 0 0 2217.65
814 25.2825 80.7371 17.0116 0 0 2217.67
815 24.9072 80.7454 17.16 0 0 2217.69
816 24.5333 80.7512 17.3081 0 0 2217.71
817 24.1625 80.7532 17.4558 0 0 2217.74
818 23.7963 80.7507 17.603 0 0 2217.77
819 23.4359 80.7428 17.7494 0 0 2217.8
820 23.0821 80.7292 17.895 0 0 2217.83
821 22.7354 80.7098 18.0396 0 0 2217.86
822 22.3962 80.6849 18.1831 0 0 2217.9
823 22.0641 80.6552 18.3253 0 0 2217.93
824 21.7387 80.6214 18.4662 0 0 2217.97
825 21.4194 80.5847 18.6056 0 0 2218.01
826 21.1052 80.5464 18.7434 0 0 2218.05
827 20.7951 80.5079 18.8794 0 0 2218.09
828 20.488 80.4705 19.0137 0 0 2218.12
829 20.1832 80.4355 19.146 0 0 2218.16
830 19.8797 80.4041 19.2764 0 0 2218.2
831 19.577 80.3771 19.4046 0 0 2218.24
832 19.2749 80.3551 19.5306 0 0 2218.28
833 18.9734 80.3383 19.6543 0 0 2218.32
834 18.673 80.3266 19.7756 0 0 2218.36
835 18.3742 80.3195 19.8944 0 0 2218.4
836 18.0783 80.316 20.0106 0 0 2218.44
837 17.7866 80.3151 20.1242 0 0 2218.48
838 17.5005 80.3152 20.235 0 0 2218.52
839 17.2219 80.315 20.343 0 0 2218.55
840 16.9523 80.3126 20.448 0 0 2218.59
841 16.6936 80.3066 20.55 0 0 2218.62
842 16.4472 80.2954 20.6489 0 0 2218.66
843 16.2146 80.2776 20.7447 0 0 2218.69
844 15.9967 80.2523 20.8371 0 0 2218.73
845 15.7943 80.2188 20.9262 0 0 2218.76
846 15.6077 80.1767 21.0119 0 0 2218.79
847 15.4369 80.1261 21.094 0 0 2218.82
848 15.2815 80.0675 21.1726 0 0 2218.85
849 15.1407 80.0016 21.2476 0 0 2218.88
850 15.0133 79.9296 21.3189 0 0 2218.91
851 14.8982 79.8529 21.3865 0 0 2218.94
852 14.7937 79.7731 21.4502 0 0 2218.96
853 14.6983 79.6919 21.5101 0 0 2218.99
854 14.6105 79.6107 21.566 0 0 2219.01
855 14.5288 79.5313 21.618 0 0 2219.03
856 14.4521 79.4549 21.6659 0 0 2219.05
857 14.3792 79.3826 21.7098 0 0 2219.07
858 14.3096 79.3152 21.7496 0 0 2219.08
859 14.243 79.2531 21.7851 0 0 2219.1
860 14.1795 79.1963 21.8165 0 0 2219.11
861 14.1194 79.1444 21.8437 0 0 2219.12
862 14.0635 79.0968 21.8665 0 0 2219.13
863 14.0128 79.0525 21.8851 0 0 2219.13
864 13.9685 79.0103 21.8993 0 0 2219.14
865 13.932 78.9689 21.9091 0 0 2219.14
866 13.9046 78.9268 21.9146 0 0 2219.14
867 13.8876 78.8829 21.9156 0 0 2219.14
868 13.8821 78.8358 21.9123 0 0 2219.13
869 13.889 78.7847 21.9046 0 0 2219.12
870 13.909 78.7288 21.8924 0 0 2219.11
871 13.9423 78.6678 21.876 0 0 2219.1
872 13.9889 78.6017 21.8551 0 0 2219.09
873 14.0483 78.5308 21.83 0 0 2219.07
874 14.1197 78.4558 21.8005 0 0 2219.05
875 14.202 78.3776 21.7668 0 0 2219.03
876 14.294 78.2975 21.7289 0 0 2219.01
877 14.3941 78.2169 21.6869 0 0 2218.98
878 14.5008 78.1372 21.6407 0 0 2218.96
879 14.6125 78.0598 21.5904 0 0 2218.93
880 14.7278 77.9861 21.5362 0 0 2218.9
881 14.8454 77.9172 21.4779 0 0 2218.86
882 14.9641 77.854 21.4158 0 0 2218.83
883 15.0832 77.7973 21.3498 0 0 2218.79
884 15.2023 77.7473 21.2801 0 0 2218.75
885 15.321 77.704 21.2066 0 0 2218.71
886 15.4395 77.6672 21.1294 0 0 2218.67
887 15.5582 77.6364 21.0486 0 0 2218.63
888 15.6775 77.6108 20.9642 0 0 2218.58
889 15.7981 77.5896 20.8764 0 0 2218.54
890 15.9209 77.5718 20.7851 0 0 2218.49
891 16.0464 77.5564 20.6904 0 0 2218.44
892 16.1754 77.5427 20.5925 0 0 2218.39
893 16.3082 77.53 20.4913 0 0 2218.34
894 16.4453 77.5178 20.3869 0 0 2218.29
895 16.5865 77.5059 20.2795 0 0 2218.24
896 16.7317 77.4943 20.169 0 0 2218.19
897 16.8803 77.4835 20.0556 0 0 2218.14
898 17.0316 77.474 19.9394 0 0 2218.09
899 17.1847 77.4665 19.8203 0 0 2218.03
900 17.3384 77.462 19.6986 0 0 2217.98
901 17.4916 77.4616 19.5742 0 0 2217.92
902 17.6432 77.4664 19.4473 0 0 2217.87
903 17.7919 77.4772 19.318 0 0 2217.81
904 17.9369 77.4949 19.1863 0 0 2217.76
905 18.0773 77.5203 19.0523 0 0 2217.7
906 18.2125 77.5537 18.9161 0 0 2217.65
907 18.3424 77.5952 18.7777 0 0 2217.59
908 18.4669 77.6448 18.6373 0 0 2217.53
909 18.5863 77.702 18.495 0 0 2217.47
910 18.701 77.7662 18.3507 0 0 2217.42
911 18.8119 77.8366 18.2047 0 0 2217.36
912 18.9195 77.9121 18.057 0 0 2217.3
913 19.025 77.9917 17.9076 0 0 2217.24
914 19.129 78.0745 17.7567 0 0 2217.18
915 19.2323 78.1596 17.6043 0 0 2217.12
916 19.3355 78.2461 17.4506 0 0 2217.06
917 19.439 78.3335 17.2956 0 0 2217
918 19.5429 78.4216 17.1394 0 0 2216.94
919 19.647 78.5103 16.9821 0 0 2216.88
920 19.7509 78.5999 16.8239 0 0 2216.82
921 19.854 78.6908 16.6647 0 0 2216.76
922 19.9552 78.7838 16.5048 0 0 2216.71
923 20.0537 78.8797 16.3441 0 0 2216.65
924 20.1482 78.9796 16.1828 0 0 2216.59
925 20.2377 79.0844 16.0211 0 0 2216.53
926 20.3209 79.195 15.8589 0 0 2216.47
927 20.3968 79.3123 15.6964 0 0 2216.41
928 20.4648 79.4368 15.5336 0 0 2216.35
929 20.5242 79.5691 15.3707 0 0 2216.3
930 20.5746 79.7093 15.2078 0 0 2216.24
931 20.6161 79.8571 15.0449 0 0 2216.18
932 20.6488 80.0123 14.882 0 0 2216.13
933 20.6733 80.1742 14.7194 0 0 2216.07
934 20.6901 80.342 14.557 0 0 2216.02
935 20.7002 80.5146 14.395 0 0 2215.97
936 20.7044 80.6911 14.2334 0 0 2215.92
937 20.7037 80.8702 14.0723 0 0 2215.87
938 20.6991 81.0508 13.9117 0 0 2215.82
939 20.6913 81.2321 13.7518 0 0 2215.77
940 20.6811 81.4132 13.5927 0 0 2215.72
941 20.669 81.5935 13.4343 0 0 2215.68
942 20.6552 81.7725 13.2768 0 0 2215.64
943 20.6399 81.9501 13.1203 0 0 2215.59
944 20.6229 82.1263 12.9648 0 0 2215.55
945 20.6038 82.3014 12.8105 0 0 2215.51
946 20.5822 82.4758 12.6574 0 0 2215.48
947 20.5573 82.6502 12.5056 0 0 2215.44
948 20.5286 82.8251 12.3552 0 0 2215.41
949 20.4951 83.0014 12.2062 0 0 2215.37
950 20.4563 83.1796 12.0588 0 0 2215.34
951 20.4114 83.3604 11.913 0 0 2215.31
952 20.3599 83.5444 11.7689 0 0 2215.28
953 20.3015 83.7317 11.6266 0 0 2215.26
954 20.236 83.9227 11.4862 0 0 2215.23
955 20.1635 84.1172 11.3477 0 0 2215.21
956 20.0841 84.315 11.2111 0 0 2215.19
957 19.9982 84.5158 11.0766 0 0 2215.17
958 19.9064 84.7189 10.9441 0 0 2215.15
959 19.8094 84.9237 10.8139 0 0 2215.13
960 19.7078 85.1294 10.6858 0 0 2215.11
961 19.6024 85.3353 10.56 0 0 2215.09
962 19.4941 85.5405 10.4365 0 0 2215.08
963 19.3835 85.7444 10.3153 0 0 2215.07
964 19.2713 85.9463 10.1966 0 0 2215.06
965 19.1579 86.1457 10.0802 0 0 2215.05
966 19.0438 86.3421 9.96643 0 0 2215.04
967 18.9293 86.5353 9.85515 0 0 2215.03
968 18.8143 86.7253 9.74645 0 0 2215.03
969 18.6989 86.9119 9.64038 0 0 2215.03
970 18.583 87.0954 9.53697 0 0 2215.02
971 18.4662 87.276 9.43626 0 0 2215.02
972 18.3484 87.454 9.33828 0 0 2215.03
973 18.2293 87.6295 9.24308 0 0 2215.03
974 18.1085 87.8031 9.15067 0 0 2215.03
975 17.9858 87.9747 9.06108 0 0 2215.04
976 17.8611 88.1447 8.97432 0 0 2215.05
977 17.7343 88.3131 8.89043 0 0 2215.06
978 17.6055 88.4797 8.80939 0 0 2215.07
979 17.4749 88.6445 8.73123 0 0 2215.08
980 17.3427 88.8072 8.65594 0 0 2215.09
981 17.2094 88.9674 8.58351 0 0 2215.11
982 17.0754 89.1246 8.51395 0 0 2215.13
983 16.9412 89.2784 8.44724 0 0 2215.15
984 16.8074 89.4282 8.38336 0 0 2215.17
985 16.6746 89.5736 8.32231 0 0 2215.19
986 16.5431 89.714 8.26406 0 0 2215.22
987 16.4136 89.8491 8.2086 0 0 2215.24
988 16.2861 89.9787 8.1559 0 0 2215.27
989 16.1611 90.1025 8.10594 0 0 2215.3
990 16.0387 90.2206 8.05871 0 0 2215.33
991 15.9188 90.3329 8.01417 0 0 2215.37
992 15.8015 90.4396 7.97231 0 0 2215.4
993 15.6864 90.5411 7.9331 0 0 2215.44
994 15.5736 90.6375 7.89651 0 0 2215.48
995 15.4627 90.7293 7.86251 0 0 2215.52
996 15.3535 90.8167 7.83108 0 0 2215.56
997 15.246 90.9 7.80217 0 0 2215.6
998 15.1402 90.9792 7.77576 0 0 2215.64
999 15.0362 91.0545 7.7518 0 0 2215.69
1000 14.9342 91.1257 7.73025 0 0 2215.73
2000 21.0451 169.9 39.5927 0 0 2002.78
3000 20.0597 251.182 168.529 0 0 1691.49
4000 19.3044 198.019 196.186 0 0 1628.45
5000 19.2868 189.54 297.883 0 0 1532.76
6000 18.8602 204.631 180.407 0 0 1643.19
7000 19.4813 199.048 248.925 0 0 1593.33
8000 18.3325 185.892 242.509 0 0 1580.58
9000 18.9299 205.003 203.976 0 0 1630.56
10000 18.0941 194.422 231.356 0 0 1591.04
11000 18.9499 188.864 245.557 0 0 1580.39
12000 17.8891 204.793 229.463 0 0 1615.94
13000 18.8269 188.682 202.545 0 0 1623.12
14000 19.8855 198.52 303.605 0 0 1528.14
15000 18.7703 191.431 188.363 0 0 1641.36
16000 19.2745 185.516 251.047 0 0 1580.62
17000 18.5278 184.767 228.915 0 0 1613.6
18000 18.6496 182.183 214.171 0 0 1624.9
19000 19.1203 194.687 285.036 0 0 1554.09
20000 18.7808 180.947 193.014 0 0 1642.04
21000 19.3272 189.735 285.111 0 0 1549.51
22000 19.2225 179.573 182.281 0 0 1666.61
23000 19.7677 191.321 259.547 0 0 1569.06
24000 19.2005 185.548 241.515 0 0 1596.63
25000 19.6255 180.371 207.007 0 0 1638.74
26000 20.0116 187.569 277.885 0 0 1554.45
27000 17.4022 181.381 186.546 0 0 1657.41
28000 18.297 190.337 254.293 0 0 1570.92
29000 19.4181 186.237 219.362 0 0 1620.18
30000 17.9102 191.009 248.935 0 0 1584.16
