1     0.00913818        2305.51        2305.52        2305.52     0.00359309    -0.00359482
2      0.0360934        2305.49        2305.52        2305.52      0.0143587     -0.0143758
3      0.0795218        2305.44        2305.52        2305.52      0.0322568     -0.0323328
4       0.137293        2305.39        2305.52        2305.52      0.0572241     -0.0574492
5       0.206649        2305.32        2305.52        2305.52       0.089179     -0.0897031
6       0.284403        2305.24        2305.52        2305.52       0.128027      -0.129068
7       0.367177        2305.16        2305.52        2305.52       0.173668      -0.175515
8       0.451646        2305.07        2305.52        2305.52       0.226002      -0.229012
9       0.534779        2304.99        2305.53        2305.52       0.284936      -0.289527
10        0.61406        2304.91        2305.53        2305.52       0.350385      -0.357029
11        0.68766        2304.84        2305.53        2305.52        0.42228      -0.431486
12       0.754561        2304.78        2305.53        2305.52       0.500563      -0.512871
13       0.814621        2304.72        2305.54        2305.52       0.585191      -0.601158
14       0.868556        2304.67        2305.54        2305.52       0.676128      -0.696323
15       0.917876        2304.63        2305.55        2305.52        0.77334      -0.798345
16       0.964741        2304.59        2305.55        2305.52       0.876791      -0.907205
17        1.01178        2304.55        2305.56        2305.52       0.986436       -1.02288
18        1.06189         2304.5        2305.57        2305.52        1.10221       -1.14536
19        1.11795        2304.46        2305.57        2305.52        1.22403       -1.27462
20        1.18267         2304.4        2305.58        2305.52        1.35179       -1.41063
21        1.25831        2304.33        2305.59        2305.52        1.48533       -1.55337
22        1.34653        2304.25         2305.6        2305.52         1.6245        -1.7028
23        1.44828        2304.16        2305.61        2305.52        1.76908        -1.8589
24        1.56372        2304.06        2305.63        2305.52        1.91886       -2.02162
25        1.69223        2303.95        2305.64        2305.52         2.0736        -2.1909
26        1.83248        2303.82        2305.66        2305.52        2.23306        -2.3667
27        1.98253        2303.69        2305.67        2305.52        2.39697       -2.54897
28        2.14002        2303.55        2305.69        2305.52        2.56511       -2.73763
29        2.30238        2303.41        2305.72        2305.52        2.73724       -2.93262
30          2.467        2303.28        2305.74        2305.52        2.91317       -3.13387
31        2.63151        2303.14        2305.77        2305.52        3.09271       -3.34132
32        2.79393        2303.01         2305.8        2305.52        3.27571       -3.55488
33        2.95284        2302.88        2305.83        2305.52        3.46204        -3.7745
34         3.1075        2302.76        2305.87        2305.52        3.65157        -4.0001
35        3.25789        2302.65        2305.91        2305.52        3.84422       -4.23162
36        3.40474        2302.55        2305.95        2305.52        4.03986       -4.46898
37         3.5494        2302.45           2306        2305.52         4.2384       -4.71211
38        3.69378        2302.35        2306.04        2305.52         4.4397       -4.96095
39        3.84014        2302.25        2306.09        2305.52        4.64361       -5.21544
40         3.9909        2302.16        2306.15        2305.52        4.84995       -5.47549
41        4.14848        2302.06         2306.2        2305.52        5.05849       -5.74104
42          4.315        2301.95        2306.27        2305.52        5.26897       -6.01201
43        4.49218        2301.84        2306.33        2305.52         5.4811       -6.28832
44        4.68113        2301.72         2306.4        2305.52        5.69453       -6.56988
45        4.88229        2301.59        2306.47        2305.52        5.90893        -6.8566
46        5.09535        2301.45        2306.55        2305.52        6.12393       -7.14839
47        5.31924        2301.31        2306.63        2305.52        6.33916       -7.44513
48        5.55228        2301.16        2306.71        2305.52        6.55427       -7.74673
49        5.79219        2301.01        2306.81        2305.52        6.76895       -8.05307
50        6.03638        2300.87         2306.9        2305.52        6.98289       -8.36403
51        6.28204        2300.72           2307        2305.52        7.19586        -8.6795
52        6.52643        2300.59        2307.11        2305.52        7.40766       -8.99935
53        6.76706        2300.46        2307.23        2305.52        7.61813       -9.32346
54        7.00189        2300.34        2307.35        2305.52        7.82717       -9.65171
55        7.22948        2300.24        2307.47        2305.52        8.03472       -9.98399
56        7.44916        2300.15         2307.6        2305.52        8.24075       -10.3202
57          7.661        2300.08        2307.74        2305.52        8.44523       -10.6601
58         7.8659        2300.01        2307.88        2305.52        8.64814       -11.0038
59        8.06544        2299.96        2308.02        2305.52        8.84945        -11.351
60        8.26181        2299.91        2308.17        2305.52         9.0491       -11.7016
61        8.45764        2299.87        2308.33        2305.52        9.24698       -12.0556
62        8.65576        2299.84        2308.49        2305.52        9.44296       -12.4128
63        8.85899         2299.8        2308.66        2305.52        9.63683       -12.7731
64        9.06992        2299.76        2308.83        2305.52        9.82834       -13.1365
65        9.29068        2299.72        2309.01        2305.52        10.0172       -13.5026
66        9.52278        2299.67        2309.19        2305.52        10.2031       -13.8716
67        9.76695        2299.61        2309.38        2305.52        10.3856       -14.2432
68        10.0231        2299.55        2309.58        2305.52        10.5644       -14.6172
69        10.2902        2299.49        2309.78        2305.52        10.7391       -14.9936
70        10.5665        2299.42        2309.98        2305.52        10.9094       -15.3722
71        10.8496        2299.35         2310.2        2305.52        11.0751       -15.7529
72        11.1364        2299.28        2310.42        2305.52        11.2358       -16.1354
73        11.4236        2299.23        2310.65        2305.52        11.3914       -16.5197
74        11.7079        2299.18        2310.89        2305.52        11.5418       -16.9056
75         11.986        2299.14        2311.13        2305.52        11.6871        -17.293
76        12.2549        2299.12        2311.38        2305.52        11.8272       -17.6816
77        12.5126        2299.12        2311.63        2305.52        11.9624       -18.0714
78        12.7574        2299.13        2311.89        2305.52        12.0927       -18.4621
79        12.9887        2299.17        2312.16        2305.52        12.2183       -18.8538
80        13.2068        2299.22        2312.43        2305.52        12.3396       -19.2461
81        13.4127        2299.29         2312.7        2305.52        12.4566       -19.6391
82        13.6085        2299.38        2312.98        2305.52        12.5697       -20.0326
83        13.7965        2299.47        2313.27        2305.52        12.6788       -20.4264
84        13.9798        2299.58        2313.56        2305.52        12.7841       -20.8205
85        14.1615        2299.69        2313.85        2305.52        12.8857       -21.2147
86        14.3446         2299.8        2314.15        2305.52        12.9835       -21.6089
87         14.532        2299.92        2314.45        2305.52        13.0774       -22.0031
88         14.726        2300.03        2314.75        2305.52        13.1673        -22.397
89        14.9279        2300.13        2315.06        2305.52        13.2531       -22.7907
90        15.1386        2300.23        2315.37        2305.52        13.3344       -23.1839
91        15.3578        2300.33        2315.69        2305.52        13.4112       -23.5766
92        15.5842        2300.42        2316.01        2305.52        13.4832       -23.9686
93        15.8157        2300.52        2316.33        2305.52        13.5504       -24.3598
94        16.0495        2300.61        2316.66        2305.52        13.6126       -24.7501
95        16.2822        2300.71        2316.99        2305.52        13.6698       -25.1393
96        16.5098        2300.82        2317.33        2305.52        13.7222       -25.5274
97        16.7286        2300.94        2317.67        2305.52        13.7698       -25.9143
98        16.9347        2301.07        2318.01        2305.52         13.813       -26.2997
99        17.1248        2301.23        2318.35        2305.52        13.8519       -26.6836
100        17.2962         2301.4         2318.7        2305.52        13.8871       -27.0659
101        17.4469         2301.6        2319.05        2305.52        13.9189       -27.4466
102         17.576        2301.82         2319.4        2305.52        13.9477       -27.8254
103        17.6835        2302.07        2319.75        2305.52         13.974       -28.2024
104        17.7705        2302.33         2320.1        2305.52        13.9982       -28.5775
105         17.839        2302.61        2320.45        2305.52        14.0208       -28.9506
106        17.8915        2302.91         2320.8        2305.52        14.0421       -29.3217
107        17.9315        2303.22        2321.15        2305.52        14.0624       -29.6907
108        17.9625        2303.54         2321.5        2305.52        14.0818       -30.0577
109        17.9881        2303.86        2321.85        2305.52        14.1006       -30.4225
110        18.0119        2304.18        2322.19        2305.52        14.1188       -30.7852
111        18.0368         2304.5        2322.53        2305.52        14.1365       -31.1457
112        18.0651        2304.81        2322.87        2305.52        14.1535        -31.504
113        18.0982        2305.12        2323.21        2305.52        14.1698       -31.8601
114        18.1367        2305.42        2323.55        2305.52        14.1854       -32.2139
115        18.1799        2305.71        2323.89        2305.52        14.2001       -32.5655
116        18.2265           2306        2324.22        2305.52        14.2138       -32.9148
117        18.2739        2306.28        2324.56        2305.52        14.2267       -33.2618
118        18.3191        2306.57        2324.89        2305.52        14.2385       -33.6064
119        18.3586        2306.86        2325.22        2305.52        14.2496       -33.9486
120        18.3884        2307.16        2325.55        2305.52        14.2599       -34.2885
121        18.4048        2307.47        2325.88        2305.52        14.2697       -34.6259
122        18.4043         2307.8         2326.2        2305.52        14.2794        -34.961
123        18.3841        2308.14        2326.53        2305.52        14.2891       -35.2936
124         18.342         2308.5        2326.85        2305.52        14.2993       -35.6238
125        18.2769        2308.89        2327.16        2305.52        14.3104       -35.9516
126        18.1886        2309.29        2327.48        2305.52        14.3227        -36.277
127        18.0781        2309.71        2327.79        2305.52        14.3366       -36.6001
128        17.9475        2310.14        2328.09        2305.52        14.3524       -36.9209
129        17.7995        2310.59        2328.39        2305.52        14.3704       -37.2395
130         17.638        2311.05        2328.69        2305.52         14.391       -37.5558
131        17.4671        2311.51        2328.98        2305.52        14.4141       -37.8701
132        17.2913        2311.98        2329.27        2305.52        14.4399       -38.1822
133        17.1149        2312.43        2329.55        2305.52        14.4685       -38.4924
134        16.9421        2312.88        2329.83        2305.52        14.4997       -38.8007
135        16.7764        2313.32         2330.1        2305.53        14.5334       -39.1071
136        16.6207        2313.75        2330.37        2305.53        14.5696       -39.4118
137        16.4768        2314.16        2330.63        2305.53        14.6079       -39.7147
138        16.3456        2314.55        2330.89        2305.53        14.6482       -40.0159
139        16.2267        2314.92        2331.15        2305.53        14.6903       -40.3155
140         16.119        2315.29         2331.4        2305.52        14.7339       -40.6136
141        16.0203        2315.64        2331.66        2305.52        14.7789       -40.9101
142        15.9277        2315.98         2331.9        2305.52        14.8252       -41.2052
143        15.8377        2316.31        2332.15        2305.52        14.8726       -41.4988
144        15.7469        2316.65        2332.39        2305.52        14.9212        -41.791
145        15.6515        2316.98        2332.63        2305.52         14.971       -42.0818
146        15.5482        2317.32        2332.87        2305.52        15.0221       -42.3713
147        15.4344        2317.67        2333.11        2305.52        15.0747       -42.6595
148        15.3081        2318.03        2333.34        2305.52        15.1288       -42.9465
149        15.1682         2318.4        2333.57        2305.52        15.1847       -43.2322
150         15.015        2318.78         2333.8        2305.52        15.2426       -43.5169
151        14.8496        2319.17        2334.02        2305.52        15.3026       -43.8005
152        14.6743        2319.57        2334.24        2305.52         15.365       -44.0831
153        14.4922        2319.97        2334.46        2305.52        15.4298       -44.3647
154        14.3073        2320.37        2334.67        2305.53        15.4971       -44.6455
155        14.1243        2320.76        2334.88        2305.53         15.567       -44.9255
156        13.9478        2321.14        2335.09        2305.53        15.6393       -45.2048
157        13.7828        2321.51         2335.3        2305.53         15.714       -45.4834
158        13.6337        2321.86         2335.5        2305.53        15.7908       -45.7614
159        13.5045        2322.19         2335.7        2305.53        15.8695        -46.039
160        13.3984        2322.49        2335.89        2305.53        15.9498        -46.316
161        13.3176        2322.77        2336.09        2305.53        16.0314       -46.5926
162        13.2632        2323.02        2336.28        2305.53        16.1138       -46.8688
163        13.2352        2323.24        2336.47        2305.53        16.1966       -47.1446
164        13.2323        2323.43        2336.67        2305.53        16.2796       -47.4201
165        13.2525        2323.61        2336.86        2305.53        16.3624       -47.6952
166        13.2926        2323.76        2337.05        2305.53        16.4446       -47.9699
167        13.3491        2323.89        2337.24        2305.53         16.526       -48.2442
168        13.4179        2324.02        2337.44        2305.53        16.6063       -48.5182
169         13.495        2324.14        2337.63        2305.52        16.6855       -48.7917
170        13.5766        2324.25        2337.83        2305.52        16.7634       -49.0647
171        13.6593        2324.36        2338.02        2305.52        16.8399       -49.3373
172        13.7406        2324.48        2338.22        2305.52        16.9152       -49.6093
173        13.8188         2324.6        2338.42        2305.52        16.9891       -49.8809
174        13.8934        2324.72        2338.61        2305.52        17.0619       -50.1518
175        13.9649        2324.85        2338.81        2305.52        17.1334       -50.4222
176        14.0352        2324.98        2339.01        2305.52        17.2037        -50.692
177        14.1068        2325.11        2339.21        2305.53        17.2729       -50.9612
178        14.1833        2325.23        2339.41        2305.53        17.3408       -51.2297
179        14.2689        2325.35        2339.62        2305.53        17.4074       -51.4975
180        14.3681        2325.45        2339.82        2305.53        17.4726       -51.7647
181        14.4853        2325.54        2340.02        2305.53         17.536       -52.0311
182        14.6249         2325.6        2340.23        2305.53        17.5975       -52.2968
183        14.7905        2325.64        2340.43        2305.53        17.6567       -52.5618
184         14.985        2325.65        2340.64        2305.53        17.7131       -52.8258
185        15.2101        2325.64        2340.85        2305.53        17.7664        -53.089
186        15.4664         2325.6        2341.06        2305.53        17.8162       -53.3511
187        15.7534        2325.52        2341.28        2305.53        17.8621       -53.6122
188        16.0692        2325.43        2341.49        2305.53        17.9036       -53.8722
189        16.4108        2325.31        2341.72        2305.53        17.9404       -54.1308
190        16.7743        2325.17        2341.94        2305.53        17.9722       -54.3881
191        17.1551        2325.02        2342.17        2305.53        17.9988       -54.6439
192        17.5479        2324.85         2342.4        2305.52          18.02        -54.898
193        17.9479        2324.69        2342.64        2305.52        18.0358       -55.1504
194        18.3499        2324.53        2342.88        2305.52        18.0462        -55.401
195        18.7497        2324.37        2343.12        2305.52        18.0512       -55.6495
196        19.1437        2324.23        2343.37        2305.52         18.051       -55.8958
197        19.5296        2324.09        2343.62        2305.52        18.0458       -56.1399
198        19.9063        2323.96        2343.87        2305.52        18.0357       -56.3816
199        20.2738        2323.85        2344.12        2305.52        18.0211       -56.6208
200        20.6339        2323.75        2344.38        2305.52         18.002       -56.8574
201        20.9891        2323.65        2344.64        2305.52        17.9788       -57.0913
202        21.3433        2323.55         2344.9        2305.53        17.9515       -57.3224
203         21.701        2323.45        2345.16        2305.53        17.9202       -57.5505
204        22.0673        2323.35        2345.42        2305.53        17.8851       -57.7756
205        22.4471        2323.23        2345.68        2305.53         17.846       -57.9976
206        22.8451        2323.09        2345.94        2305.53         17.803       -58.2164
207        23.2653        2322.94         2346.2        2305.53         17.756       -58.4318
208        23.7108        2322.75        2346.47        2305.53         17.705       -58.6437
209        24.1831        2322.55        2346.73        2305.53        17.6497       -58.8521
210        24.6824        2322.31        2346.99        2305.53        17.5901       -59.0566
211        25.2071        2322.05        2347.26        2305.53        17.5263       -59.2573
212         25.754        2321.77        2347.52        2305.53        17.4581        -59.454
213        26.3186        2321.47        2347.79        2305.53        17.3858       -59.6464
214        26.8947        2321.16        2348.05        2305.53        17.3094       -59.8345
215        27.4754        2320.84        2348.31        2305.52        17.2293        -60.018
216         28.053        2320.52        2348.58        2305.52        17.1457       -60.1967
217        28.6196        2320.22        2348.84        2305.52        17.0592       -60.3706
218        29.1676        2319.93        2349.09        2305.52        16.9701       -60.5394
219        29.6899        2319.66        2349.35        2305.52        16.8792        -60.703
220        30.1808        2319.42         2349.6        2305.52         16.787       -60.8612
221        30.6358        2319.21        2349.84        2305.52        16.6942        -61.014
222        31.0522        2319.03        2350.08        2305.52        16.6014        -61.161
223         31.429        2318.89        2350.32        2305.52        16.5092       -61.3024
224        31.7671        2318.78        2350.54        2305.52        16.4181        -61.438
225        32.0694        2318.69        2350.76        2305.52        16.3289       -61.5676
226        32.3402        2318.63        2350.97        2305.52        16.2418       -61.6913
227        32.5849        2318.59        2351.18        2305.53        16.1573        -61.809
228          32.81        2318.56        2351.37        2305.53        16.0757       -61.9207
229        33.0223        2318.53        2351.56        2305.53        15.9973       -62.0263
230        33.2284         2318.5        2351.73        2305.53        15.9223       -62.1257
231        33.4345        2318.46         2351.9        2305.53        15.8508       -62.2191
232        33.6456         2318.4        2352.05        2305.53        15.7831       -62.3063
233        33.8653        2318.33         2352.2        2305.53        15.7191       -62.3873
234        34.0956        2318.23        2352.33        2305.53        15.6592        -62.462
235        34.3364        2318.12        2352.45        2305.53        15.6033       -62.5306
236        34.5858        2317.98        2352.57        2305.53        15.5517       -62.5928
237        34.8401        2317.83        2352.67        2305.53        15.5045       -62.6487
238        35.0937        2317.67        2352.76        2305.53         15.462       -62.6982
239          35.34         2317.5        2352.84        2305.53        15.4244       -62.7412
240        35.5714        2317.34        2352.91        2305.53        15.3918       -62.7777
241        35.7799        2317.19        2352.97        2305.53        15.3646       -62.8078
242        35.9576        2317.06        2353.01        2305.52        15.3429       -62.8312
243        36.0972        2316.95        2353.05        2305.52        15.3269       -62.8481
244        36.1927        2316.87        2353.07        2305.52        15.3168       -62.8584
245        36.2396        2316.83        2353.07        2305.52        15.3126       -62.8621
246        36.2351        2316.83        2353.07        2305.52        15.3145       -62.8592
247        36.1785        2316.87        2353.05        2305.52        15.3222       -62.8499
248        36.0714        2316.95        2353.02        2305.52        15.3357        -62.834
249        35.9172        2317.06        2352.98        2305.52        15.3548       -62.8118
250        35.7211        2317.21        2352.93        2305.52        15.3793       -62.7834
251        35.4898        2317.38        2352.87        2305.53        15.4089       -62.7488
252        35.2309        2317.56        2352.79        2305.53        15.4433       -62.7081
253        34.9525        2317.75        2352.71        2305.53        15.4821       -62.6615
254        34.6628        2317.95        2352.61        2305.53        15.5251       -62.6092
255        34.3693        2318.14        2352.51        2305.53        15.5719       -62.5512
256        34.0785        2318.31        2352.39        2305.53        15.6222       -62.4878
257        33.7951        2318.48        2352.27        2305.53        15.6757        -62.419
258        33.5225        2318.62        2352.14        2305.53        15.7323        -62.345
259        33.2618        2318.74           2352        2305.53        15.7918       -62.2659
260        33.0123        2318.84        2351.85        2305.53        15.8538       -62.1818
261        32.7712        2318.93         2351.7        2305.53        15.9184        -62.093
262        32.5341        2319.01        2351.54        2305.53        15.9853       -61.9994
263        32.2954        2319.08        2351.37        2305.53        16.0542       -61.9012
264        32.0485        2319.15         2351.2        2305.53         16.125       -61.7985
265        31.7864        2319.23        2351.02        2305.52        16.1975       -61.6914
266        31.5024        2319.33        2350.83        2305.52        16.2713         -61.58
267        31.1902        2319.45        2350.64        2305.52         16.346       -61.4645
268        30.8449         2319.6        2350.45        2305.52        16.4213        -61.345
269        30.4628        2319.79        2350.25        2305.52        16.4966       -61.2217
270        30.0423           2320        2350.05        2305.52        16.5716       -61.0947
271        29.5834        2320.26        2349.84        2305.52        16.6456       -60.9641
272        29.0883        2320.55        2349.64        2305.52        16.7182       -60.8302
273        28.5608        2320.87        2349.43        2305.52        16.7888       -60.6932
274        28.0066        2321.21        2349.22        2305.52         16.857       -60.5533
275        27.4324        2321.58        2349.01        2305.52        16.9222       -60.4107
276        26.8458        2321.96        2348.81        2305.52        16.9842       -60.2656
277         26.255        2322.35         2348.6        2305.53        17.0426       -60.1182
278        25.6677        2322.73         2348.4        2305.53        17.0971       -59.9689
279        25.0913         2323.1         2348.2        2305.53        17.1477       -59.8177
280        24.5322        2323.46           2348        2305.53        17.1942       -59.6651
281        23.9951        2323.81         2347.8        2305.53        17.2368        -59.511
282        23.4836        2324.12        2347.61        2305.53        17.2753       -59.3559
283         22.999        2324.42        2347.42        2305.53          17.31       -59.1997
284        22.5412        2324.69        2347.23        2305.53         17.341       -59.0429
285        22.1083        2324.93        2347.04        2305.53        17.3685       -58.8854
286        21.6967        2325.16        2346.86        2305.53        17.3925       -58.7276
287        21.3017        2325.38        2346.68        2305.53        17.4132       -58.5694
288        20.9179        2325.59        2346.51        2305.53        17.4306       -58.4112
289        20.5392        2325.79        2346.33        2305.52        17.4449        -58.253
290        20.1595           2326        2346.16        2305.52         17.456       -58.0949
291        19.7733        2326.22           2346        2305.52         17.464       -57.9372
292        19.3756        2326.46        2345.83        2305.52        17.4686       -57.7798
293        18.9628        2326.71        2345.68        2305.52        17.4699       -57.6231
294        18.5323        2326.99        2345.52        2305.52        17.4678       -57.4671
295        18.0831        2327.29        2345.37        2305.52         17.462       -57.3121
296        17.6159        2327.61        2345.23        2305.52        17.4526        -57.158
297        17.1326        2327.96        2345.09        2305.52        17.4394       -57.0053
298        16.6367        2328.32        2344.96        2305.52        17.4225       -56.8539
299        16.1325        2328.69        2344.83        2305.52        17.4018       -56.7041
300        15.6252        2329.08         2344.7        2305.52        17.3774        -56.556
301        15.1207        2329.46        2344.59        2305.52        17.3494       -56.4099
302        14.6246        2329.85        2344.47        2305.53         17.318       -56.2659
303        14.1426        2330.22        2344.37        2305.53        17.2835       -56.1243
304        13.6797        2330.58        2344.26        2305.53        17.2462       -55.9851
305        13.2398        2330.93        2344.17        2305.53        17.2062       -55.8485
306        12.8262        2331.25        2344.08        2305.53        17.1641       -55.7147
307        12.4405        2331.55        2343.99        2305.53        17.1202       -55.5838
308        12.0834        2331.82        2343.91        2305.53        17.0748        -55.456
309        11.7541        2332.07        2343.83        2305.53        17.0282       -55.3313
310        11.4509         2332.3        2343.75        2305.53        16.9809       -55.2099
311        11.1708        2332.51        2343.68        2305.53         16.933       -55.0919
312        10.9102        2332.71        2343.62        2305.53         16.885       -54.9774
313        10.6653        2332.89        2343.55        2305.53        16.8369       -54.8664
314        10.4316        2333.06        2343.49        2305.52         16.789        -54.759
315        10.2051        2333.23        2343.44        2305.52        16.7416       -54.6554
316         9.9822         2333.4        2343.39        2305.52        16.6946       -54.5555
317        9.75971        2333.58        2343.34        2305.52        16.6484       -54.4594
318        9.53543        2333.75        2343.29        2305.52        16.6029       -54.3672
319        9.30812        2333.94        2343.24        2305.52        16.5583       -54.2789
320        9.07752        2334.13         2343.2        2305.52        16.5147       -54.1947
321        8.84444        2334.32        2343.17        2305.52        16.4723       -54.1146
322        8.61061        2334.52        2343.13        2305.52        16.4311       -54.0386
323        8.37861        2334.72         2343.1        2305.52        16.3913       -53.9669
324        8.15164        2334.92        2343.07        2305.53        16.3531       -53.8995
325         7.9333        2335.11        2343.05        2305.53        16.3167       -53.8364
326        7.72739        2335.29        2343.02        2305.53        16.2821       -53.7778
327        7.53765        2335.46           2343        2305.53        16.2496       -53.7236
328         7.3675        2335.61        2342.98        2305.53        16.2193        -53.674
329        7.21985        2335.74        2342.96        2305.53        16.1915        -53.629
330        7.09695        2335.85        2342.95        2305.53        16.1662       -53.5886
331        7.00025        2335.94        2342.94        2305.53        16.1436       -53.5529
332        6.93034        2335.99        2342.92        2305.53        16.1238       -53.5218
333        6.88697        2336.03        2342.91        2305.53        16.1069       -53.4954
334        6.86904        2336.04        2342.91        2305.53        16.0929       -53.4737
335        6.87481        2336.03         2342.9        2305.53        16.0819       -53.4566
336        6.90194        2335.99         2342.9        2305.53        16.0738       -53.4442
337        6.94774        2335.95        2342.89        2305.53        16.0687       -53.4363
338        7.00935        2335.88        2342.89        2305.53        16.0665       -53.4331
339        7.08393        2335.81        2342.89        2305.53        16.0671       -53.4344
340        7.16887        2335.73        2342.89        2305.53        16.0706       -53.4402
341        7.26195        2335.64         2342.9        2305.53        16.0768       -53.4504
342        7.36149        2335.54         2342.9        2305.53        16.0856        -53.465
343        7.46643        2335.45        2342.91        2305.52         16.097       -53.4839
344        7.57638        2335.34        2342.92        2305.52        16.1108       -53.5071
345        7.69163        2335.24        2342.93        2305.53         16.127       -53.5346
346         7.8131        2335.13        2342.95        2305.53        16.1456       -53.5662
347        7.94225        2335.02        2342.96        2305.53        16.1663       -53.6019
348        8.08094         2334.9        2342.98        2305.53         16.189       -53.6416
349        8.23133        2334.77           2343        2305.53        16.2138       -53.6854
350        8.39565        2334.62        2343.02        2305.53        16.2403        -53.733
351        8.57607        2334.47        2343.04        2305.53        16.2686       -53.7844
352        8.77457        2334.29        2343.07        2305.53        16.2983       -53.8396
353        8.99274         2334.1        2343.09        2305.53        16.3294       -53.8985
354        9.23175        2333.89        2343.13        2305.53        16.3616       -53.9609
355         9.4922        2333.67        2343.16        2305.53        16.3948       -54.0268
356        9.77418        2333.42        2343.19        2305.53        16.4286        -54.096
357        10.0772        2333.15        2343.23        2305.53         16.463       -54.1685
358        10.4003        2332.87        2343.27        2305.53        16.4975       -54.2441
359        10.7422        2332.57        2343.32        2305.53         16.532       -54.3226
360        11.1011        2332.26        2343.36        2305.53        16.5663        -54.404
361        11.4754        2331.94        2343.41        2305.53        16.6001       -54.4881
362        11.8632         2331.6        2343.47        2305.53        16.6331       -54.5747
363        12.2628        2331.26        2343.52        2305.53        16.6653       -54.6638
364        12.6728        2330.91        2343.58        2305.52        16.6962        -54.755
365         13.092        2330.56        2343.65        2305.52        16.7259       -54.8483
366        13.5199        2330.19        2343.71        2305.52         16.754       -54.9435
367         13.956        2329.83        2343.79        2305.52        16.7804       -55.0405
368        14.4005        2329.46        2343.86        2305.52         16.805        -55.139
369         14.854        2329.08        2343.94        2305.52        16.8275       -55.2389
370        15.3172         2328.7        2344.02        2305.53        16.8478       -55.3401
371        15.7911        2328.31         2344.1        2305.53        16.8659       -55.4422
372        16.2768        2327.91        2344.19        2305.53        16.8814       -55.5453
373        16.7752         2327.5        2344.28        2305.53        16.8944        -55.649
374        17.2872        2327.09        2344.37        2305.53        16.9047       -55.7531
375        17.8132        2326.66        2344.47        2305.53        16.9121       -55.8576
376        18.3533        2326.22        2344.57        2305.53        16.9165       -55.9621
377        18.9072        2325.77        2344.67        2305.53         16.918       -56.0666
378         19.474        2325.31        2344.78        2305.53        16.9163       -56.1707
379        20.0524        2324.84        2344.89        2305.53        16.9116       -56.2742
380        20.6405        2324.36           2345        2305.52        16.9036        -56.377
381        21.2363        2323.87        2345.11        2305.52        16.8926       -56.4789
382        21.8373        2323.39        2345.23        2305.52        16.8785       -56.5795
383        22.4411         2322.9        2345.34        2305.52        16.8615       -56.6787
384        23.0451        2322.41        2345.46        2305.52        16.8415       -56.7762
385        23.6471        2321.93        2345.58        2305.52         16.819       -56.8719
386        24.2449        2321.45         2345.7        2305.52        16.7939       -56.9655
387         24.837        2320.98        2345.81        2305.52        16.7665       -57.0568
388         25.422        2320.51        2345.93        2305.52        16.7372       -57.1456
389        25.9991        2320.05        2346.05        2305.52        16.7061       -57.2317
390        26.5682         2319.6        2346.17        2305.52        16.6735       -57.3148
391        27.1293        2319.15        2346.28        2305.52        16.6397       -57.3947
392        27.6829        2318.71        2346.39        2305.52        16.6051       -57.4713
393        28.2299        2318.27         2346.5        2305.52        16.5699       -57.5443
394        28.7709        2317.83         2346.6        2305.52        16.5345       -57.6136
395        29.3069         2317.4         2346.7        2305.53        16.4992        -57.679
396        29.8384        2316.96         2346.8        2305.53        16.4644       -57.7402
397        30.3658        2316.53        2346.89        2305.53        16.4304       -57.7971
398        30.8888        2316.09        2346.98        2305.53        16.3976       -57.8495
399        31.4069        2315.65        2347.06        2305.53        16.3663       -57.8973
400        31.9188        2315.21        2347.13        2305.53         16.337       -57.9401
401        32.4227        2314.77        2347.19        2305.53        16.3101        -57.978
402        32.9164        2314.33        2347.25        2305.53        16.2859       -58.0106
403        33.3972         2313.9         2347.3        2305.52        16.2649       -58.0378
404        33.8621        2313.47        2347.34        2305.52        16.2476       -58.0595
405        34.3079        2313.06        2347.37        2305.52        16.2342       -58.0754
406        34.7316        2312.65        2347.38        2305.52        16.2253       -58.0855
407        35.1303        2312.26        2347.39        2305.52        16.2212       -58.0896
408        35.5014        2311.89        2347.39        2305.52        16.2224       -58.0876
409        35.8429        2311.53        2347.37        2305.52         16.229       -58.0793
410        36.1534        2311.19        2347.35        2305.52        16.2415       -58.0646
411        36.4322        2310.88        2347.31        2305.52        16.2602       -58.0435
412        36.6791        2310.58        2347.26        2305.52        16.2852       -58.0158
413        36.8949        2310.29        2347.19        2305.52        16.3168       -57.9815
414        37.0807        2310.03        2347.11        2305.52        16.3551       -57.9405
415        37.2381        2309.78        2347.02        2305.52        16.4002       -57.8928
416        37.3692        2309.54        2346.91        2305.53        16.4523       -57.8383
417         37.476        2309.31        2346.79        2305.53        16.5113       -57.7769
418        37.5606         2309.1        2346.66        2305.53        16.5773       -57.7088
419        37.6248        2308.88        2346.51        2305.53        16.6503       -57.6338
420          37.67        2308.68        2346.35        2305.53        16.7302        -57.552
421        37.6972        2308.47        2346.17        2305.53        16.8171       -57.4633
422        37.7067        2308.28        2345.98        2305.53        16.9108       -57.3679
423        37.6982        2308.08        2345.78        2305.53        17.0112       -57.2655
424        37.6707        2307.89        2345.56        2305.53        17.1182       -57.1565
425        37.6227        2307.71        2345.33        2305.53        17.2317       -57.0406
426        37.5523        2307.54        2345.09        2305.52        17.3514        -56.918
427        37.4572        2307.38        2344.84        2305.52        17.4771       -56.7888
428         37.335        2307.23        2344.57        2305.52        17.6085       -56.6529
429        37.1836        2307.11        2344.29        2305.52        17.7453       -56.5105
430        37.0008           2307           2344        2305.52        17.8869       -56.3617
431        36.7853        2306.91         2343.7        2305.52        18.0331       -56.2064
432        36.5361        2306.85        2343.39        2305.52        18.1832       -56.0449
433        36.2531        2306.81        2343.06        2305.52        18.3367       -55.8772
434        35.9372         2306.8        2342.73        2305.52         18.493       -55.7034
435        35.5899        2306.81         2342.4        2305.52        18.6515       -55.5238
436        35.2136        2306.84        2342.05        2305.52        18.8116       -55.3384
437        34.8116        2306.89         2341.7        2305.52        18.9726       -55.1475
438        34.3877        2306.95        2341.34        2305.52        19.1339       -54.9511
439        33.9459        2307.03        2340.98        2305.52        19.2949       -54.7495
440        33.4909        2307.12        2340.61        2305.52        19.4551       -54.5429
441         33.027        2307.22        2340.24        2305.52        19.6139       -54.3314
442        32.5585        2307.31        2339.87        2305.52        19.7709       -54.1153
443         32.089         2307.4        2339.49        2305.52        19.9258       -53.8947
444        31.6218         2307.5        2339.12        2305.53         20.078       -53.6699
445        31.1592        2307.58        2338.74        2305.53        20.2275        -53.441
446        30.7028        2307.66        2338.36        2305.53        20.3738       -53.2083
447        30.2532        2307.73        2337.98        2305.52        20.5169       -52.9719
448        29.8103        2307.79         2337.6        2305.52        20.6564        -52.732
449         29.373        2307.85        2337.22        2305.52        20.7921       -52.4888
450        28.9397         2307.9        2336.84        2305.52         20.924       -52.2425
451        28.5081        2307.96        2336.47        2305.52        21.0518       -51.9933
452        28.0757        2308.01        2336.09        2305.52        21.1753       -51.7413
453        27.6399        2308.08        2335.72        2305.52        21.2941       -51.4868
454         27.198        2308.15        2335.35        2305.52        21.4082       -51.2299
455        26.7479        2308.23        2334.98        2305.52        21.5172       -50.9709
456        26.2878        2308.32        2334.61        2305.52        21.6207       -50.7098
457        25.8165        2308.43        2334.25        2305.52        21.7186       -50.4469
458        25.3334        2308.56         2333.9        2305.52        21.8103       -50.1824
459        24.8391         2308.7        2333.54        2305.52        21.8958       -49.9165
460        24.3345        2308.86         2333.2        2305.52        21.9746       -49.6493
461        23.8216        2309.04        2332.86        2305.52        22.0465       -49.3812
462        23.3029        2309.22        2332.52        2305.52        22.1113       -49.1123
463        22.7813        2309.42         2332.2        2305.52        22.1688       -48.8428
464        22.2603        2309.62        2331.88        2305.52        22.2191       -48.5729
465        21.7435        2309.82        2331.56        2305.52         22.262       -48.3028
466        21.2345        2310.02        2331.26        2305.52        22.2976       -48.0328
467        20.7366        2310.22        2330.96        2305.52         22.326       -47.7631
468         20.253        2310.42        2330.67        2305.52        22.3473       -47.4938
469        19.7861         2310.6        2330.39        2305.52         22.362       -47.2251
470        19.3381        2310.77        2330.11        2305.52        22.3701       -46.9573
471        18.9101        2310.93        2329.84        2305.52         22.372       -46.6904
472        18.5027        2311.08        2329.58        2305.52        22.3681       -46.4247
473        18.1157        2311.21        2329.33        2305.52        22.3587       -46.1604
474        17.7485        2311.33        2329.08        2305.52        22.3441       -45.8975
475        17.3996        2311.44        2328.84        2305.52        22.3246       -45.6363
476        17.0672        2311.53         2328.6        2305.52        22.3006       -45.3768
477        16.7491        2311.62        2328.37        2305.52        22.2724       -45.1192
478        16.4432         2311.7        2328.15        2305.52        22.2402       -44.8636
479        16.1471        2311.78        2327.93        2305.52        22.2043       -44.6102
480        15.8587        2311.86        2327.72        2305.52        22.1648       -44.3589
481         15.576        2311.94        2327.51        2305.52        22.1219       -44.1101
482        15.2977        2312.01        2327.31        2305.52        22.0758       -43.8636
483        15.0227        2312.09        2327.12        2305.52        22.0266       -43.6197
484        14.7504        2312.18        2326.93        2305.52        21.9745       -43.3785
485        14.4811        2312.26        2326.74        2305.52        21.9196         -43.14
486        14.2152        2312.35        2326.57        2305.52         21.862       -42.9043
487        13.9537        2312.44        2326.39        2305.52        21.8018       -42.6716
488        13.6982        2312.53        2326.23        2305.52        21.7394       -42.4419
489        13.4502        2312.61        2326.06        2305.52        21.6747       -42.2154
490        13.2116         2312.7        2325.91        2305.52        21.6081        -41.992
491        12.9844        2312.77        2325.76        2305.52        21.5398       -41.7719
492        12.7703        2312.84        2325.61        2305.52          21.47       -41.5551
493        12.5709         2312.9        2325.47        2305.52         21.399       -41.3418
494        12.3874        2312.94        2325.33        2305.52        21.3271        -41.132
495        12.2206        2312.98         2325.2        2305.52        21.2544       -40.9257
496         12.071           2313        2325.07        2305.52        21.1813        -40.723
497        11.9384           2313        2324.94        2305.52         21.108       -40.5239
498        11.8222           2313        2324.82        2305.52        21.0348       -40.3285
499        11.7213        2312.98         2324.7        2305.52        20.9619       -40.1369
500        11.6342        2312.95        2324.58        2305.52        20.8895       -39.9489
501        11.5591        2312.91        2324.47        2305.52        20.8177       -39.7646
502         11.494        2312.87        2324.36        2305.52        20.7467       -39.5841
503        11.4368        2312.82        2324.25        2305.52        20.6766       -39.4074
504        11.3854        2312.77        2324.15        2305.52        20.6075       -39.2344
505        11.3379        2312.71        2324.05        2305.52        20.5394       -39.0652
506        11.2926        2312.66        2323.95        2305.52        20.4725       -38.8998
507         11.248        2312.61        2323.85        2305.52        20.4067       -38.7381
508        11.2033        2312.56        2323.76        2305.52         20.342       -38.5801
509        11.1579        2312.51        2323.67        2305.52        20.2785       -38.4259
510        11.1119        2312.47        2323.58        2305.52        20.2162       -38.2755
511        11.0655        2312.43         2323.5        2305.52        20.1551       -38.1289
512        11.0198        2312.39        2323.41        2305.52        20.0952       -37.9859
513        10.9759        2312.36        2323.33        2305.52        20.0365       -37.8468
514        10.9354        2312.32        2323.26        2305.52        19.9792       -37.7114
515        10.8999        2312.28        2323.18        2305.52        19.9231       -37.5797
516        10.8712        2312.24        2323.11        2305.52        19.8684       -37.4518
517        10.8509        2312.19        2323.04        2305.52        19.8151       -37.3276
518        10.8407        2312.13        2322.97        2305.52        19.7633       -37.2071
519        10.8418        2312.06         2322.9        2305.52        19.7131       -37.0903
520        10.8551        2311.98        2322.84        2305.52        19.6645       -36.9772
521        10.8812        2311.89        2322.77        2305.52        19.6175       -36.8678
522        10.9202        2311.79        2322.71        2305.52        19.5723       -36.7619
523        10.9718        2311.68        2322.65        2305.52        19.5289       -36.6597
524        11.0351        2311.56         2322.6        2305.52        19.4873       -36.5611
525         11.109        2311.43        2322.54        2305.52        19.4474       -36.4659
526        11.1919         2311.3        2322.49        2305.52        19.4094       -36.3742
527        11.2821        2311.15        2322.44        2305.52        19.3732        -36.286
528        11.3777        2311.01        2322.39        2305.52        19.3388        -36.201
529        11.4766        2310.86        2322.34        2305.52        19.3062       -36.1194
530        11.5769        2310.71        2322.29        2305.52        19.2752       -36.0411
531         11.677        2310.57        2322.24        2305.52        19.2459        -35.966
532        11.7751        2310.42         2322.2        2305.52        19.2182        -35.894
533        11.8702        2310.29        2322.16        2305.52         19.192        -35.825
534        11.9613        2310.15        2322.11        2305.52        19.1673       -35.7592
535        12.0481        2310.03        2322.08        2305.52         19.144       -35.6963
536        12.1306        2309.91        2322.04        2305.52         19.122       -35.6363
537        12.2089        2309.79           2322        2305.52        19.1013       -35.5793
538         12.284        2309.68        2321.97        2305.52        19.0818       -35.5251
539        12.3567        2309.58        2321.93        2305.52        19.0636       -35.4736
540        12.4284        2309.47         2321.9        2305.52        19.0465        -35.425
541        12.5002        2309.37        2321.87        2305.52        19.0305       -35.3791
542        12.5737        2309.27        2321.84        2305.52        19.0155       -35.3358
543          12.65        2309.17        2321.82        2305.52        19.0017       -35.2952
544        12.7304        2309.06        2321.79        2305.52        18.9888       -35.2571
545        12.8157        2308.95        2321.77        2305.52         18.977       -35.2217
546        12.9067        2308.84        2321.75        2305.52        18.9661       -35.1887
547        13.0036        2308.72        2321.73        2305.52        18.9562       -35.1582
548        13.1063         2308.6        2321.71        2305.52        18.9471         -35.13
549        13.2145        2308.47        2321.69        2305.52         18.939       -35.1043
550        13.3275        2308.35        2321.67        2305.52        18.9317       -35.0808
551        13.4441        2308.21        2321.66        2305.52        18.9251       -35.0596
552        13.5632        2308.08        2321.64        2305.52        18.9194       -35.0406
553        13.6834        2307.95        2321.63        2305.52        18.9143       -35.0237
554         13.803        2307.82        2321.62        2305.52          18.91       -35.0089
555        13.9207        2307.69        2321.61        2305.52        18.9063       -34.9961
556         14.035        2307.57         2321.6        2305.52        18.9031       -34.9853
557        14.1447        2307.45         2321.6        2305.52        18.9005       -34.9764
558        14.2485        2307.35        2321.59        2305.52        18.8985       -34.9693
559        14.3459        2307.24        2321.59        2305.52        18.8969       -34.9641
560        14.4362        2307.15        2321.59        2305.52        18.8958       -34.9606
561        14.5192        2307.07        2321.59        2305.52         18.895       -34.9589
562         14.595        2306.99        2321.59        2305.52        18.8947       -34.9589
563        14.6639        2306.92        2321.59        2305.52        18.8948       -34.9605
564        14.7265        2306.86        2321.59        2305.52        18.8952       -34.9637
565        14.7835        2306.81         2321.6        2305.52         18.896       -34.9685
566        14.8357        2306.76         2321.6        2305.52        18.8971       -34.9749
567        14.8841        2306.72        2321.61        2305.52        18.8985       -34.9827
568        14.9296        2306.69        2321.61        2305.52        18.9002       -34.9921
569         14.973        2306.65        2321.62        2305.52        18.9021        -35.003
570         15.015        2306.62        2321.63        2305.52        18.9044       -35.0153
571        15.0561        2306.59        2321.65        2305.52        18.9069       -35.0291
572        15.0968        2306.56        2321.66        2305.52        18.9097       -35.0442
573        15.1373        2306.53        2321.67        2305.52        18.9128       -35.0608
574        15.1775        2306.51        2321.69        2305.52        18.9161       -35.0787
575        15.2174        2306.48         2321.7        2305.52        18.9196       -35.0979
576        15.2566        2306.46        2321.72        2305.52        18.9233       -35.1185
577        15.2946        2306.44        2321.74        2305.52        18.9272       -35.1404
578        15.3311        2306.42        2321.76        2305.52        18.9314       -35.1636
579        15.3652        2306.41        2321.78        2305.52        18.9357        -35.188
580        15.3966         2306.4         2321.8        2305.52        18.9402       -35.2136
581        15.4246        2306.39        2321.82        2305.52        18.9449       -35.2405
582        15.4488        2306.39        2321.84        2305.52        18.9498       -35.2686
583        15.4685         2306.4        2321.87        2305.52        18.9549       -35.2979
584        15.4836        2306.41        2321.89        2305.52        18.9602       -35.3284
585        15.4938        2306.42        2321.92        2305.52        18.9657         -35.36
586        15.4988        2306.45        2321.94        2305.52        18.9714       -35.3928
587        15.4985        2306.47        2321.97        2305.52        18.9772       -35.4267
588         15.493        2306.51           2322        2305.52        18.9833       -35.4619
589        15.4822        2306.55        2322.03        2305.52        18.9897       -35.4981
590        15.4662         2306.6        2322.06        2305.52        18.9962       -35.5355
591         15.445        2306.65        2322.09        2305.52         19.003        -35.574
592        15.4188        2306.71        2322.13        2305.52        19.0101       -35.6137
593        15.3875        2306.77        2322.16        2305.52        19.0174       -35.6546
594        15.3513        2306.84        2322.19        2305.52        19.0251       -35.6966
595        15.3101        2306.92        2322.23        2305.52         19.033       -35.7397
596        15.2641           2307        2322.27        2305.52        19.0413       -35.7841
597        15.2134        2307.09         2322.3        2305.52        19.0499       -35.8296
598        15.1581        2307.18        2322.34        2305.52        19.0589       -35.8764
599        15.0984        2307.28        2322.38        2305.52        19.0683       -35.9243
600        15.0347        2307.38        2322.42        2305.52        19.0781       -35.9735
601        14.9674        2307.49        2322.46        2305.52        19.0884        -36.024
602        14.8971         2307.6         2322.5        2305.52        19.0991       -36.0757
603        14.8245        2307.72        2322.54        2305.52        19.1102       -36.1288
604        14.7504        2307.83        2322.58        2305.52        19.1219       -36.1832
605        14.6756        2307.95        2322.63        2305.52        19.1341       -36.2389
606         14.601        2308.07        2322.67        2305.52        19.1468       -36.2959
607        14.5276        2308.19        2322.72        2305.52          19.16       -36.3544
608         14.456        2308.31        2322.76        2305.52        19.1739       -36.4143
609        14.3871        2308.42        2322.81        2305.52        19.1882       -36.4756
610        14.3212        2308.54        2322.86        2305.52        19.2032       -36.5383
611        14.2587        2308.65        2322.91        2305.52        19.2187       -36.6025
612        14.1995        2308.76        2322.96        2305.52        19.2348       -36.6683
613        14.1433        2308.86        2323.01        2305.52        19.2515       -36.7355
614        14.0894        2308.97        2323.06        2305.52        19.2688       -36.8042
615        14.0369        2309.07        2323.11        2305.52        19.2867       -36.8745
616        13.9847        2309.18        2323.16        2305.52        19.3051       -36.9463
617        13.9313        2309.29        2323.22        2305.52        19.3242       -37.0196
618        13.8754         2309.4        2323.27        2305.52        19.3439       -37.0946
619        13.8154        2309.51        2323.33        2305.52        19.3643       -37.1711
620          13.75        2309.64        2323.39        2305.52        19.3853       -37.2492
621         13.678        2309.77        2323.44        2305.52        19.4071        -37.329
622        13.5985         2309.9         2323.5        2305.52        19.4297       -37.4104
623         13.511        2310.05        2323.56        2305.52        19.4531       -37.4934
624        13.4154        2310.21        2323.62        2305.52        19.4774       -37.5782
625         13.312        2310.37        2323.68        2305.52        19.5026       -37.6646
626        13.2018        2310.55        2323.75        2305.52        19.5289       -37.7528
627        13.0859        2310.72        2323.81        2305.52        19.5562       -37.8428
628        12.9661        2310.91        2323.87        2305.52        19.5847       -37.9346
629        12.8443        2311.09        2323.94        2305.52        19.6144       -38.0283
630        12.7226        2311.28           2324        2305.52        19.6453       -38.1239
631        12.6033        2311.46        2324.07        2305.52        19.6774       -38.2214
632        12.4884        2311.65        2324.13        2305.52        19.7108       -38.3209
633        12.3798        2311.82         2324.2        2305.52        19.7455       -38.4223
634         12.279        2311.99        2324.27        2305.52        19.7814       -38.5258
635        12.1871        2312.15        2324.34        2305.52        19.8186       -38.6314
636        12.1046         2312.3        2324.41        2305.52        19.8571       -38.7391
637        12.0315        2312.44        2324.48        2305.52        19.8968       -38.8489
638        11.9672        2312.58        2324.55        2305.52        19.9376       -38.9608
639        11.9105        2312.71        2324.62        2305.52        19.9796       -39.0749
640          11.86        2312.83        2324.69        2305.52        20.0228       -39.1911
641        11.8138        2312.95        2324.77        2305.52         20.067       -39.3095
642        11.7697        2313.07        2324.84        2305.52        20.1123       -39.4301
643        11.7258        2313.19        2324.92        2305.52        20.1588       -39.5528
644        11.6801        2313.31        2324.99        2305.52        20.2064       -39.6778
645        11.6309        2313.44        2325.07        2305.52        20.2551       -39.8049
646        11.5771        2313.58        2325.15        2305.52        20.3051       -39.9343
647        11.5178        2313.71        2325.23        2305.52        20.3563       -40.0658
648        11.4531        2313.86        2325.31        2305.52        20.4088       -40.1996
649        11.3833        2314.01         2325.4        2305.52        20.4627       -40.3356
650        11.3093        2314.17        2325.48        2305.52         20.518       -40.4739
651        11.2326        2314.33        2325.56        2305.52        20.5748       -40.6145
652        11.1551        2314.49        2325.65        2305.52        20.6331       -40.7573
653        11.0787        2314.65        2325.73        2305.52        20.6929       -40.9025
654        11.0055        2314.81        2325.82        2305.52        20.7543         -41.05
655        10.9374        2314.97        2325.91        2305.52        20.8172       -41.1998
656        10.8762        2315.12        2325.99        2305.52        20.8816        -41.352
657        10.8233        2315.26        2326.08        2305.52        20.9475       -41.5065
658        10.7794        2315.39        2326.17        2305.52        21.0148       -41.6635
659         10.745        2315.52        2326.26        2305.52        21.0835       -41.8228
660        10.7198        2315.64        2326.36        2305.52        21.1534       -41.9845
661        10.7031        2315.75        2326.45        2305.52        21.2246       -42.1485
662        10.6937        2315.85        2326.54        2305.52        21.2969        -42.315
663        10.6902        2315.95        2326.64        2305.52        21.3703       -42.4838
664        10.6907        2316.04        2326.73        2305.52        21.4447       -42.6549
665        10.6936        2316.14        2326.83        2305.52        21.5201       -42.8284
666        10.6971        2316.23        2326.93        2305.52        21.5966       -43.0043
667        10.6998        2316.33        2327.03        2305.52         21.674       -43.1824
668        10.7005        2316.43        2327.13        2305.52        21.7524       -43.3628
669        10.6985        2316.54        2327.24        2305.52        21.8317       -43.5455
670        10.6938        2316.65        2327.34        2305.52        21.9121       -43.7305
671        10.6865        2316.76        2327.45        2305.52        21.9936       -43.9177
672        10.6777        2316.88        2327.56        2305.52        22.0761       -44.1072
673        10.6685        2316.99        2327.66        2305.52        22.1597       -44.2989
674        10.6606        2317.11        2327.77        2305.52        22.2443       -44.4929
675         10.656        2317.23        2327.88        2305.52          22.33        -44.689
676        10.6567        2317.34           2328        2305.52        22.4166       -44.8874
677        10.6646        2317.44        2328.11        2305.52        22.5042       -45.0879
678        10.6816        2317.54        2328.22        2305.52        22.5926       -45.2906
679        10.7092        2317.63        2328.34        2305.52        22.6817       -45.4955
680        10.7486        2317.71        2328.46        2305.52        22.7713       -45.7025
681        10.8006        2317.77        2328.58        2305.52        22.8613       -45.9115
682        10.8655        2317.83         2328.7        2305.52        22.9516       -46.1227
683        10.9431        2317.88        2328.82        2305.52        23.0419       -46.3358
684        11.0328        2317.91        2328.94        2305.52        23.1322        -46.551
685        11.1337        2317.94        2329.07        2305.52        23.2221        -46.768
686        11.2445        2317.96         2329.2        2305.52        23.3116        -46.987
687        11.3638        2317.97        2329.33        2305.52        23.4005       -47.2077
688        11.4903        2317.98        2329.47        2305.52        23.4887       -47.4302
689        11.6225        2317.98         2329.6        2305.52         23.576       -47.6544
690        11.7592        2317.98        2329.74        2305.52        23.6623       -47.8803
691        11.8993        2317.99        2329.88        2305.52        23.7476       -48.1077
692         12.042        2317.99        2330.03        2305.52        23.8317       -48.3366
693        12.1869        2317.99        2330.18        2305.52        23.9146       -48.5669
694        12.3339        2317.99        2330.33        2305.52        23.9962       -48.7986
695        12.4831           2318        2330.48        2305.52        24.0764       -49.0316
696        12.6348           2318        2330.64        2305.52        24.1552       -49.2657
697        12.7898           2318        2330.79        2305.52        24.2325       -49.5011
698        12.9488        2318.01        2330.95        2305.52        24.3082       -49.7375
699        13.1127           2318        2331.12        2305.52        24.3821        -49.975
700        13.2825           2318        2331.28        2305.52        24.4543       -50.2133
701        13.4589        2317.99        2331.45        2305.52        24.5245       -50.4525
702        13.6429        2317.98        2331.62        2305.52        24.5927       -50.6925
703         13.835        2317.96         2331.8        2305.52        24.6587       -50.9332
704        14.0359        2317.94        2331.98        2305.52        24.7223       -51.1745
705        14.2459        2317.91        2332.16        2305.52        24.7835       -51.4164
706        14.4654        2317.88        2332.34        2305.52         24.842       -51.6586
707        14.6944        2317.83        2332.53        2305.52        24.8977       -51.9012
708         14.933        2317.79        2332.72        2305.52        24.9505       -52.1441
709        15.1811        2317.73        2332.91        2305.52        25.0002       -52.3871
710        15.4385        2317.67        2333.11        2305.52        25.0466       -52.6302
711         15.705         2317.6        2333.31        2305.52        25.0897       -52.8731
712        15.9803        2317.53        2333.51        2305.52        25.1293        -53.116
713        16.2643        2317.45        2333.72        2305.52        25.1652       -53.3585
714        16.5567        2317.37        2333.93        2305.52        25.1974       -53.6007
715        16.8571        2317.28        2334.14        2305.52        25.2257       -53.8423
716        17.1653        2317.19        2334.36        2305.52        25.2501       -54.0833
717         17.481         2317.1        2334.58        2305.52        25.2705       -54.3236
718        17.8039           2317         2334.8        2305.52        25.2867        -54.563
719        18.1336        2316.89        2335.03        2305.52        25.2988       -54.8015
720        18.4697        2316.79        2335.26        2305.52        25.3066       -55.0388
721        18.8116        2316.68        2335.49        2305.52        25.3102       -55.2748
722        19.1587        2316.57        2335.73        2305.52        25.3094       -55.5095
723        19.5104        2316.45        2335.96        2305.52        25.3044       -55.7427
724         19.866        2316.34         2336.2        2305.52        25.2951       -55.9743
725        20.2246        2316.22        2336.45        2305.52        25.2814       -56.2041
726        20.5855        2316.11        2336.69        2305.52        25.2636       -56.4321
727        20.9478        2315.99        2336.94        2305.52        25.2416        -56.658
728        21.3109        2315.88        2337.19        2305.52        25.2155       -56.8817
729        21.6742        2315.77        2337.44        2305.52        25.1855       -57.1032
730         22.037        2315.66         2337.7        2305.52        25.1515       -57.3222
731        22.3989        2315.55        2337.95        2305.52        25.1138       -57.5388
732        22.7598        2315.45        2338.21        2305.52        25.0725       -57.7527
733        23.1197        2315.34        2338.46        2305.53        25.0276       -57.9638
734        23.4786        2315.24        2338.72        2305.53        24.9795       -58.1719
735        23.8368        2315.14        2338.97        2305.53        24.9281       -58.3771
736        24.1948        2315.04        2339.23        2305.53        24.8737       -58.5791
737        24.5531        2314.93        2339.49        2305.53        24.8164       -58.7779
738        24.9121        2314.83        2339.74        2305.53        24.7563       -58.9733
739        25.2724        2314.72           2340        2305.53        24.6937       -59.1651
740        25.6344        2314.62        2340.25        2305.53        24.6287       -59.3534
741        25.9982         2314.5         2340.5        2305.53        24.5613       -59.5379
742        26.3639        2314.39        2340.75        2305.53        24.4919       -59.7186
743        26.7312        2314.27           2341        2305.53        24.4206       -59.8954
744        27.0996        2314.15        2341.25        2305.53        24.3475        -60.068
745        27.4681        2314.02        2341.49        2305.53         24.273       -60.2365
746        27.8357        2313.89        2341.73        2305.53        24.1971       -60.4006
747        28.2009        2313.76        2341.97        2305.53        24.1201       -60.5604
748         28.562        2313.64         2342.2        2305.53        24.0423       -60.7156
749        28.9172        2313.51        2342.43        2305.53         23.964       -60.8662
750        29.2647        2313.39        2342.65        2305.53        23.8854       -61.0121
751        29.6024        2313.27        2342.87        2305.53        23.8069       -61.1531
752        29.9285        2313.16        2343.09        2305.53        23.7286       -61.2892
753        30.2415        2313.05        2343.29        2305.53         23.651       -61.4203
754        30.5397        2312.96         2343.5        2305.53        23.5744       -61.5462
755        30.8221        2312.87        2343.69        2305.53         23.499        -61.667
756        31.0879        2312.79        2343.88        2305.53        23.4253       -61.7825
757        31.3367        2312.73        2344.06        2305.53        23.3534       -61.8927
758        31.5685        2312.67        2344.24        2305.53        23.2836       -61.9974
759        31.7837        2312.62        2344.41        2305.53        23.2162       -62.0968
760        31.9829        2312.58        2344.56        2305.53        23.1515       -62.1907
761        32.1673        2312.55        2344.72        2305.53        23.0897        -62.279
762         32.338        2312.52        2344.86        2305.53        23.0309       -62.3618
763        32.4965        2312.49        2344.99        2305.53        22.9754        -62.439
764         32.644        2312.47        2345.11        2305.53        22.9233       -62.5105
765        32.7821        2312.45        2345.23        2305.53        22.8747       -62.5765
766        32.9119        2312.42        2345.33        2305.53        22.8297       -62.6368
767        33.0343         2312.4        2345.43        2305.53        22.7886       -62.6915
768          33.15        2312.37        2345.52        2305.53        22.7513       -62.7404
769        33.2593        2312.33        2345.59        2305.53         22.718       -62.7837
770        33.3621         2312.3        2345.66        2305.53        22.6887       -62.8214
771        33.4579        2312.26        2345.72        2305.53        22.6636       -62.8533
772        33.5457        2312.22        2345.76        2305.53        22.6427       -62.8796
773        33.6244        2312.18         2345.8        2305.53        22.6261       -62.9002
774        33.6925        2312.14        2345.83        2305.53        22.6137       -62.9151
775        33.7482         2312.1        2345.84        2305.53        22.6057       -62.9243
776          33.79        2312.06        2345.85        2305.53        22.6021       -62.9279
777        33.8158        2312.03        2345.85        2305.53         22.603       -62.9259
778        33.8242        2312.01        2345.84        2305.53        22.6082       -62.9182
779        33.8135           2312        2345.81        2305.53        22.6177        -62.905
780        33.7827           2312        2345.78        2305.53        22.6316       -62.8863
781        33.7308        2312.01        2345.74        2305.53        22.6497        -62.862
782        33.6575        2312.03        2345.69        2305.53         22.672       -62.8323
783        33.5628        2312.06        2345.62        2305.53        22.6983       -62.7973
784         33.447        2312.11        2345.55        2305.53        22.7285       -62.7569
785        33.3112        2312.16        2345.47        2305.53        22.7624       -62.7113
786        33.1565        2312.23        2345.39        2305.53        22.7998       -62.6605
787        32.9844        2312.31        2345.29        2305.53        22.8406       -62.6047
788        32.7968        2312.39        2345.19        2305.53        22.8845       -62.5439
789        32.5955        2312.48        2345.07        2305.53        22.9313       -62.4782
790        32.3825        2312.57        2344.95        2305.53        22.9808       -62.4078
791        32.1598        2312.67        2344.83        2305.53        23.0327       -62.3327
792        31.9289        2312.76        2344.69        2305.53        23.0869       -62.2531
793        31.6915        2312.86        2344.55        2305.53        23.1431        -62.169
794        31.4486        2312.96        2344.41        2305.53        23.2012       -62.0807
795        31.2013        2313.05        2344.25        2305.53        23.2608       -61.9881
796          30.95        2313.15         2344.1        2305.53        23.3218       -61.8914
797        30.6948        2313.24        2343.93        2305.53        23.3841       -61.7908
798        30.4357        2313.33        2343.77        2305.53        23.4473       -61.6863
799         30.172        2313.42        2343.59        2305.53        23.5113       -61.5781
800        29.9031        2313.51        2343.42        2305.53        23.5759       -61.4663
801        29.6281        2313.61        2343.24        2305.53        23.6409        -61.351
802        29.3462        2313.71        2343.05        2305.53        23.7061       -61.2324
803        29.0562        2313.81        2342.86        2305.53        23.7712       -61.1105
804        28.7575        2313.92        2342.67        2305.53        23.8361       -60.9855
805        28.4492        2314.03        2342.48        2305.53        23.9005       -60.8576
806        28.1311        2314.16        2342.29        2305.53        23.9642       -60.7268
807        27.8029        2314.29        2342.09        2305.53        24.0269       -60.5933
808        27.4648        2314.43        2341.89        2305.53        24.0885       -60.4572
809        27.1175        2314.58         2341.7        2305.53        24.1487       -60.3187
810        26.7617        2314.73         2341.5        2305.53        24.2073       -60.1779
811        26.3988         2314.9         2341.3        2305.53        24.2641        -60.035
812        26.0301        2315.07         2341.1        2305.53        24.3189       -59.8902
813        25.6574        2315.24         2340.9        2305.53        24.3716       -59.7435
814        25.2825        2315.42         2340.7        2305.53        24.4219       -59.5951
815        24.9072        2315.59         2340.5        2305.53        24.4698       -59.4452
816        24.5333        2315.77         2340.3        2305.53        24.5152       -59.2939
817        24.1625        2315.95        2340.11        2305.53         24.558       -59.1414
818        23.7963        2316.12        2339.92        2305.53         24.598       -58.9878
819        23.4359        2316.29        2339.72        2305.53        24.6354       -58.8333
820        23.0821        2316.45        2339.53        2305.53        24.6701       -58.6779
821        22.7354        2316.61        2339.35        2305.53         24.702        -58.522
822        22.3962        2316.76        2339.16        2305.53        24.7313       -58.3655
823        22.0641        2316.91        2338.98        2305.53        24.7578       -58.2086
824        21.7387        2317.06         2338.8        2305.53        24.7816       -58.0515
825        21.4194         2317.2        2338.62        2305.53        24.8028       -57.8942
826        21.1052        2317.34        2338.44        2305.53        24.8214        -57.737
827        20.7951        2317.47        2338.27        2305.53        24.8374       -57.5798
828         20.488        2317.61         2338.1        2305.53        24.8509       -57.4229
829        20.1832        2317.75        2337.93        2305.53        24.8618       -57.2663
830        19.8797        2317.89        2337.77        2305.53        24.8701       -57.1101
831         19.577        2318.03         2337.6        2305.52        24.8759       -56.9546
832        19.2749        2318.17        2337.45        2305.52        24.8793       -56.7997
833        18.9734        2318.32        2337.29        2305.52        24.8802       -56.6456
834         18.673        2318.47        2337.14        2305.52        24.8786       -56.4923
835        18.3742        2318.62        2336.99        2305.53        24.8747       -56.3401
836        18.0783        2318.77        2336.85        2305.53        24.8684        -56.189
837        17.7866        2318.92         2336.7        2305.53        24.8599       -56.0392
838        17.5005        2319.07        2336.57        2305.53        24.8491       -55.8906
839        17.2219        2319.21        2336.43        2305.53        24.8363       -55.7435
840        16.9523        2319.35         2336.3        2305.53        24.8215       -55.5979
841        16.6936        2319.48        2336.17        2305.53        24.8049       -55.4539
842        16.4472         2319.6        2336.05        2305.53        24.7866       -55.3116
843        16.2146        2319.72        2335.93        2305.53        24.7667       -55.1711
844        15.9967        2319.82        2335.81        2305.53        24.7455       -55.0324
845        15.7943         2319.9         2335.7        2305.53         24.723       -54.8957
846        15.6077        2319.98        2335.59        2305.53        24.6995        -54.761
847        15.4369        2320.04        2335.48        2305.53        24.6751       -54.6283
848        15.2815        2320.09        2335.37        2305.53        24.6499       -54.4977
849        15.1407        2320.13        2335.27        2305.53        24.6242       -54.3693
850        15.0133        2320.16        2335.17        2305.53         24.598       -54.2431
851        14.8982        2320.18        2335.07        2305.53        24.5714       -54.1191
852        14.7937        2320.18        2334.98        2305.53        24.5447       -53.9974
853        14.6983        2320.19        2334.89        2305.53        24.5178        -53.878
854        14.6105        2320.18         2334.8        2305.53        24.4908       -53.7608
855        14.5288        2320.18        2334.71        2305.53        24.4639        -53.646
856        14.4521        2320.17        2334.62        2305.53         24.437       -53.5335
857        14.3792        2320.16        2334.54        2305.53        24.4103       -53.4234
858        14.3096        2320.15        2334.46        2305.52        24.3838       -53.3157
859         14.243        2320.13        2334.38        2305.52        24.3574       -53.2103
860        14.1795        2320.12         2334.3        2305.53        24.3313       -53.1074
861        14.1194        2320.11        2334.23        2305.53        24.3054       -53.0068
862        14.0635        2320.09        2334.15        2305.53        24.2799       -52.9086
863        14.0128        2320.07        2334.08        2305.53        24.2547       -52.8129
864        13.9685        2320.05        2334.01        2305.53        24.2299       -52.7196
865         13.932        2320.02        2333.95        2305.53        24.2056       -52.6287
866        13.9046        2319.98        2333.88        2305.53        24.1817       -52.5402
867        13.8876        2319.93        2333.82        2305.53        24.1584       -52.4542
868        13.8821        2319.88        2333.76        2305.53        24.1357       -52.3705
869         13.889        2319.81         2333.7        2305.53        24.1136       -52.2893
870         13.909        2319.73        2333.64        2305.53        24.0922       -52.2104
871        13.9423        2319.65        2333.59        2305.53        24.0716       -52.1339
872        13.9889        2319.54        2333.53        2305.53        24.0517       -52.0597
873        14.0483        2319.43        2333.48        2305.53        24.0327       -51.9878
874        14.1197        2319.31        2333.43        2305.53        24.0144       -51.9182
875         14.202        2319.18        2333.38        2305.53         23.997       -51.8508
876         14.294        2319.04        2333.33        2305.53        23.9805       -51.7856
877        14.3941        2318.89        2333.28        2305.53        23.9648       -51.7225
878        14.5008        2318.74        2333.24        2305.53        23.9499       -51.6615
879        14.6125        2318.58        2333.19        2305.52        23.9359       -51.6025
880        14.7278        2318.42        2333.15        2305.52        23.9226       -51.5455
881        14.8454        2318.26        2333.11        2305.52        23.9102       -51.4904
882        14.9641         2318.1        2333.06        2305.52        23.8984       -51.4372
883        15.0832        2317.94        2333.02        2305.52        23.8874       -51.3857
884        15.2023        2317.78        2332.98        2305.52         23.877       -51.3361
885         15.321        2317.62        2332.95        2305.52        23.8673       -51.2881
886        15.4395        2317.47        2332.91        2305.52        23.8582       -51.2417
887        15.5582        2317.31        2332.87        2305.52        23.8497        -51.197
888        15.6775        2317.16        2332.84        2305.52        23.8417       -51.1537
889        15.7981           2317         2332.8        2305.52        23.8342        -51.112
890        15.9209        2316.85        2332.77        2305.52        23.8273       -51.0717
891        16.0464        2316.69        2332.74        2305.52        23.8208       -51.0327
892        16.1754        2316.53        2332.71        2305.52        23.8147       -50.9951
893        16.3082        2316.37        2332.67        2305.52        23.8091       -50.9587
894        16.4453         2316.2        2332.64        2305.52         23.804       -50.9235
895        16.5865        2316.03        2332.62        2305.52        23.7992       -50.8894
896        16.7317        2315.85        2332.59        2305.52        23.7948       -50.8565
897        16.8803        2315.68        2332.56        2305.52        23.7908       -50.8245
898        17.0316         2315.5        2332.53        2305.52        23.7871       -50.7935
899        17.1847        2315.32         2332.5        2305.52        23.7838       -50.7634
900        17.3384        2315.14        2332.48        2305.52        23.7807       -50.7341
901        17.4916        2314.96        2332.45        2305.52         23.778       -50.7056
902        17.6432        2314.78        2332.43        2305.52        23.7756       -50.6778
903        17.7919        2314.61         2332.4        2305.52        23.7734       -50.6507
904        17.9369        2314.44        2332.38        2305.52        23.7714       -50.6241
905        18.0773        2314.28        2332.35        2305.52        23.7697       -50.5981
906        18.2125        2314.12        2332.33        2305.52        23.7682       -50.5725
907        18.3424        2313.96         2332.3        2305.52        23.7669       -50.5473
908        18.4669        2313.81        2332.28        2305.52        23.7657       -50.5225
909        18.5863        2313.67        2332.26        2305.52        23.7647        -50.498
910         18.701        2313.53        2332.23        2305.52        23.7639       -50.4738
911        18.8119         2313.4        2332.21        2305.52        23.7632       -50.4498
912        18.9195        2313.27        2332.19        2305.52        23.7626        -50.426
913         19.025        2313.14        2332.16        2305.52        23.7622       -50.4024
914         19.129        2313.01        2332.14        2305.52        23.7619       -50.3788
915        19.2323        2312.89        2332.12        2305.52        23.7618       -50.3553
916        19.3355        2312.76        2332.09        2305.52        23.7617       -50.3317
917         19.439        2312.63        2332.07        2305.52        23.7618       -50.3082
918        19.5429         2312.5        2332.05        2305.52         23.762       -50.2846
919         19.647        2312.38        2332.02        2305.52        23.7624       -50.2609
920        19.7509        2312.25           2332        2305.52        23.7628       -50.2371
921         19.854        2312.12        2331.97        2305.52        23.7634       -50.2131
922        19.9552        2311.99        2331.95        2305.52        23.7642       -50.1889
923        20.0537        2311.87        2331.92        2305.52        23.7651       -50.1644
924        20.1482        2311.75         2331.9        2305.52        23.7661       -50.1396
925        20.2377        2311.63        2331.87        2305.52        23.7673       -50.1145
926        20.3209        2311.52        2331.84        2305.52        23.7686       -50.0891
927        20.3968        2311.42        2331.82        2305.52          23.77       -50.0632
928        20.4648        2311.32        2331.79        2305.52        23.7716        -50.037
929        20.5242        2311.24        2331.76        2305.52        23.7733       -50.0103
930        20.5746        2311.16        2331.73        2305.52        23.7751       -49.9831
931        20.6161        2311.09         2331.7        2305.52         23.777       -49.9555
932        20.6488        2311.02        2331.67        2305.52         23.779       -49.9273
933        20.6733        2310.97        2331.64        2305.52        23.7811       -49.8987
934        20.6901        2310.92        2331.61        2305.52        23.7833       -49.8696
935        20.7002        2310.88        2331.58        2305.52        23.7856       -49.8399
936        20.7044        2310.84        2331.55        2305.52        23.7879       -49.8098
937        20.7037        2310.81        2331.51        2305.52        23.7902       -49.7791
938        20.6991        2310.78        2331.48        2305.52        23.7926       -49.7479
939        20.6913        2310.75        2331.45        2305.52         23.795       -49.7162
940        20.6811        2310.73        2331.41        2305.52        23.7975        -49.684
941         20.669        2310.71        2331.38        2305.52           23.8       -49.6514
942        20.6552        2310.68        2331.34        2305.52        23.8025       -49.6182
943        20.6399        2310.66         2331.3        2305.52         23.805       -49.5845
944        20.6229        2310.64        2331.27        2305.52        23.8076       -49.5504
945        20.6038        2310.63        2331.23        2305.52        23.8101       -49.5158
946        20.5822        2310.61        2331.19        2305.52        23.8127       -49.4808
947        20.5573         2310.6        2331.15        2305.52        23.8152       -49.4453
948        20.5286        2310.59        2331.12        2305.52        23.8177       -49.4094
949        20.4951        2310.58        2331.08        2305.52        23.8203        -49.373
950        20.4563        2310.58        2331.04        2305.52        23.8227       -49.3363
951        20.4114        2310.59           2331        2305.52        23.8252       -49.2991
952        20.3599         2310.6        2330.96        2305.52        23.8275       -49.2616
953        20.3015        2310.62        2330.92        2305.52        23.8298       -49.2237
954         20.236        2310.64        2330.88        2305.52         23.832       -49.1855
955        20.1635        2310.67        2330.84        2305.52         23.834        -49.147
956        20.0841        2310.71         2330.8        2305.52         23.836       -49.1082
957        19.9982        2310.76        2330.76        2305.52        23.8377       -49.0692
958        19.9064        2310.81        2330.71        2305.52        23.8393         -49.03
959        19.8094        2310.86        2330.67        2305.52        23.8408       -48.9906
960        19.7078        2310.93        2330.63        2305.52         23.842       -48.9511
961        19.6024        2310.99        2330.59        2305.52         23.843       -48.9114
962        19.4941        2311.06        2330.55        2305.52        23.8438       -48.8717
963        19.3835        2311.13        2330.51        2305.52        23.8444        -48.832
964        19.2713         2311.2        2330.47        2305.52        23.8447       -48.7923
965        19.1579        2311.27        2330.43        2305.52        23.8448       -48.7527
966        19.0438        2311.35        2330.39        2305.52        23.8447       -48.7132
967        18.9293        2311.42        2330.35        2305.52        23.8443       -48.6739
968        18.8143         2311.5        2330.32        2305.52        23.8437       -48.6347
969        18.6989        2311.58        2330.28        2305.52        23.8429       -48.5958
970         18.583        2311.66        2330.24        2305.52        23.8418       -48.5571
971        18.4662        2311.74         2330.2        2305.52        23.8405       -48.5188
972        18.3484        2311.82        2330.17        2305.52         23.839       -48.4808
973        18.2293         2311.9        2330.13        2305.52        23.8372       -48.4433
974        18.1085        2311.99         2330.1        2305.52        23.8353       -48.4061
975        17.9858        2312.07        2330.06        2305.52        23.8331       -48.3695
976        17.8611        2312.17        2330.03        2305.52        23.8308       -48.3334
977        17.7343        2312.26        2329.99        2305.52        23.8282       -48.2979
978        17.6055        2312.36        2329.96        2305.52        23.8254        -48.263
979        17.4749        2312.46        2329.93        2305.52        23.8225       -48.2288
980        17.3427        2312.56         2329.9        2305.52        23.8193       -48.1953
981        17.2094        2312.66        2329.87        2305.52         23.816       -48.1626
982        17.0754        2312.77        2329.84        2305.52        23.8126       -48.1307
983        16.9412        2312.87        2329.81        2305.52         23.809       -48.0996
984        16.8074        2312.98        2329.79        2305.52        23.8053       -48.0695
985        16.6746        2313.09        2329.76        2305.52        23.8016       -48.0402
986        16.5431         2313.2        2329.74        2305.52        23.7977        -48.012
987        16.4136         2313.3        2329.72        2305.52        23.7938       -47.9848
988        16.2861        2313.41        2329.69        2305.52        23.7898       -47.9587
989        16.1611        2313.51        2329.67        2305.52        23.7859       -47.9338
990        16.0387        2313.61        2329.65        2305.52        23.7819         -47.91
991        15.9188        2313.71        2329.63        2305.52         23.778       -47.8874
992        15.8015        2313.81        2329.62        2305.52        23.7742       -47.8661
993        15.6864        2313.91         2329.6        2305.52        23.7704        -47.846
994        15.5736        2314.01        2329.58        2305.52        23.7668       -47.8273
995        15.4627        2314.11        2329.57        2305.52        23.7633       -47.8099
996        15.3535         2314.2        2329.56        2305.52          23.76        -47.794
997         15.246         2314.3        2329.55        2305.52        23.7568       -47.7794
998        15.1402         2314.4        2329.54        2305.52        23.7539       -47.7664
999        15.0362        2314.49        2329.53        2305.52        23.7512       -47.7548
1000        14.9342        2314.59        2329.52        2305.52        23.7488       -47.7448
2000        21.0451        2212.28        2233.32        2305.52        32.6471        39.5528
3000        20.0597         2111.2        2131.26        2305.52        38.5944        135.666
4000        19.3044        2022.66        2041.96        2305.52        42.4932        221.068
5000        19.2868        2020.18        2039.47        2305.52        42.1257        223.928
6000        18.8602        2028.23        2047.09        2305.52        41.7527        216.679
7000        19.4813        2041.31        2060.79        2305.52        41.4279        203.304
8000        18.3325        2008.98        2027.32        2305.52        41.5024        236.702
9000        18.9299        2039.54        2058.47        2305.52        41.7757        205.279
10000        18.0941        2016.82        2034.91        2305.52        41.5409        229.068
11000        18.9499        2014.81        2033.76        2305.52        41.1167        230.648
12000        17.8891        2050.19        2068.08        2305.52        41.3542        196.086
13000        18.8269        2014.35        2033.18        2305.52        41.7121        230.633
14000        19.8855        2030.27        2050.15        2305.52          41.43        213.939
15000        18.7703        2021.15        2039.92        2305.52        41.1105        224.491
16000        19.2745        2017.18        2036.46        2305.52        41.3535        227.711
17000        18.5278        2027.29        2045.81        2305.52        40.9392        218.768
18000        18.6496        2021.26         2039.9        2305.52        40.6855        224.931
19000        19.1203        2033.82        2052.94        2305.52        41.0756        211.509
20000        18.7808           2016        2034.78        2305.52        40.9081        229.829
21000        19.3272        2024.36        2043.69        2305.52        40.7201        221.113
22000        19.2225        2028.47        2047.69        2305.52        40.3779        217.455
23000        19.7677        2019.93        2039.69        2305.52        40.1939        225.632
24000        19.2005         2023.7         2042.9        2305.52        39.9035        222.721
25000        19.6255        2026.11        2045.74        2305.52        39.4488        220.332
26000        20.0116        2019.91        2039.92        2305.52         39.113        226.488
27000        17.4022        2025.33        2042.74        2305.52        38.7337        224.051
28000         18.297        2015.55        2033.85        2305.52        38.5668        233.103
29000        19.4181        2025.78        2045.19        2305.52        38.3792        221.947
30000        17.9102        2024.11        2042.02        2305.52        38.1234        225.381
