# Number of Vertices= 632

vertices index pos pos pos charge

0	0.851	0	0.526	0.967954
1	0.526	0.851	0	0.842342
2	-0.526	0.851	0	0.879756
3	-0.851	0	0.526	1.08474
4	0	-0.526	0.851	1.08474
5	0.526	-0.851	0	0.50183
6	0.851	0	-0.526	0.990376
7	0	0.526	-0.851	0.723826
8	-0.851	0	-0.526	0.993522
9	-0.526	-0.851	0	0.993522
10	0	-0.526	-0.851	0.842559
11	0.653	0.202	0.73	0.935265
12	0.404	0.855	0.326	0.722327
13	-0.404	0.855	0.326	0.840016
14	-0.653	0.202	0.73	1.08585
15	0	-0.202	0.979	0.842342
16	0.404	-0.855	0.326	0.879064
17	0.653	-0.202	0.73	0.991651
18	0.979	0	-0.202	0.930644
19	0.73	0.653	0.202	1.08634
20	0.202	0.73	-0.653	1.00653
21	-0.202	0.979	0	1.08612
22	-0.855	0.326	-0.404	0.993297
23	-0.855	0.326	0.404	0.967954
24	-0.73	-0.653	0.202	0.935265
25	-0.326	-0.404	0.855	1.00735
26	0.202	-0.73	-0.653	0.879235
27	0.855	-0.326	-0.404	0.930908
28	0.326	0.404	-0.855	1.00637
29	-0.653	0.202	-0.73	1.00653
30	-0.73	-0.653	-0.202	0.990376
31	0.729	0.085	0.679	0.993743
32	0.496	0.842	0.211	1.08608
33	-0.423	0.888	0.182	1.08585
34	-0.758	0.158	0.633	1.08396
35	-0.046	-0.338	0.94	0.725134
36	0.423	-0.888	0.182	0.935265
37	0.758	-0.158	0.633	0.930908
38	0.94	-0.046	-0.338	0.842559
39	0.679	0.729	0.085	1.08634
40	0.158	0.633	-0.758	0.879323
41	-0.338	0.94	-0.046	0.721639
42	-0.842	0.211	-0.496	0.723826
43	-0.888	0.182	0.423	0.725134
44	-0.679	-0.729	0.085	1.00977
45	-0.211	-0.496	0.842	0.971094
46	0.085	-0.679	-0.729	0.993522
47	0.842	-0.211	-0.496	0.880712
48	0.182	0.423	-0.888	1.00361
49	-0.729	0.085	-0.679	0.841274
50	-0.633	-0.758	-0.158	1.01108
51	0.786	-0.027	0.617	0.879235
52	0.573	0.813	0.098	1.01108
53	-0.432	0.901	0.044	1.08608
54	-0.84	0.114	0.53	1.08634
55	-0.087	-0.459	0.884	0.971094
56	0.432	-0.901	0.044	1.00714
57	0.84	-0.114	0.53	1.08585
58	0.884	-0.087	-0.459	1.0084
59	0.617	0.786	-0.027	0.993522
60	0.114	0.53	-0.84	0.971094
61	-0.459	0.884	-0.087	0.880712
62	-0.813	0.098	-0.573	1.12742
63	-0.901	0.044	0.432	0.993297
64	-0.617	-0.786	-0.027	0.991651
65	-0.098	-0.573	0.813	1.00653
66	-0.027	-0.617	-0.786	0.993743
67	0.813	-0.098	-0.573	0.971464
68	0.044	0.432	-0.901	0.723826
69	-0.786	-0.027	-0.617	0.841274
70	-0.53	-0.84	-0.114	0.722327
71	0.326	0.404	0.855	0.879323
72	0.202	0.73	0.653	1.08378
73	-0.202	0.73	0.653	0.991651
74	-0.326	0.404	0.855	1.08378
75	0	0.202	0.979	0.971464
76	0.202	-0.73	0.653	0.723826
77	0.326	-0.404	0.855	1.08634
78	0.979	0	0.202	0.930046
79	0.855	0.326	0.404	1.00653
80	0.404	0.855	-0.326	0.971703
81	0.202	0.979	0	0.720474
82	-0.73	0.653	-0.202	0.990376
83	-0.73	0.653	0.202	1.08474
84	-0.855	-0.326	0.404	1.08612
85	-0.653	-0.202	0.73	0.720474
86	0.404	-0.855	-0.326	1.08396
87	0.73	-0.653	-0.202	1.00719
88	0.653	0.202	-0.73	0.879756
89	-0.326	0.404	-0.855	0.720474
90	-0.855	-0.326	-0.404	0.930908
91	0.435	0.299	0.849	0.880712
92	0.317	0.764	0.562	0.971703
93	-0.239	0.812	0.532	0.841274
94	-0.465	0.377	0.801	0.840016
95	-0.048	0.06	0.997	0.840016
96	0.239	-0.812	0.532	0.723826
97	0.465	-0.377	0.801	1.08421
98	0.997	-0.048	0.06	1.08421
99	0.849	0.435	0.299	1.00977
100	0.377	0.801	-0.465	1.00977
101	0.06	0.997	-0.048	1.00714
102	-0.764	0.562	-0.317	0.969165
103	-0.812	0.532	0.239	1.00719
104	-0.849	-0.435	0.299	1.01108
105	-0.562	-0.317	0.764	1.08634
106	0.299	-0.849	-0.435	0.991651
107	0.764	-0.562	-0.317	0.993297
108	0.532	0.239	-0.812	1.01108
109	-0.435	0.299	-0.849	0.723826
110	-0.801	-0.465	-0.377	1.08378
111	0.539	0.182	0.823	0.930644
112	0.431	0.781	0.452	1.08612
113	-0.272	0.879	0.392	0.930046
114	-0.599	0.34	0.725	1.00637
115	-0.098	-0.091	0.991	0.84227
116	0.272	-0.879	0.392	0.879064
117	0.599	-0.34	0.725	1.08396
118	0.991	-0.098	-0.091	1.12633
119	0.823	0.539	0.182	1.00637
120	0.34	0.725	-0.599	1.00361
121	-0.091	0.991	-0.098	1.12633
122	-0.781	0.452	-0.431	1.00637
123	-0.879	0.392	0.272	0.721639
124	-0.823	-0.539	0.182	0.933004
125	-0.452	-0.431	0.781	0.841274
126	0.182	-0.823	-0.539	1.08421
127	0.781	-0.452	-0.431	0.933004
128	0.392	0.272	-0.879	0.971464
129	-0.539	0.182	-0.823	1.08474
130	-0.725	-0.599	-0.34	0.930908
131	0.629	0.06	0.775	0.722327
132	0.534	0.778	0.331	0.993522
133	-0.299	0.923	0.242	0.930046
134	-0.718	0.295	0.63	1.08288
135	-0.145	-0.239	0.96	1.08396
136	0.299	-0.923	0.242	0.879235
137	0.718	-0.295	0.63	0.842559
138	0.96	-0.145	-0.239	0.879064
139	0.775	0.629	0.06	0.841274
140	0.295	0.63	-0.718	1.00637
141	-0.239	0.96	-0.145	0.842342
142	-0.778	0.331	-0.534	0.935265
143	-0.923	0.242	0.299	0.933004
144	-0.775	-0.629	0.06	0.879235
145	-0.331	-0.534	0.778	0.84227
146	0.06	-0.775	-0.629	0.967954
147	0.778	-0.331	-0.534	1.08474
148	0.242	0.299	-0.923	0.879323
149	-0.629	0.06	-0.775	0.840016
150	-0.63	-0.718	-0.295	1.00637
151	0.7	-0.058	0.712	0.721639
152	0.619	0.757	0.209	0.879756
153	-0.317	0.944	0.093	1.00361
154	-0.815	0.244	0.526	1.08421
155	-0.187	-0.375	0.908	0.725134
156	0.317	-0.944	0.093	1.0084
157	0.815	-0.244	0.526	1.12742
158	0.908	-0.187	-0.375	1.00719
159	0.712	0.7	-0.058	0.879235
160	0.244	0.526	-0.815	1.08288
161	-0.375	0.908	-0.187	1.08378
162	-0.757	0.209	-0.619	0.935265
163	-0.944	0.093	0.317	1.08612
164	-0.712	-0.7	-0.058	1.08608
165	-0.209	-0.619	0.757	0.930908
166	-0.058	-0.712	-0.7	0.933004
167	0.757	-0.209	-0.619	0.993522
168	0.093	0.317	-0.944	1.08474
169	-0.7	-0.058	-0.712	1.12742
170	-0.526	-0.815	-0.244	1.01108
171	0	0.526	0.851	0.969165
172	0.087	0.459	0.884	0.721639
173	0.098	0.573	0.813	1.08634
174	-0.027	0.617	0.786	1.00735
175	-0.114	0.53	0.84	1.00637
176	-0.044	0.432	0.901	1.08403
177	0.027	-0.617	0.786	1.08585
178	0.114	-0.53	0.84	0.993297
179	0.901	-0.044	0.432	0.50183
180	0.884	0.087	0.459	1.08634
181	0.53	0.84	-0.114	0.84227
182	0.432	0.901	-0.044	0.930046
183	-0.573	0.813	-0.098	0.50183
184	-0.617	0.786	0.027	0.720474
185	-0.884	-0.087	0.459	1.00653
186	-0.813	-0.098	0.573	0.935265
187	0.459	-0.884	-0.087	1.01108
188	0.573	-0.813	-0.098	1.00735
189	0.786	0.027	-0.617	1.08634
190	-0.087	0.459	-0.884	1.00361
191	-0.84	-0.114	-0.53	0.933004
192	0.187	0.375	0.908	1.12633
193	0.209	0.619	0.757	0.969165
194	-0.058	0.712	0.7	0.880712
195	-0.244	0.526	0.815	0.879323
196	-0.093	0.317	0.944	0.725134
197	0.058	-0.712	0.7	0.842342
198	0.244	-0.526	0.815	1.12376
199	0.944	-0.093	0.317	0.50183
200	0.908	0.187	0.375	1.00735
201	0.526	0.815	-0.244	1.0084
202	0.317	0.944	-0.093	0.930046
203	-0.619	0.757	-0.209	0.50183
204	-0.712	0.7	0.058	0.993743
205	-0.908	-0.187	0.375	0.725134
206	-0.757	-0.209	0.619	0.50183
207	0.375	-0.908	-0.187	0.720474
208	0.619	-0.757	-0.209	1.00735
209	0.7	0.058	-0.712	0.841274
210	-0.187	0.375	-0.908	1.00653
211	-0.815	-0.244	-0.526	0.971464
212	0.294	0.272	0.916	0.720474
213	0.329	0.657	0.678	1.08288
214	-0.091	0.804	0.588	1.00361
215	-0.385	0.51	0.769	1.00735
216	-0.147	0.182	0.972	1.08612
217	0.091	-0.804	0.588	0.993522
218	0.385	-0.51	0.769	0.990376
219	0.972	-0.147	0.182	0.720474
220	0.916	0.294	0.272	1.08421
221	0.51	0.769	-0.385	0.971094
222	0.182	0.972	-0.147	1.08585
223	-0.657	0.678	-0.329	1.08378
224	-0.804	0.588	0.091	0.930908
225	-0.916	-0.294	0.272	1.08288
226	-0.678	-0.329	0.657	0.967954
227	0.272	-0.916	-0.294	0.721639
228	0.657	-0.678	-0.329	0.971464
229	0.588	0.091	-0.804	1.01148
230	-0.294	0.272	-0.916	1.08634
231	-0.769	-0.385	-0.51	0.879756
232	0.402	0.155	0.902	0.993297
233	0.45	0.682	0.577	1.08421
234	-0.124	0.883	0.453	0.971703
235	-0.527	0.481	0.701	1.00361
236	-0.201	0.031	0.979	1.01108
237	0.124	-0.883	0.453	1.08421
238	0.527	-0.481	0.701	0.725134
239	0.979	-0.201	0.031	0.993297
240	0.902	0.402	0.155	0.721639
241	0.481	0.701	-0.527	0.880712
242	0.031	0.979	-0.201	1.01148
243	-0.682	0.577	-0.45	0.930046
244	-0.883	0.453	0.124	0.933004
245	-0.902	-0.402	0.155	0.842559
246	-0.577	-0.45	0.682	0.993297
247	0.155	-0.902	-0.402	0.991651
248	0.682	-0.577	-0.45	0.993743
249	0.453	0.124	-0.883	0.721639
250	-0.402	0.155	-0.902	0.841274
251	-0.701	-0.527	-0.481	1.00714
252	0.503	0.031	0.864	0.840016
253	0.562	0.689	0.457	0.993297
254	-0.155	0.941	0.302	0.842342
255	-0.658	0.438	0.612	1.12742
256	-0.251	-0.124	0.96	0.969165
257	0.155	-0.941	0.302	1.08396
258	0.658	-0.438	0.612	0.722327
259	0.96	-0.251	-0.124	1.01148
260	0.864	0.503	0.031	1.08474
261	0.438	0.612	-0.658	0.967954
262	-0.124	0.96	-0.251	0.50183
263	-0.689	0.457	-0.562	1.00361
264	-0.941	0.302	0.155	0.969165
265	-0.864	-0.503	0.031	1.0084
266	-0.457	-0.562	0.689	0.840016
267	0.031	-0.864	-0.503	0.971703
268	0.689	-0.457	-0.562	1.08396
269	0.302	0.155	-0.941	1.00653
270	-0.503	0.031	-0.864	0.50183
271	-0.612	-0.658	-0.438	0.991651
272	0.588	-0.091	0.804	1.00714
273	0.657	0.678	0.329	0.993743
274	-0.182	0.972	0.147	1.00714
275	-0.769	0.385	0.51	1.12376
276	-0.294	-0.272	0.916	1.12742
277	0.182	-0.972	0.147	0.993743
278	0.769	-0.385	0.51	0.967954
279	0.916	-0.294	-0.272	1.00361
280	0.804	0.588	-0.091	1.08288
281	0.385	0.51	-0.769	1.00653
282	-0.272	0.916	-0.294	0.720474
283	-0.678	0.329	-0.657	0.971094
284	-0.972	0.147	0.182	0.930644
285	-0.804	-0.588	-0.091	1.00653
286	-0.329	-0.657	0.678	1.08378
287	-0.091	-0.804	-0.588	0.933004
288	0.678	-0.329	-0.657	1.08608
289	0.147	0.182	-0.972	0.991651
290	-0.588	-0.091	-0.804	0.879756
291	-0.51	-0.769	-0.385	1.00653
292	0.202	-0.979	0	0.879756
293	0.855	-0.326	0.404	0.842559
294	0.73	0.653	-0.202	1.00361
295	-0.404	0.855	-0.326	1.12742
296	-0.979	0	0.202	0.841274
297	-0.202	-0.73	0.653	0.930908
298	-0.202	-0.73	-0.653	0.84227
299	0.653	-0.202	-0.73	1.00714
300	0	0.202	-0.979	0.991651
301	-0.653	-0.202	-0.73	1.08634
302	-0.404	-0.855	-0.326	1.08608
303	0.046	0.338	0.94	1.08403
304	0.211	0.496	0.842	1.08612
305	0.085	0.679	0.729	0.971094
306	-0.158	0.633	0.758	0.993297
307	-0.182	0.423	0.888	1.08585
308	-0.085	-0.679	0.729	1.0084
309	0.158	-0.633	0.758	1.12742
310	0.888	-0.182	0.423	0.990376
311	0.94	0.046	0.338	0.930908
312	0.633	0.758	-0.158	1.08288
313	0.423	0.888	-0.182	0.84227
314	-0.496	0.842	-0.211	0.969165
315	-0.679	0.729	-0.085	0.842559
316	-0.94	-0.046	0.338	0.993297
317	-0.842	-0.211	0.496	0.879064
318	0.338	-0.94	-0.046	1.01148
319	0.496	-0.842	-0.211	1.08421
320	0.729	-0.085	-0.679	1.08585
321	-0.046	0.338	-0.94	1.08612
322	-0.758	-0.158	-0.633	1.00637
323	0.145	0.239	0.96	0.879323
324	0.331	0.534	0.778	0.930644
325	0.06	0.775	0.629	1.00735
326	-0.295	0.63	0.718	0.935265
327	-0.242	0.299	0.923	1.12633
328	-0.06	-0.775	0.629	0.993743
329	0.295	-0.63	0.718	0.723826
330	0.923	-0.242	0.299	0.879235
331	0.96	0.145	0.239	0.842342
332	0.63	0.718	-0.295	0.721639
333	0.299	0.923	-0.242	0.971094
334	-0.534	0.778	-0.331	0.841274
335	-0.775	0.629	-0.06	0.879064
336	-0.96	-0.145	0.239	0.879064
337	-0.778	-0.331	0.534	0.967954
338	0.239	-0.96	-0.145	1.08396
339	0.534	-0.778	-0.331	1.08474
340	0.629	-0.06	-0.775	0.880712
341	-0.145	0.239	-0.96	0.879323
342	-0.718	-0.295	-0.63	0.991651
343	0.251	0.124	0.96	0.971703
344	0.457	0.562	0.689	0.725134
345	0.031	0.864	0.503	0.930644
346	-0.438	0.612	0.658	0.880712
347	-0.302	0.155	0.941	1.01108
348	-0.031	-0.864	0.503	1.00977
349	0.438	-0.612	0.658	0.879235
350	0.941	-0.302	0.155	1.01148
351	0.96	0.251	0.124	0.725134
352	0.612	0.658	-0.438	1.00714
353	0.155	0.941	-0.302	0.725134
354	-0.562	0.689	-0.457	0.990376
355	-0.864	0.503	-0.031	0.842559
356	-0.96	-0.251	0.124	1.08585
357	-0.689	-0.457	0.562	1.0084
358	0.124	-0.96	-0.251	1.00719
359	0.562	-0.689	-0.457	0.930046
360	0.503	-0.031	-0.864	0.722327
361	-0.251	0.124	-0.96	0.933004
362	-0.658	-0.438	-0.612	0.50183
363	0.357	0	0.934	0.933004
364	0.577	0.577	0.577	0.842559
365	-0	0.934	0.357	0.84227
366	-0.577	0.577	0.577	0.723826
367	-0.357	-0	0.934	1.08634
368	0	-0.934	0.357	1.0084
369	0.577	-0.577	0.577	1.08403
370	0.934	-0.357	-0	0.723826
371	0.934	0.357	0	1.12742
372	0.577	0.577	-0.577	0.971094
373	-0	0.934	-0.357	0.723826
374	-0.577	0.577	-0.577	0.971703
375	-0.934	0.357	0	0.720474
376	-0.934	-0.357	0	0.879235
377	-0.577	-0.577	0.577	0.879756
378	0	-0.934	-0.357	0.967954
379	0.577	-0.577	-0.577	0.930644
380	0.357	0	-0.934	0.969165
381	-0.357	0	-0.934	1.0084
382	-0.577	-0.577	-0.577	1.08403
383	0.453	-0.124	0.883	1.08608
384	0.682	0.577	0.45	1.08421
385	-0.031	0.979	0.201	1.08585
386	-0.701	0.527	0.481	0.879235
387	-0.402	-0.155	0.902	0.971464
388	0.031	-0.979	0.201	1.00653
389	0.701	-0.527	0.481	0.993522
390	0.902	-0.402	-0.155	1.0084
391	0.883	0.453	-0.124	1.01148
392	0.527	0.481	-0.701	0.879756
393	-0.155	0.902	-0.402	1.08403
394	-0.577	0.45	-0.682	0.84227
395	-0.979	0.201	0.031	0.879323
396	-0.883	-0.453	-0.124	1.08288
397	-0.45	-0.682	0.577	1.0084
398	-0.124	-0.883	-0.453	1.08585
399	0.577	-0.45	-0.682	0.935265
400	0.201	0.031	-0.979	0.879064
401	-0.453	-0.124	-0.883	1.08421
402	-0.481	-0.701	-0.527	0.930644
403	0.532	-0.239	0.812	0.971094
404	0.764	0.562	0.317	0.840016
405	-0.06	0.997	0.048	1.08288
406	-0.801	0.465	0.377	0.993743
407	-0.435	-0.299	0.849	0.842342
408	0.06	-0.997	0.048	0.722327
409	0.801	-0.465	0.377	0.990376
410	0.849	-0.435	-0.299	0.991651
411	0.812	0.532	-0.239	1.08612
412	0.465	0.377	-0.801	1.08403
413	-0.299	0.849	-0.435	0.971464
414	-0.562	0.317	-0.764	1.08403
415	-0.997	0.048	0.06	1.00361
416	-0.812	-0.532	-0.239	0.930644
417	-0.317	-0.764	0.562	1.01148
418	-0.239	-0.812	-0.532	1.08396
419	0.562	-0.317	-0.764	0.930908
420	0.048	0.06	-0.997	1.00735
421	-0.532	-0.239	-0.812	0.933004
422	-0.377	-0.801	-0.465	0.930644
423	0.098	0.091	0.991	1.00714
424	0.452	0.431	0.781	0.990376
425	0.182	0.823	0.539	1.12742
426	-0.34	0.725	0.599	0.930908
427	-0.392	0.272	0.879	0.725134
428	-0.182	-0.823	0.539	1.08378
429	0.34	-0.725	0.599	1.08396
430	0.879	-0.392	0.272	0.842342
431	0.991	0.098	0.091	1.01148
432	0.725	0.599	-0.34	0.50183
433	0.272	0.879	-0.392	0.930046
434	-0.431	0.781	-0.452	0.50183
435	-0.823	0.539	-0.182	1.01148
436	-0.991	-0.098	0.091	0.721639
437	-0.781	-0.452	0.431	1.08608
438	0.091	-0.991	-0.098	1.08421
439	0.431	-0.781	-0.452	1.01108
440	0.539	-0.182	-0.823	0.720474
441	-0.098	0.091	-0.991	1.01108
442	-0.599	-0.34	-0.725	0.840016
443	0.201	-0.031	0.979	0.990376
444	0.577	0.45	0.682	0.725134
445	0.155	0.902	0.402	0.971464
446	-0.481	0.701	0.527	0.935265
447	-0.453	0.124	0.883	1.12376
448	-0.155	-0.902	0.402	1.00977
449	0.481	-0.701	0.527	0.842559
450	0.883	-0.453	0.124	0.971703
451	0.979	0.201	-0.031	1.12376
452	0.701	0.527	-0.481	0.971703
453	0.124	0.883	-0.453	1.08612
454	-0.45	0.682	-0.577	0.879323
455	-0.902	0.402	-0.155	0.879235
456	-0.979	-0.201	-0.031	0.971094
457	-0.682	-0.577	0.45	0.722327
458	-0.031	-0.979	-0.201	0.930644
459	0.45	-0.682	-0.577	0.84227
460	0.402	-0.155	-0.902	1.08474
461	-0.201	-0.031	-0.979	1.00719
462	-0.527	-0.481	-0.701	1.08396
463	0.302	-0.155	0.941	1.08608
464	0.689	0.457	0.562	1.0084
465	0.124	0.96	0.251	0.969165
466	-0.612	0.658	0.438	1.00977
467	-0.503	-0.031	0.864	0.991651
468	-0.124	-0.96	0.251	0.880712
469	0.612	-0.658	0.438	0.993743
470	0.864	-0.503	-0.031	0.842559
471	0.941	0.302	-0.155	1.00735
472	0.658	0.438	-0.612	1.00977
473	-0.031	0.864	-0.503	0.842342
474	-0.457	0.562	-0.689	1.08288
475	-0.96	0.251	-0.124	1.01108
476	-0.941	-0.302	-0.155	1.08378
477	-0.562	-0.689	0.457	1.12742
478	-0.155	-0.941	-0.302	0.993743
479	0.457	-0.562	-0.689	0.933004
480	0.251	-0.124	-0.96	0.930644
481	-0.302	-0.155	-0.941	0.993522
482	-0.438	-0.612	-0.658	0.993297
483	0.392	-0.272	0.879	1.01148
484	0.781	0.452	0.431	1.08585
485	0.091	0.991	0.098	0.879756
486	-0.725	0.599	0.34	0.840016
487	-0.539	-0.182	0.823	1.08608
488	-0.091	-0.991	0.098	1.01148
489	0.725	-0.599	0.34	0.933004
490	0.823	-0.539	-0.182	1.12742
491	0.879	0.392	-0.272	0.969165
492	0.599	0.34	-0.725	0.930046
493	-0.182	0.823	-0.539	0.930644
494	-0.452	0.431	-0.781	1.00714
495	-0.991	0.098	-0.091	0.967954
496	-0.879	-0.392	-0.272	1.08612
497	-0.431	-0.781	0.452	0.721639
498	-0.272	-0.879	-0.392	1.00637
499	0.452	-0.431	-0.781	0.721639
500	0.098	-0.091	-0.991	1.08288
501	-0.392	-0.272	-0.879	0.935265
502	-0.34	-0.725	-0.599	0.722327
503	0.048	-0.06	0.997	1.01108
504	0.562	0.317	0.764	0.880712
505	0.299	0.849	0.435	1.00637
506	-0.377	0.801	0.465	1.08474
507	-0.532	0.239	0.812	0.879235
508	-0.299	-0.849	0.435	1.08378
509	0.377	-0.801	0.465	0.935265
510	0.812	-0.532	0.239	1.08378
511	0.997	0.048	-0.06	0.725134
512	0.801	0.465	-0.377	1.12742
513	0.239	0.812	-0.532	0.879323
514	-0.317	0.764	-0.562	1.00719
515	-0.849	0.435	-0.299	0.879064
516	-0.997	-0.048	-0.06	0.969165
517	-0.764	-0.562	0.317	1.00714
518	-0.06	-0.997	-0.048	1.00977
519	0.317	-0.764	-0.562	0.967954
520	0.435	-0.299	-0.849	0.879323
521	-0.048	-0.06	-0.997	0.841274
522	-0.465	-0.377	-0.801	0.993522
523	0.147	-0.182	0.972	1.08403
524	0.678	0.329	0.657	1.08403
525	0.272	0.916	0.294	1.08403
526	-0.51	0.769	0.385	1.08396
527	-0.588	0.091	0.804	0.879756
528	-0.272	-0.916	0.294	0.880712
529	0.51	-0.769	0.385	1.01148
530	0.804	-0.588	0.091	0.990376
531	0.972	0.147	-0.182	0.842559
532	0.769	0.385	-0.51	1.08585
533	0.091	0.804	-0.588	1.08396
534	-0.329	0.657	-0.678	0.930046
535	-0.916	0.294	-0.272	1.00653
536	-0.972	-0.147	-0.182	1.00977
537	-0.657	-0.678	0.329	0.879064
538	-0.182	-0.972	-0.147	0.879064
539	0.329	-0.657	-0.678	0.722327
540	0.294	-0.272	-0.916	0.993297
541	-0.147	-0.182	-0.972	1.08474
542	-0.385	-0.51	-0.769	0.879235
543	0.242	-0.299	0.923	1.08608
544	0.778	0.331	0.534	1.08608
545	0.239	0.96	0.145	0.971464
546	-0.63	0.718	0.295	0.84227
547	-0.629	-0.06	0.775	0.990376
548	-0.239	-0.96	0.145	0.880712
549	0.63	-0.718	0.295	0.84227
550	0.775	-0.629	-0.06	1.0084
551	0.923	0.242	-0.299	0.879064
552	0.718	0.295	-0.63	0.935265
553	-0.06	0.775	-0.629	0.930908
554	-0.331	0.534	-0.778	1.08403
555	-0.96	0.145	-0.239	1.00719
556	-0.923	-0.242	-0.299	0.971464
557	-0.534	-0.778	0.331	1.08634
558	-0.299	-0.923	-0.242	0.971464
559	0.331	-0.534	-0.778	0.842342
560	0.145	-0.239	-0.96	0.993522
561	-0.242	-0.299	-0.923	1.00361
562	-0.295	-0.63	-0.718	1.00735
563	-0.202	-0.979	0	0.990376
564	0.73	-0.653	0.202	1.08612
565	0.855	0.326	-0.404	0.721639
566	-0.202	0.73	-0.653	0.879323
567	-0.979	0	-0.202	0.971703
568	-0.404	-0.855	0.326	0.880712
569	0.326	-0.404	-0.855	1.00977
570	0	-0.202	-0.979	0.879323
571	-0.326	-0.404	-0.855	0.969165
572	0.093	-0.317	0.944	0.993522
573	0.757	0.209	0.619	0.50183
574	0.375	0.908	0.187	0.723826
575	-0.526	0.815	0.244	0.722327
576	-0.7	0.058	0.712	0.722327
577	-0.375	-0.908	0.187	1.00977
578	0.526	-0.815	0.244	1.00719
579	0.712	-0.7	0.058	0.840016
580	0.944	0.093	-0.317	1.00719
581	0.815	0.244	-0.526	1.00719
582	0.058	0.712	-0.7	0.971703
583	-0.209	0.619	-0.757	0.930046
584	-0.908	0.187	-0.375	1.00719
585	-0.944	-0.093	-0.317	0.879756
586	-0.619	-0.757	0.209	1.08378
587	-0.317	-0.944	-0.093	0.967954
588	0.209	-0.619	-0.757	0.971464
589	0.187	-0.375	-0.908	0.84227
590	-0.093	-0.317	-0.944	0.879756
591	-0.244	-0.526	-0.815	0.930908
592	0.182	-0.423	0.888	1.00714
593	0.842	0.211	0.496	1.08288
594	0.338	0.94	0.046	1.08288
595	-0.633	0.758	0.158	0.840016
596	-0.729	-0.085	0.679	0.84227
597	-0.338	-0.94	0.046	1.08403
598	0.633	-0.758	0.158	0.930046
599	0.679	-0.729	-0.085	0.971094
600	0.888	0.182	-0.423	1.00735
601	0.758	0.158	-0.633	0.842342
602	-0.085	0.679	-0.729	0.841274
603	-0.211	0.496	-0.842	0.720474
604	-0.94	0.046	-0.338	0.971703
605	-0.888	-0.182	-0.423	0.842342
606	-0.496	-0.842	0.211	1.00361
607	-0.423	-0.888	-0.182	1.08608
608	0.211	-0.496	-0.842	0.993743
609	0.046	-0.338	-0.94	1.08612
610	-0.182	-0.423	-0.888	1.00714
611	-0.158	-0.633	-0.758	0.879064
612	0.044	-0.432	0.901	0.720474
613	0.813	0.098	0.573	1.00735
614	0.459	0.884	0.087	1.08421
615	-0.53	0.84	0.114	1.08474
616	-0.786	0.027	0.617	0.840016
617	-0.459	-0.884	0.087	0.842559
618	0.53	-0.84	0.114	1.00637
619	0.617	-0.786	0.027	1.00637
620	0.901	0.044	-0.432	0.993743
621	0.84	0.114	-0.53	0.841274
622	0.027	0.617	-0.786	0.991651
623	-0.098	0.573	-0.813	0.971703
624	-0.884	0.087	-0.459	0.723826
625	-0.901	-0.044	-0.432	0.967954
626	-0.573	-0.813	0.098	1.00719
627	-0.432	-0.901	-0.044	0.722327
628	0.098	-0.573	-0.813	0.971094
629	0.087	-0.459	-0.884	0.969165
630	-0.044	-0.432	-0.901	1.00977
631	-0.114	-0.53	-0.84	1.08378



# Number of Edges= 1890

edges: index vertex_index vertex_index length

0	0	51	0.115043	1
1	0	57	0.114599	1
2	0	179	0.115204	1
3	0	180	0.11466	1
4	0	613	0.115139	1
5	1	52	0.115139	1
6	1	59	0.115043	1
7	1	181	0.114599	1
8	1	182	0.115204	1
9	1	614	0.11466	1
10	2	53	0.115204	1
11	2	61	0.11466	1
12	2	183	0.115139	1
13	2	184	0.115043	1
14	2	615	0.114599	1
15	3	54	0.114599	1
16	3	63	0.115204	1
17	3	185	0.11466	1
18	3	186	0.115139	1
19	3	616	0.115043	1
20	4	55	0.11466	1
21	4	65	0.115139	1
22	4	177	0.115043	1
23	4	178	0.114599	1
24	4	612	0.115204	1
25	5	56	0.115204	1
26	5	187	0.11466	1
27	5	188	0.115139	1
28	5	618	0.114599	1
29	5	619	0.115043	1
30	6	58	0.11466	1
31	6	67	0.115139	1
32	6	189	0.115043	1
33	6	620	0.115204	1
34	6	621	0.114599	1
35	7	60	0.114599	1
36	7	68	0.115204	1
37	7	190	0.11466	1
38	7	622	0.115043	1
39	7	623	0.115139	1
40	8	62	0.115139	1
41	8	69	0.115043	1
42	8	191	0.114599	1
43	8	624	0.11466	1
44	8	625	0.115204	1
45	9	64	0.115043	1
46	9	70	0.114599	1
47	9	617	0.11466	1
48	9	626	0.115139	1
49	9	627	0.115204	1
50	10	66	0.115043	1
51	10	628	0.115139	1
52	10	629	0.11466	1
53	10	630	0.115204	1
54	10	631	0.114599	1
55	11	31	0.148546	1
56	11	111	0.148476	1
57	11	131	0.150881	1
58	11	504	0.150539	1
59	11	524	0.148603	1
60	11	573	0.152269	1
61	12	32	0.147845	1
62	12	112	0.148597	1
63	12	132	0.151175	1
64	12	505	0.151466	1
65	12	525	0.148893	1
66	12	574	0.151562	1
67	13	33	0.14895	1
68	13	113	0.149519	1
69	13	133	0.150682	1
70	13	506	0.151545	1
71	13	526	0.148704	1
72	13	575	0.152342	1
73	14	34	0.149566	1
74	14	114	0.148273	1
75	14	134	0.151242	1
76	14	507	0.150778	1
77	14	527	0.148398	1
78	14	576	0.152542	1
79	15	35	0.148772	1
80	15	115	0.148556	1
81	15	135	0.150848	1
82	15	503	0.15097	1
83	15	523	0.148519	1
84	15	572	0.151984	1
85	16	36	0.14895	1
86	16	116	0.149519	1
87	16	136	0.150682	1
88	16	509	0.151545	1
89	16	529	0.148704	1
90	16	578	0.152342	1
91	17	37	0.149566	1
92	17	117	0.148273	1
93	17	137	0.151242	1
94	17	151	0.152542	1
95	17	272	0.148398	1
96	17	403	0.150778	1
97	18	38	0.148772	1
98	18	118	0.148556	1
99	18	138	0.150848	1
100	18	511	0.15097	1
101	18	531	0.148519	1
102	18	580	0.151984	1
103	19	39	0.148546	1
104	19	119	0.148476	1
105	19	139	0.150881	1
106	19	152	0.152269	1
107	19	273	0.148603	1
108	19	404	0.150539	1
109	20	40	0.149566	1
110	20	120	0.148273	1
111	20	140	0.151242	1
112	20	513	0.150778	1
113	20	533	0.148398	1
114	20	582	0.152542	1
115	21	41	0.148772	1
116	21	121	0.148556	1
117	21	141	0.150848	1
118	21	153	0.151984	1
119	21	274	0.148519	1
120	21	405	0.15097	1
121	22	42	0.147845	1
122	22	122	0.148597	1
123	22	142	0.151175	1
124	22	515	0.151466	1
125	22	535	0.148893	1
126	22	584	0.151562	1
127	23	43	0.14895	1
128	23	123	0.149519	1
129	23	143	0.150682	1
130	23	154	0.152342	1
131	23	275	0.148704	1
132	23	406	0.151545	1
133	24	44	0.148546	1
134	24	124	0.148476	1
135	24	144	0.150881	1
136	24	517	0.150539	1
137	24	537	0.148603	1
138	24	586	0.152269	1
139	25	45	0.147845	1
140	25	125	0.148597	1
141	25	145	0.151175	1
142	25	155	0.151562	1
143	25	276	0.148893	1
144	25	407	0.151466	1
145	26	46	0.148546	1
146	26	126	0.148476	1
147	26	146	0.150881	1
148	26	519	0.150539	1
149	26	539	0.148603	1
150	26	588	0.152269	1
151	27	47	0.147845	1
152	27	127	0.148597	1
153	27	147	0.151175	1
154	27	158	0.151562	1
155	27	279	0.148893	1
156	27	410	0.151466	1
157	28	48	0.14895	1
158	28	128	0.149519	1
159	28	148	0.150682	1
160	28	160	0.152342	1
161	28	281	0.148704	1
162	28	412	0.151545	1
163	29	49	0.148546	1
164	29	129	0.148476	1
165	29	149	0.150881	1
166	29	162	0.152269	1
167	29	283	0.148603	1
168	29	414	0.150539	1
169	30	50	0.149566	1
170	30	130	0.148273	1
171	30	150	0.151242	1
172	30	164	0.152542	1
173	30	285	0.148398	1
174	30	416	0.150778	1
175	31	51	0.140132	1
176	31	131	0.140858	1
177	31	151	0.149596	1
178	31	573	0.14057	1
179	31	613	0.135871	1
180	32	52	0.139782	1
181	32	132	0.141209	1
182	32	152	0.149526	1
183	32	574	0.139904	1
184	32	614	0.136048	1
185	33	53	0.138903	1
186	33	133	0.14213	1
187	33	153	0.149308	1
188	33	575	0.140648	1
189	33	615	0.135562	1
190	34	54	0.138813	1
191	34	134	0.142752	1
192	34	154	0.148641	1
193	34	576	0.140018	1
194	34	616	0.134911	1
195	35	55	0.139492	1
196	35	135	0.141428	1
197	35	155	0.149245	1
198	35	572	0.140634	1
199	35	612	0.135857	1
200	36	56	0.138903	1
201	36	136	0.14213	1
202	36	156	0.149308	1
203	36	578	0.140648	1
204	36	618	0.135562	1
205	37	51	0.134911	1
206	37	57	0.138813	1
207	37	137	0.142752	1
208	37	151	0.140018	1
209	37	157	0.148641	1
210	38	58	0.139492	1
211	38	138	0.141428	1
212	38	158	0.149245	1
213	38	580	0.140634	1
214	38	620	0.135857	1
215	39	52	0.135871	1
216	39	59	0.140132	1
217	39	139	0.140858	1
218	39	152	0.14057	1
219	39	159	0.149596	1
220	40	60	0.138813	1
221	40	140	0.142752	1
222	40	160	0.148641	1
223	40	582	0.140018	1
224	40	622	0.134911	1
225	41	53	0.135857	1
226	41	61	0.139492	1
227	41	141	0.141428	1
228	41	153	0.140634	1
229	41	161	0.149245	1
230	42	62	0.139782	1
231	42	142	0.141209	1
232	42	162	0.149526	1
233	42	584	0.139904	1
234	42	624	0.136048	1
235	43	54	0.135562	1
236	43	63	0.138903	1
237	43	143	0.14213	1
238	43	154	0.140648	1
239	43	163	0.149308	1
240	44	64	0.140132	1
241	44	144	0.140858	1
242	44	164	0.149596	1
243	44	586	0.14057	1
244	44	626	0.135871	1
245	45	55	0.136048	1
246	45	65	0.139782	1
247	45	145	0.141209	1
248	45	155	0.139904	1
249	45	165	0.149526	1
250	46	66	0.140132	1
251	46	146	0.140858	1
252	46	166	0.149596	1
253	46	588	0.14057	1
254	46	628	0.135871	1
255	47	58	0.136048	1
256	47	67	0.139782	1
257	47	147	0.141209	1
258	47	158	0.139904	1
259	47	167	0.149526	1
260	48	60	0.135562	1
261	48	68	0.138903	1
262	48	148	0.14213	1
263	48	160	0.140648	1
264	48	168	0.149308	1
265	49	62	0.135871	1
266	49	69	0.140132	1
267	49	149	0.140858	1
268	49	162	0.14057	1
269	49	169	0.149596	1
270	50	64	0.134911	1
271	50	70	0.138813	1
272	50	150	0.142752	1
273	50	164	0.140018	1
274	50	170	0.148641	1
275	51	57	0.134365	1
276	51	151	0.131841	1
277	51	613	0.135241	1
278	52	59	0.135241	1
279	52	152	0.132563	1
280	52	614	0.134752	1
281	53	61	0.13483	1
282	53	153	0.132193	1
283	53	615	0.135	1
284	54	63	0.135	1
285	54	154	0.132442	1
286	54	616	0.134365	1
287	55	65	0.134752	1
288	55	155	0.132786	1
289	55	612	0.13483	1
290	56	156	0.132193	1
291	56	187	0.13483	1
292	56	318	0.135857	1
293	56	618	0.135	1
294	57	157	0.132442	1
295	57	179	0.135	1
296	57	310	0.135562	1
297	58	67	0.134752	1
298	58	158	0.132786	1
299	58	620	0.13483	1
300	59	159	0.131841	1
301	59	181	0.134365	1
302	59	312	0.134911	1
303	60	68	0.135	1
304	60	160	0.132442	1
305	60	622	0.134365	1
306	61	161	0.132786	1
307	61	183	0.134752	1
308	61	314	0.136048	1
309	62	69	0.135241	1
310	62	162	0.132563	1
311	62	624	0.134752	1
312	63	163	0.132193	1
313	63	185	0.13483	1
314	63	316	0.135857	1
315	64	70	0.134365	1
316	64	164	0.131841	1
317	64	626	0.135241	1
318	65	165	0.132563	1
319	65	177	0.135241	1
320	65	308	0.135871	1
321	66	166	0.131841	1
322	66	611	0.134911	1
323	66	628	0.135241	1
324	66	631	0.134365	1
325	67	167	0.132563	1
326	67	189	0.135241	1
327	67	320	0.135871	1
328	68	168	0.132193	1
329	68	190	0.13483	1
330	68	321	0.135857	1
331	69	169	0.131841	1
332	69	191	0.134365	1
333	69	322	0.134911	1
334	70	170	0.132442	1
335	70	607	0.135562	1
336	70	627	0.135	1
337	71	91	0.151466	1
338	71	192	0.151562	1
339	71	212	0.148893	1
340	71	304	0.147845	1
341	71	324	0.151175	1
342	71	424	0.148597	1
343	72	92	0.150539	1
344	72	193	0.152269	1
345	72	213	0.148603	1
346	72	305	0.148546	1
347	72	325	0.150881	1
348	72	425	0.148476	1
349	73	93	0.150778	1
350	73	194	0.152542	1
351	73	214	0.148398	1
352	73	306	0.149566	1
353	73	326	0.151242	1
354	73	426	0.148273	1
355	74	94	0.151545	1
356	74	195	0.152342	1
357	74	215	0.148704	1
358	74	307	0.14895	1
359	74	327	0.150682	1
360	74	427	0.149519	1
361	75	95	0.15097	1
362	75	196	0.151984	1
363	75	216	0.148519	1
364	75	303	0.148772	1
365	75	323	0.150848	1
366	75	423	0.148556	1
367	76	96	0.150778	1
368	76	197	0.152542	1
369	76	217	0.148398	1
370	76	309	0.149566	1
371	76	329	0.151242	1
372	76	429	0.148273	1
373	77	97	0.151545	1
374	77	198	0.152342	1
375	77	218	0.148704	1
376	77	483	0.149519	1
377	77	543	0.150682	1
378	77	592	0.14895	1
379	78	98	0.15097	1
380	78	199	0.151984	1
381	78	219	0.148519	1
382	78	311	0.148772	1
383	78	331	0.150848	1
384	78	431	0.148556	1
385	79	99	0.151466	1
386	79	200	0.151562	1
387	79	220	0.148893	1
388	79	484	0.148597	1
389	79	544	0.151175	1
390	79	593	0.147845	1
391	80	100	0.151545	1
392	80	201	0.152342	1
393	80	221	0.148704	1
394	80	313	0.14895	1
395	80	333	0.150682	1
396	80	433	0.149519	1
397	81	101	0.15097	1
398	81	202	0.151984	1
399	81	222	0.148519	1
400	81	485	0.148556	1
401	81	545	0.150848	1
402	81	594	0.148772	1
403	82	102	0.150539	1
404	82	203	0.152269	1
405	82	223	0.148603	1
406	82	315	0.148546	1
407	82	335	0.150881	1
408	82	435	0.148476	1
409	83	103	0.150778	1
410	83	204	0.152542	1
411	83	224	0.148398	1
412	83	486	0.148273	1
413	83	546	0.151242	1
414	83	595	0.149566	1
415	84	104	0.151466	1
416	84	205	0.151562	1
417	84	225	0.148893	1
418	84	317	0.147845	1
419	84	337	0.151175	1
420	84	437	0.148597	1
421	85	105	0.150539	1
422	85	206	0.152269	1
423	85	226	0.148603	1
424	85	487	0.148476	1
425	85	547	0.150881	1
426	85	596	0.148546	1
427	86	106	0.151466	1
428	86	207	0.151562	1
429	86	227	0.148893	1
430	86	319	0.147845	1
431	86	339	0.151175	1
432	86	439	0.148597	1
433	87	107	0.150539	1
434	87	208	0.152269	1
435	87	228	0.148603	1
436	87	490	0.148476	1
437	87	550	0.150881	1
438	87	599	0.148546	1
439	88	108	0.150778	1
440	88	209	0.152542	1
441	88	229	0.148398	1
442	88	492	0.148273	1
443	88	552	0.151242	1
444	88	601	0.149566	1
445	89	109	0.151466	1
446	89	210	0.151562	1
447	89	230	0.148893	1
448	89	494	0.148597	1
449	89	554	0.151175	1
450	89	603	0.147845	1
451	90	110	0.151545	1
452	90	211	0.152342	1
453	90	231	0.148704	1
454	90	496	0.149519	1
455	90	556	0.150682	1
456	90	605	0.14895	1
457	91	111	0.158685	1
458	91	212	0.158427	1
459	91	232	0.156952	1
460	91	424	0.149456	1
461	91	504	0.153877	1
462	92	112	0.159327	1
463	92	213	0.158269	1
464	92	233	0.156965	1
465	92	425	0.149114	1
466	92	505	0.153877	1
467	93	113	0.158676	1
468	93	214	0.158442	1
469	93	234	0.156547	1
470	93	426	0.149195	1
471	93	506	0.153799	1
472	94	114	0.158433	1
473	94	215	0.158471	1
474	94	235	0.157035	1
475	94	427	0.149793	1
476	94	507	0.153799	1
477	95	115	0.159176	1
478	95	216	0.159091	1
479	95	236	0.156761	1
480	95	423	0.149375	1
481	95	503	0.153675	1
482	96	116	0.158676	1
483	96	217	0.158442	1
484	96	237	0.156547	1
485	96	429	0.149195	1
486	96	509	0.153799	1
487	97	117	0.158433	1
488	97	218	0.158471	1
489	97	238	0.157035	1
490	97	403	0.153799	1
491	97	483	0.149793	1
492	98	118	0.159176	1
493	98	219	0.159091	1
494	98	239	0.156761	1
495	98	431	0.149375	1
496	98	511	0.153675	1
497	99	119	0.158685	1
498	99	220	0.158427	1
499	99	240	0.156952	1
500	99	404	0.153877	1
501	99	484	0.149456	1
502	100	120	0.158433	1
503	100	221	0.158471	1
504	100	241	0.157035	1
505	100	433	0.149793	1
506	100	513	0.153799	1
507	101	121	0.159176	1
508	101	222	0.159091	1
509	101	242	0.156761	1
510	101	405	0.153675	1
511	101	485	0.149375	1
512	102	122	0.159327	1
513	102	223	0.158269	1
514	102	243	0.156965	1
515	102	435	0.149114	1
516	102	515	0.153877	1
517	103	123	0.158676	1
518	103	224	0.158442	1
519	103	244	0.156547	1
520	103	406	0.153799	1
521	103	486	0.149195	1
522	104	124	0.158685	1
523	104	225	0.158427	1
524	104	245	0.156952	1
525	104	437	0.149456	1
526	104	517	0.153877	1
527	105	125	0.159327	1
528	105	226	0.158269	1
529	105	246	0.156965	1
530	105	407	0.153877	1
531	105	487	0.149114	1
532	106	126	0.158685	1
533	106	227	0.158427	1
534	106	247	0.156952	1
535	106	439	0.149456	1
536	106	519	0.153877	1
537	107	127	0.159327	1
538	107	228	0.158269	1
539	107	248	0.156965	1
540	107	410	0.153877	1
541	107	490	0.149114	1
542	108	128	0.158676	1
543	108	229	0.158442	1
544	108	249	0.156547	1
545	108	412	0.153799	1
546	108	492	0.149195	1
547	109	129	0.158685	1
548	109	230	0.158427	1
549	109	250	0.156952	1
550	109	414	0.153877	1
551	109	494	0.149456	1
552	110	130	0.158433	1
553	110	231	0.158471	1
554	110	251	0.157035	1
555	110	416	0.153799	1
556	110	496	0.149793	1
557	111	131	0.159022	1
558	111	232	0.160434	1
559	111	252	0.160555	1
560	111	504	0.149114	1
561	112	132	0.158931	1
562	112	233	0.160583	1
563	112	253	0.160156	1
564	112	505	0.149456	1
565	113	133	0.158635	1
566	113	234	0.160128	1
567	113	254	0.160103	1
568	113	506	0.149793	1
569	114	134	0.15878	1
570	114	235	0.160128	1
571	114	255	0.160792	1
572	114	507	0.149195	1
573	115	135	0.158348	1
574	115	236	0.160116	1
575	115	256	0.159559	1
576	115	503	0.149375	1
577	116	136	0.158635	1
578	116	237	0.160128	1
579	116	257	0.160103	1
580	116	509	0.149793	1
581	117	137	0.15878	1
582	117	238	0.160128	1
583	117	258	0.160792	1
584	117	403	0.149195	1
585	118	138	0.158348	1
586	118	239	0.160116	1
587	118	259	0.159559	1
588	118	511	0.149375	1
589	119	139	0.159022	1
590	119	240	0.160434	1
591	119	260	0.160555	1
592	119	404	0.149114	1
593	120	140	0.15878	1
594	120	241	0.160128	1
595	120	261	0.160792	1
596	120	513	0.149195	1
597	121	141	0.158348	1
598	121	242	0.160116	1
599	121	262	0.159559	1
600	121	405	0.149375	1
601	122	142	0.158931	1
602	122	243	0.160583	1
603	122	263	0.160156	1
604	122	515	0.149456	1
605	123	143	0.158635	1
606	123	244	0.160128	1
607	123	264	0.160103	1
608	123	406	0.149793	1
609	124	144	0.159022	1
610	124	245	0.160434	1
611	124	265	0.160555	1
612	124	517	0.149114	1
613	125	145	0.158931	1
614	125	246	0.160583	1
615	125	266	0.160156	1
616	125	407	0.149456	1
617	126	146	0.159022	1
618	126	247	0.160434	1
619	126	267	0.160555	1
620	126	519	0.149114	1
621	127	147	0.158931	1
622	127	248	0.160583	1
623	127	268	0.160156	1
624	127	410	0.149456	1
625	128	148	0.158635	1
626	128	249	0.160128	1
627	128	269	0.160103	1
628	128	412	0.149793	1
629	129	149	0.159022	1
630	129	250	0.160434	1
631	129	270	0.160555	1
632	129	414	0.149114	1
633	130	150	0.15878	1
634	130	251	0.160128	1
635	130	271	0.160792	1
636	130	416	0.149195	1
637	131	151	0.15144	1
638	131	252	0.156965	1
639	131	272	0.159132	1
640	132	152	0.150167	1
641	132	253	0.156783	1
642	132	273	0.158534	1
643	133	153	0.151545	1
644	133	254	0.157035	1
645	133	274	0.158477	1
646	134	154	0.151083	1
647	134	255	0.156119	1
648	134	275	0.158433	1
649	135	155	0.151539	1
650	135	256	0.1564	1
651	135	276	0.158827	1
652	136	156	0.151545	1
653	136	257	0.157035	1
654	136	277	0.158477	1
655	137	157	0.151083	1
656	137	258	0.156119	1
657	137	278	0.158433	1
658	138	158	0.151539	1
659	138	259	0.1564	1
660	138	279	0.158827	1
661	139	159	0.15144	1
662	139	260	0.156965	1
663	139	280	0.159132	1
664	140	160	0.151083	1
665	140	261	0.156119	1
666	140	281	0.158433	1
667	141	161	0.151539	1
668	141	262	0.1564	1
669	141	282	0.158827	1
670	142	162	0.150167	1
671	142	263	0.156783	1
672	142	283	0.158534	1
673	143	163	0.151545	1
674	143	264	0.157035	1
675	143	284	0.158477	1
676	144	164	0.15144	1
677	144	265	0.156965	1
678	144	285	0.159132	1
679	145	165	0.150167	1
680	145	266	0.156783	1
681	145	286	0.158534	1
682	146	166	0.15144	1
683	146	267	0.156965	1
684	146	287	0.159132	1
685	147	167	0.150167	1
686	147	268	0.156783	1
687	147	288	0.158534	1
688	148	168	0.151545	1
689	148	269	0.157035	1
690	148	289	0.158477	1
691	149	169	0.15144	1
692	149	270	0.156965	1
693	149	290	0.159132	1
694	150	170	0.151083	1
695	150	271	0.156119	1
696	150	291	0.158433	1
697	151	272	0.148651	1
698	152	273	0.14861	1
699	153	274	0.148071	1
700	154	275	0.149174	1
701	155	276	0.148735	1
702	156	277	0.148071	1
703	156	292	0.151984	1
704	156	318	0.140634	1
705	157	278	0.149174	1
706	157	293	0.152342	1
707	157	310	0.140648	1
708	158	279	0.148735	1
709	159	280	0.148651	1
710	159	294	0.152542	1
711	159	312	0.140018	1
712	160	281	0.149174	1
713	161	282	0.148735	1
714	161	295	0.151562	1
715	161	314	0.139904	1
716	162	283	0.14861	1
717	163	284	0.148071	1
718	163	296	0.151984	1
719	163	316	0.140634	1
720	164	285	0.148651	1
721	165	286	0.14861	1
722	165	297	0.152269	1
723	165	308	0.14057	1
724	166	287	0.148651	1
725	166	298	0.152542	1
726	166	611	0.140018	1
727	167	288	0.14861	1
728	167	299	0.152269	1
729	167	320	0.14057	1
730	168	289	0.148071	1
731	168	300	0.151984	1
732	168	321	0.140634	1
733	169	290	0.148651	1
734	169	301	0.152542	1
735	169	322	0.140018	1
736	170	291	0.149174	1
737	170	302	0.152342	1
738	170	607	0.140648	1
739	171	172	0.11466	1
740	171	173	0.115139	1
741	171	174	0.115043	1
742	171	175	0.114599	1
743	171	176	0.115204	1
744	172	173	0.134752	1
745	172	176	0.13483	1
746	172	192	0.132786	1
747	172	303	0.139492	1
748	172	304	0.136048	1
749	173	174	0.135241	1
750	173	193	0.132563	1
751	173	304	0.139782	1
752	173	305	0.135871	1
753	174	175	0.134365	1
754	174	194	0.131841	1
755	174	305	0.140132	1
756	174	306	0.134911	1
757	175	176	0.135	1
758	175	195	0.132442	1
759	175	306	0.138813	1
760	175	307	0.135562	1
761	176	196	0.132193	1
762	176	303	0.135857	1
763	176	307	0.138903	1
764	177	178	0.134365	1
765	177	197	0.131841	1
766	177	308	0.140132	1
767	177	309	0.134911	1
768	178	198	0.132442	1
769	178	309	0.138813	1
770	178	592	0.135562	1
771	178	612	0.135	1
772	179	180	0.13483	1
773	179	199	0.132193	1
774	179	310	0.138903	1
775	179	311	0.135857	1
776	180	200	0.132786	1
777	180	311	0.139492	1
778	180	593	0.136048	1
779	180	613	0.134752	1
780	181	182	0.135	1
781	181	201	0.132442	1
782	181	312	0.138813	1
783	181	313	0.135562	1
784	182	202	0.132193	1
785	182	313	0.138903	1
786	182	594	0.135857	1
787	182	614	0.13483	1
788	183	184	0.135241	1
789	183	203	0.132563	1
790	183	314	0.139782	1
791	183	315	0.135871	1
792	184	204	0.131841	1
793	184	315	0.140132	1
794	184	595	0.134911	1
795	184	615	0.134365	1
796	185	186	0.134752	1
797	185	205	0.132786	1
798	185	316	0.139492	1
799	185	317	0.136048	1
800	186	206	0.132563	1
801	186	317	0.139782	1
802	186	596	0.135871	1
803	186	616	0.135241	1
804	187	188	0.134752	1
805	187	207	0.132786	1
806	187	318	0.139492	1
807	187	319	0.136048	1
808	188	208	0.132563	1
809	188	319	0.139782	1
810	188	599	0.135871	1
811	188	619	0.135241	1
812	189	209	0.131841	1
813	189	320	0.140132	1
814	189	601	0.134911	1
815	189	621	0.134365	1
816	190	210	0.132786	1
817	190	321	0.139492	1
818	190	603	0.136048	1
819	190	623	0.134752	1
820	191	211	0.132442	1
821	191	322	0.138813	1
822	191	605	0.135562	1
823	191	625	0.135	1
824	192	212	0.148735	1
825	192	303	0.149245	1
826	192	304	0.139904	1
827	192	323	0.151539	1
828	193	213	0.14861	1
829	193	304	0.149526	1
830	193	305	0.14057	1
831	193	324	0.150167	1
832	194	214	0.148651	1
833	194	305	0.149596	1
834	194	306	0.140018	1
835	194	325	0.15144	1
836	195	215	0.149174	1
837	195	306	0.148641	1
838	195	307	0.140648	1
839	195	326	0.151083	1
840	196	216	0.148071	1
841	196	303	0.140634	1
842	196	307	0.149308	1
843	196	327	0.151545	1
844	197	217	0.148651	1
845	197	308	0.149596	1
846	197	309	0.140018	1
847	197	328	0.15144	1
848	198	218	0.149174	1
849	198	309	0.148641	1
850	198	329	0.151083	1
851	198	592	0.140648	1
852	199	219	0.148071	1
853	199	310	0.149308	1
854	199	311	0.140634	1
855	199	330	0.151545	1
856	200	220	0.148735	1
857	200	311	0.149245	1
858	200	331	0.151539	1
859	200	593	0.139904	1
860	201	221	0.149174	1
861	201	312	0.148641	1
862	201	313	0.140648	1
863	201	332	0.151083	1
864	202	222	0.148071	1
865	202	313	0.149308	1
866	202	333	0.151545	1
867	202	594	0.140634	1
868	203	223	0.14861	1
869	203	314	0.149526	1
870	203	315	0.14057	1
871	203	334	0.150167	1
872	204	224	0.148651	1
873	204	315	0.149596	1
874	204	335	0.15144	1
875	204	595	0.140018	1
876	205	225	0.148735	1
877	205	316	0.149245	1
878	205	317	0.139904	1
879	205	336	0.151539	1
880	206	226	0.14861	1
881	206	317	0.149526	1
882	206	337	0.150167	1
883	206	596	0.14057	1
884	207	227	0.148735	1
885	207	318	0.149245	1
886	207	319	0.139904	1
887	207	338	0.151539	1
888	208	228	0.14861	1
889	208	319	0.149526	1
890	208	339	0.150167	1
891	208	599	0.14057	1
892	209	229	0.148651	1
893	209	320	0.149596	1
894	209	340	0.15144	1
895	209	601	0.140018	1
896	210	230	0.148735	1
897	210	321	0.149245	1
898	210	341	0.151539	1
899	210	603	0.139904	1
900	211	231	0.149174	1
901	211	322	0.148641	1
902	211	342	0.151083	1
903	211	605	0.140648	1
904	212	232	0.159841	1
905	212	323	0.158827	1
906	212	343	0.160278	1
907	213	233	0.159584	1
908	213	324	0.158534	1
909	213	344	0.159781	1
910	214	234	0.159859	1
911	214	325	0.159132	1
912	214	345	0.16034	1
913	215	235	0.160091	1
914	215	326	0.158433	1
915	215	346	0.159794	1
916	216	236	0.160518	1
917	216	327	0.158477	1
918	216	347	0.160359	1
919	217	237	0.159859	1
920	217	328	0.159132	1
921	217	348	0.16034	1
922	218	238	0.160091	1
923	218	329	0.158433	1
924	218	349	0.159794	1
925	219	239	0.160518	1
926	219	330	0.158477	1
927	219	350	0.160359	1
928	220	240	0.159841	1
929	220	331	0.158827	1
930	220	351	0.160278	1
931	221	241	0.160091	1
932	221	332	0.158433	1
933	221	352	0.159794	1
934	222	242	0.160518	1
935	222	333	0.158477	1
936	222	353	0.160359	1
937	223	243	0.159584	1
938	223	334	0.158534	1
939	223	354	0.159781	1
940	224	244	0.159859	1
941	224	335	0.159132	1
942	224	355	0.16034	1
943	225	245	0.159841	1
944	225	336	0.158827	1
945	225	356	0.160278	1
946	226	246	0.159584	1
947	226	337	0.158534	1
948	226	357	0.159781	1
949	227	247	0.159841	1
950	227	338	0.158827	1
951	227	358	0.160278	1
952	228	248	0.159584	1
953	228	339	0.158534	1
954	228	359	0.159781	1
955	229	249	0.159859	1
956	229	340	0.159132	1
957	229	360	0.16034	1
958	230	250	0.159841	1
959	230	341	0.158827	1
960	230	361	0.160278	1
961	231	251	0.160091	1
962	231	342	0.158433	1
963	231	362	0.159794	1
964	232	252	0.164381	1
965	232	343	0.1647	1
966	232	363	0.164542	1
967	233	253	0.164295	1
968	233	344	0.164295	1
969	233	364	0.164785	1
970	234	254	0.1647	1
971	234	345	0.16397	1
972	234	365	0.164903	1
973	235	255	0.164107	1
974	235	346	0.164107	1
975	235	366	0.164596	1
976	236	256	0.16397	1
977	236	347	0.164381	1
978	236	367	0.165294	1
979	237	257	0.1647	1
980	237	348	0.16397	1
981	237	368	0.164903	1
982	238	258	0.164107	1
983	238	349	0.164107	1
984	238	369	0.164596	1
985	239	259	0.16397	1
986	239	350	0.164381	1
987	239	370	0.165294	1
988	240	260	0.164381	1
989	240	351	0.1647	1
990	240	371	0.164542	1
991	241	261	0.164107	1
992	241	352	0.164107	1
993	241	372	0.164596	1
994	242	262	0.16397	1
995	242	353	0.164381	1
996	242	373	0.165294	1
997	243	263	0.164295	1
998	243	354	0.164295	1
999	243	374	0.164785	1
1000	244	264	0.1647	1
1001	244	355	0.16397	1
1002	244	375	0.164903	1
1003	245	265	0.164381	1
1004	245	356	0.1647	1
1005	245	376	0.164542	1
1006	246	266	0.164295	1
1007	246	357	0.164295	1
1008	246	377	0.164785	1
1009	247	267	0.164381	1
1010	247	358	0.1647	1
1011	247	378	0.164542	1
1012	248	268	0.164295	1
1013	248	359	0.164295	1
1014	248	379	0.164785	1
1015	249	269	0.1647	1
1016	249	360	0.16397	1
1017	249	380	0.164903	1
1018	250	270	0.164381	1
1019	250	361	0.1647	1
1020	250	381	0.164542	1
1021	251	271	0.164107	1
1022	251	362	0.164107	1
1023	251	382	0.164596	1
1024	252	272	0.16034	1
1025	252	363	0.164854	1
1026	252	383	0.16397	1
1027	253	273	0.159781	1
1028	253	364	0.16483	1
1029	253	384	0.164295	1
1030	254	274	0.160359	1
1031	254	365	0.164618	1
1032	254	385	0.164381	1
1033	255	275	0.159794	1
1034	255	366	0.164642	1
1035	255	386	0.164107	1
1036	256	276	0.160278	1
1037	256	367	0.165191	1
1038	256	387	0.1647	1
1039	257	277	0.160359	1
1040	257	368	0.164618	1
1041	257	388	0.164381	1
1042	258	278	0.159794	1
1043	258	369	0.164642	1
1044	258	389	0.164107	1
1045	259	279	0.160278	1
1046	259	370	0.165191	1
1047	259	390	0.1647	1
1048	260	280	0.16034	1
1049	260	371	0.164854	1
1050	260	391	0.16397	1
1051	261	281	0.159794	1
1052	261	372	0.164642	1
1053	261	392	0.164107	1
1054	262	282	0.160278	1
1055	262	373	0.165191	1
1056	262	393	0.1647	1
1057	263	283	0.159781	1
1058	263	374	0.16483	1
1059	263	394	0.164295	1
1060	264	284	0.160359	1
1061	264	375	0.164618	1
1062	264	395	0.164381	1
1063	265	285	0.16034	1
1064	265	376	0.164854	1
1065	265	396	0.16397	1
1066	266	286	0.159781	1
1067	266	377	0.16483	1
1068	266	397	0.164295	1
1069	267	287	0.16034	1
1070	267	378	0.164854	1
1071	267	398	0.16397	1
1072	268	288	0.159781	1
1073	268	379	0.16483	1
1074	268	399	0.164295	1
1075	269	289	0.160359	1
1076	269	380	0.164618	1
1077	269	400	0.164381	1
1078	270	290	0.16034	1
1079	270	381	0.164854	1
1080	270	401	0.16397	1
1081	271	291	0.159794	1
1082	271	382	0.164642	1
1083	271	402	0.164107	1
1084	272	383	0.159859	1
1085	272	403	0.158442	1
1086	273	384	0.159584	1
1087	273	404	0.158269	1
1088	274	385	0.160518	1
1089	274	405	0.159091	1
1090	275	386	0.160091	1
1091	275	406	0.158471	1
1092	276	387	0.159841	1
1093	276	407	0.158427	1
1094	277	292	0.148519	1
1095	277	388	0.160518	1
1096	277	408	0.159091	1
1097	278	293	0.148704	1
1098	278	389	0.160091	1
1099	278	409	0.158471	1
1100	279	390	0.159841	1
1101	279	410	0.158427	1
1102	280	294	0.148398	1
1103	280	391	0.159859	1
1104	280	411	0.158442	1
1105	281	392	0.160091	1
1106	281	412	0.158471	1
1107	282	295	0.148893	1
1108	282	393	0.159841	1
1109	282	413	0.158427	1
1110	283	394	0.159584	1
1111	283	414	0.158269	1
1112	284	296	0.148519	1
1113	284	395	0.160518	1
1114	284	415	0.159091	1
1115	285	396	0.159859	1
1116	285	416	0.158442	1
1117	286	297	0.148603	1
1118	286	397	0.159584	1
1119	286	417	0.158269	1
1120	287	298	0.148398	1
1121	287	398	0.159859	1
1122	287	418	0.158442	1
1123	288	299	0.148603	1
1124	288	399	0.159584	1
1125	288	419	0.158269	1
1126	289	300	0.148519	1
1127	289	400	0.160518	1
1128	289	420	0.159091	1
1129	290	301	0.148398	1
1130	290	401	0.159859	1
1131	290	421	0.158442	1
1132	291	302	0.148704	1
1133	291	402	0.160091	1
1134	291	422	0.158471	1
1135	292	318	0.148772	1
1136	292	338	0.150848	1
1137	292	408	0.15097	1
1138	292	438	0.148556	1
1139	293	310	0.14895	1
1140	293	330	0.150682	1
1141	293	409	0.151545	1
1142	293	430	0.149519	1
1143	294	312	0.149566	1
1144	294	332	0.151242	1
1145	294	411	0.150778	1
1146	294	432	0.148273	1
1147	295	314	0.147845	1
1148	295	334	0.151175	1
1149	295	413	0.151466	1
1150	295	434	0.148597	1
1151	296	316	0.148772	1
1152	296	336	0.150848	1
1153	296	415	0.15097	1
1154	296	436	0.148556	1
1155	297	308	0.148546	1
1156	297	328	0.150881	1
1157	297	417	0.150539	1
1158	297	428	0.148476	1
1159	298	418	0.150778	1
1160	298	502	0.148273	1
1161	298	562	0.151242	1
1162	298	611	0.149566	1
1163	299	320	0.148546	1
1164	299	340	0.150881	1
1165	299	419	0.150539	1
1166	299	440	0.148476	1
1167	300	321	0.148772	1
1168	300	341	0.150848	1
1169	300	420	0.15097	1
1170	300	441	0.148556	1
1171	301	322	0.149566	1
1172	301	342	0.151242	1
1173	301	421	0.150778	1
1174	301	442	0.148273	1
1175	302	422	0.151545	1
1176	302	498	0.149519	1
1177	302	558	0.150682	1
1178	302	607	0.14895	1
1179	303	323	0.141428	1
1180	304	324	0.141209	1
1181	305	325	0.140858	1
1182	306	326	0.142752	1
1183	307	327	0.14213	1
1184	308	328	0.140858	1
1185	309	329	0.142752	1
1186	310	330	0.14213	1
1187	311	331	0.141428	1
1188	312	332	0.142752	1
1189	313	333	0.14213	1
1190	314	334	0.141209	1
1191	315	335	0.140858	1
1192	316	336	0.141428	1
1193	317	337	0.141209	1
1194	318	338	0.141428	1
1195	319	339	0.141209	1
1196	320	340	0.140858	1
1197	321	341	0.141428	1
1198	322	342	0.142752	1
1199	323	343	0.1564	1
1200	323	423	0.158348	1
1201	324	344	0.156783	1
1202	324	424	0.158931	1
1203	325	345	0.156965	1
1204	325	425	0.159022	1
1205	326	346	0.156119	1
1206	326	426	0.15878	1
1207	327	347	0.157035	1
1208	327	427	0.158635	1
1209	328	348	0.156965	1
1210	328	428	0.159022	1
1211	329	349	0.156119	1
1212	329	429	0.15878	1
1213	330	350	0.157035	1
1214	330	430	0.158635	1
1215	331	351	0.1564	1
1216	331	431	0.158348	1
1217	332	352	0.156119	1
1218	332	432	0.15878	1
1219	333	353	0.157035	1
1220	333	433	0.158635	1
1221	334	354	0.156783	1
1222	334	434	0.158931	1
1223	335	355	0.156965	1
1224	335	435	0.159022	1
1225	336	356	0.1564	1
1226	336	436	0.158348	1
1227	337	357	0.156783	1
1228	337	437	0.158931	1
1229	338	358	0.1564	1
1230	338	438	0.158348	1
1231	339	359	0.156783	1
1232	339	439	0.158931	1
1233	340	360	0.156965	1
1234	340	440	0.159022	1
1235	341	361	0.1564	1
1236	341	441	0.158348	1
1237	342	362	0.156119	1
1238	342	442	0.15878	1
1239	343	363	0.165191	1
1240	343	423	0.159559	1
1241	343	443	0.16397	1
1242	344	364	0.16483	1
1243	344	424	0.160156	1
1244	344	444	0.164295	1
1245	345	365	0.164854	1
1246	345	425	0.160555	1
1247	345	445	0.164381	1
1248	346	366	0.164642	1
1249	346	426	0.160792	1
1250	346	446	0.164107	1
1251	347	367	0.164618	1
1252	347	427	0.160103	1
1253	347	447	0.1647	1
1254	348	368	0.164854	1
1255	348	428	0.160555	1
1256	348	448	0.164381	1
1257	349	369	0.164642	1
1258	349	429	0.160792	1
1259	349	449	0.164107	1
1260	350	370	0.164618	1
1261	350	430	0.160103	1
1262	350	450	0.1647	1
1263	351	371	0.165191	1
1264	351	431	0.159559	1
1265	351	451	0.16397	1
1266	352	372	0.164642	1
1267	352	432	0.160792	1
1268	352	452	0.164107	1
1269	353	373	0.164618	1
1270	353	433	0.160103	1
1271	353	453	0.1647	1
1272	354	374	0.16483	1
1273	354	434	0.160156	1
1274	354	454	0.164295	1
1275	355	375	0.164854	1
1276	355	435	0.160555	1
1277	355	455	0.164381	1
1278	356	376	0.165191	1
1279	356	436	0.159559	1
1280	356	456	0.16397	1
1281	357	377	0.16483	1
1282	357	437	0.160156	1
1283	357	457	0.164295	1
1284	358	378	0.165191	1
1285	358	438	0.159559	1
1286	358	458	0.16397	1
1287	359	379	0.16483	1
1288	359	439	0.160156	1
1289	359	459	0.164295	1
1290	360	380	0.164854	1
1291	360	440	0.160555	1
1292	360	460	0.164381	1
1293	361	381	0.165191	1
1294	361	441	0.159559	1
1295	361	461	0.16397	1
1296	362	382	0.164642	1
1297	362	442	0.160792	1
1298	362	462	0.164107	1
1299	363	383	0.164903	1
1300	363	443	0.165294	1
1301	363	463	0.164618	1
1302	364	384	0.164785	1
1303	364	444	0.164785	1
1304	364	464	0.16483	1
1305	365	385	0.165294	1
1306	365	445	0.164542	1
1307	365	465	0.165191	1
1308	366	386	0.164596	1
1309	366	446	0.164596	1
1310	366	466	0.164642	1
1311	367	387	0.164542	1
1312	367	447	0.164903	1
1313	367	467	0.164854	1
1314	368	388	0.165294	1
1315	368	448	0.164542	1
1316	368	468	0.165191	1
1317	369	389	0.164596	1
1318	369	449	0.164596	1
1319	369	469	0.164642	1
1320	370	390	0.164542	1
1321	370	450	0.164903	1
1322	370	470	0.164854	1
1323	371	391	0.164903	1
1324	371	451	0.165294	1
1325	371	471	0.164618	1
1326	372	392	0.164596	1
1327	372	452	0.164596	1
1328	372	472	0.164642	1
1329	373	393	0.164542	1
1330	373	453	0.164903	1
1331	373	473	0.164854	1
1332	374	394	0.164785	1
1333	374	454	0.164785	1
1334	374	474	0.16483	1
1335	375	395	0.165294	1
1336	375	455	0.164542	1
1337	375	475	0.165191	1
1338	376	396	0.164903	1
1339	376	456	0.165294	1
1340	376	476	0.164618	1
1341	377	397	0.164785	1
1342	377	457	0.164785	1
1343	377	477	0.16483	1
1344	378	398	0.164903	1
1345	378	458	0.165294	1
1346	378	478	0.164618	1
1347	379	399	0.164785	1
1348	379	459	0.164785	1
1349	379	479	0.16483	1
1350	380	400	0.165294	1
1351	380	460	0.164542	1
1352	380	480	0.165191	1
1353	381	401	0.164903	1
1354	381	461	0.165294	1
1355	381	481	0.164618	1
1356	382	402	0.164596	1
1357	382	462	0.164596	1
1358	382	482	0.164642	1
1359	383	403	0.156547	1
1360	383	463	0.1647	1
1361	383	483	0.160128	1
1362	384	404	0.156965	1
1363	384	464	0.164295	1
1364	384	484	0.160583	1
1365	385	405	0.156761	1
1366	385	465	0.16397	1
1367	385	485	0.160116	1
1368	386	406	0.157035	1
1369	386	466	0.164107	1
1370	386	486	0.160128	1
1371	387	407	0.156952	1
1372	387	467	0.164381	1
1373	387	487	0.160434	1
1374	388	408	0.156761	1
1375	388	468	0.16397	1
1376	388	488	0.160116	1
1377	389	409	0.157035	1
1378	389	469	0.164107	1
1379	389	489	0.160128	1
1380	390	410	0.156952	1
1381	390	470	0.164381	1
1382	390	490	0.160434	1
1383	391	411	0.156547	1
1384	391	471	0.1647	1
1385	391	491	0.160128	1
1386	392	412	0.157035	1
1387	392	472	0.164107	1
1388	392	492	0.160128	1
1389	393	413	0.156952	1
1390	393	473	0.164381	1
1391	393	493	0.160434	1
1392	394	414	0.156965	1
1393	394	474	0.164295	1
1394	394	494	0.160583	1
1395	395	415	0.156761	1
1396	395	475	0.16397	1
1397	395	495	0.160116	1
1398	396	416	0.156547	1
1399	396	476	0.1647	1
1400	396	496	0.160128	1
1401	397	417	0.156965	1
1402	397	477	0.164295	1
1403	397	497	0.160583	1
1404	398	418	0.156547	1
1405	398	478	0.1647	1
1406	398	498	0.160128	1
1407	399	419	0.156965	1
1408	399	479	0.164295	1
1409	399	499	0.160583	1
1410	400	420	0.156761	1
1411	400	480	0.16397	1
1412	400	500	0.160116	1
1413	401	421	0.156547	1
1414	401	481	0.1647	1
1415	401	501	0.160128	1
1416	402	422	0.157035	1
1417	402	482	0.164107	1
1418	402	502	0.160128	1
1419	403	483	0.158676	1
1420	404	484	0.159327	1
1421	405	485	0.159176	1
1422	406	486	0.158433	1
1423	407	487	0.158685	1
1424	408	438	0.149375	1
1425	408	488	0.159176	1
1426	408	518	0.153675	1
1427	409	430	0.149793	1
1428	409	489	0.158433	1
1429	409	510	0.153799	1
1430	410	490	0.158685	1
1431	411	432	0.149195	1
1432	411	491	0.158676	1
1433	411	512	0.153799	1
1434	412	492	0.158433	1
1435	413	434	0.149456	1
1436	413	493	0.158685	1
1437	413	514	0.153877	1
1438	414	494	0.159327	1
1439	415	436	0.149375	1
1440	415	495	0.159176	1
1441	415	516	0.153675	1
1442	416	496	0.158676	1
1443	417	428	0.149114	1
1444	417	497	0.159327	1
1445	417	508	0.153877	1
1446	418	422	0.153799	1
1447	418	498	0.158676	1
1448	418	502	0.149195	1
1449	419	440	0.149114	1
1450	419	499	0.159327	1
1451	419	520	0.153877	1
1452	420	441	0.149375	1
1453	420	500	0.159176	1
1454	420	521	0.153675	1
1455	421	442	0.149195	1
1456	421	501	0.158676	1
1457	421	522	0.153799	1
1458	422	498	0.149793	1
1459	422	502	0.158433	1
1460	423	443	0.160116	1
1461	423	503	0.159176	1
1462	424	444	0.160583	1
1463	424	504	0.159327	1
1464	425	445	0.160434	1
1465	425	505	0.158685	1
1466	426	446	0.160128	1
1467	426	506	0.158433	1
1468	427	447	0.160128	1
1469	427	507	0.158676	1
1470	428	448	0.160434	1
1471	428	508	0.158685	1
1472	429	449	0.160128	1
1473	429	509	0.158433	1
1474	430	450	0.160128	1
1475	430	510	0.158676	1
1476	431	451	0.160116	1
1477	431	511	0.159176	1
1478	432	452	0.160128	1
1479	432	512	0.158433	1
1480	433	453	0.160128	1
1481	433	513	0.158676	1
1482	434	454	0.160583	1
1483	434	514	0.159327	1
1484	435	455	0.160434	1
1485	435	515	0.158685	1
1486	436	456	0.160116	1
1487	436	516	0.159176	1
1488	437	457	0.160583	1
1489	437	517	0.159327	1
1490	438	458	0.160116	1
1491	438	518	0.159176	1
1492	439	459	0.160583	1
1493	439	519	0.159327	1
1494	440	460	0.160434	1
1495	440	520	0.158685	1
1496	441	461	0.160116	1
1497	441	521	0.159176	1
1498	442	462	0.160128	1
1499	442	522	0.158433	1
1500	443	463	0.164381	1
1501	443	503	0.156761	1
1502	443	523	0.160518	1
1503	444	464	0.164295	1
1504	444	504	0.156965	1
1505	444	524	0.159584	1
1506	445	465	0.1647	1
1507	445	505	0.156952	1
1508	445	525	0.159841	1
1509	446	466	0.164107	1
1510	446	506	0.157035	1
1511	446	526	0.160091	1
1512	447	467	0.16397	1
1513	447	507	0.156547	1
1514	447	527	0.159859	1
1515	448	468	0.1647	1
1516	448	508	0.156952	1
1517	448	528	0.159841	1
1518	449	469	0.164107	1
1519	449	509	0.157035	1
1520	449	529	0.160091	1
1521	450	470	0.16397	1
1522	450	510	0.156547	1
1523	450	530	0.159859	1
1524	451	471	0.164381	1
1525	451	511	0.156761	1
1526	451	531	0.160518	1
1527	452	472	0.164107	1
1528	452	512	0.157035	1
1529	452	532	0.160091	1
1530	453	473	0.16397	1
1531	453	513	0.156547	1
1532	453	533	0.159859	1
1533	454	474	0.164295	1
1534	454	514	0.156965	1
1535	454	534	0.159584	1
1536	455	475	0.1647	1
1537	455	515	0.156952	1
1538	455	535	0.159841	1
1539	456	476	0.164381	1
1540	456	516	0.156761	1
1541	456	536	0.160518	1
1542	457	477	0.164295	1
1543	457	517	0.156965	1
1544	457	537	0.159584	1
1545	458	478	0.164381	1
1546	458	518	0.156761	1
1547	458	538	0.160518	1
1548	459	479	0.164295	1
1549	459	519	0.156965	1
1550	459	539	0.159584	1
1551	460	480	0.1647	1
1552	460	520	0.156952	1
1553	460	540	0.159841	1
1554	461	481	0.164381	1
1555	461	521	0.156761	1
1556	461	541	0.160518	1
1557	462	482	0.164107	1
1558	462	522	0.157035	1
1559	462	542	0.160091	1
1560	463	483	0.160103	1
1561	463	523	0.160359	1
1562	463	543	0.157035	1
1563	464	484	0.160156	1
1564	464	524	0.159781	1
1565	464	544	0.156783	1
1566	465	485	0.159559	1
1567	465	525	0.160278	1
1568	465	545	0.1564	1
1569	466	486	0.160792	1
1570	466	526	0.159794	1
1571	466	546	0.156119	1
1572	467	487	0.160555	1
1573	467	527	0.16034	1
1574	467	547	0.156965	1
1575	468	488	0.159559	1
1576	468	528	0.160278	1
1577	468	548	0.1564	1
1578	469	489	0.160792	1
1579	469	529	0.159794	1
1580	469	549	0.156119	1
1581	470	490	0.160555	1
1582	470	530	0.16034	1
1583	470	550	0.156965	1
1584	471	491	0.160103	1
1585	471	531	0.160359	1
1586	471	551	0.157035	1
1587	472	492	0.160792	1
1588	472	532	0.159794	1
1589	472	552	0.156119	1
1590	473	493	0.160555	1
1591	473	533	0.16034	1
1592	473	553	0.156965	1
1593	474	494	0.160156	1
1594	474	534	0.159781	1
1595	474	554	0.156783	1
1596	475	495	0.159559	1
1597	475	535	0.160278	1
1598	475	555	0.1564	1
1599	476	496	0.160103	1
1600	476	536	0.160359	1
1601	476	556	0.157035	1
1602	477	497	0.160156	1
1603	477	537	0.159781	1
1604	477	557	0.156783	1
1605	478	498	0.160103	1
1606	478	538	0.160359	1
1607	478	558	0.157035	1
1608	479	499	0.160156	1
1609	479	539	0.159781	1
1610	479	559	0.156783	1
1611	480	500	0.159559	1
1612	480	540	0.160278	1
1613	480	560	0.1564	1
1614	481	501	0.160103	1
1615	481	541	0.160359	1
1616	481	561	0.157035	1
1617	482	502	0.160792	1
1618	482	542	0.159794	1
1619	482	562	0.156119	1
1620	483	543	0.158635	1
1621	484	544	0.158931	1
1622	485	545	0.158348	1
1623	486	546	0.15878	1
1624	487	547	0.159022	1
1625	488	518	0.149375	1
1626	488	548	0.158348	1
1627	488	563	0.148556	1
1628	489	510	0.149195	1
1629	489	549	0.15878	1
1630	489	564	0.148273	1
1631	490	550	0.159022	1
1632	491	512	0.149793	1
1633	491	551	0.158635	1
1634	491	565	0.149519	1
1635	492	552	0.15878	1
1636	493	514	0.149114	1
1637	493	553	0.159022	1
1638	493	566	0.148476	1
1639	494	554	0.158931	1
1640	495	516	0.149375	1
1641	495	555	0.158348	1
1642	495	567	0.148556	1
1643	496	556	0.158635	1
1644	497	508	0.149456	1
1645	497	557	0.158931	1
1646	497	568	0.148597	1
1647	498	558	0.158635	1
1648	499	520	0.149456	1
1649	499	559	0.158931	1
1650	499	569	0.148597	1
1651	500	521	0.149375	1
1652	500	560	0.158348	1
1653	500	570	0.148556	1
1654	501	522	0.149793	1
1655	501	561	0.158635	1
1656	501	571	0.149519	1
1657	502	562	0.15878	1
1658	503	523	0.159091	1
1659	504	524	0.158269	1
1660	505	525	0.158427	1
1661	506	526	0.158471	1
1662	507	527	0.158442	1
1663	508	528	0.158427	1
1664	508	568	0.151466	1
1665	509	529	0.158471	1
1666	510	530	0.158442	1
1667	510	564	0.150778	1
1668	511	531	0.159091	1
1669	512	532	0.158471	1
1670	512	565	0.151545	1
1671	513	533	0.158442	1
1672	514	534	0.158269	1
1673	514	566	0.150539	1
1674	515	535	0.158427	1
1675	516	536	0.159091	1
1676	516	567	0.15097	1
1677	517	537	0.158269	1
1678	518	538	0.159091	1
1679	518	563	0.15097	1
1680	519	539	0.158269	1
1681	520	540	0.158427	1
1682	520	569	0.151466	1
1683	521	541	0.159091	1
1684	521	570	0.15097	1
1685	522	542	0.158471	1
1686	522	571	0.151545	1
1687	523	543	0.158477	1
1688	523	572	0.148071	1
1689	524	544	0.158534	1
1690	524	573	0.14861	1
1691	525	545	0.158827	1
1692	525	574	0.148735	1
1693	526	546	0.158433	1
1694	526	575	0.149174	1
1695	527	547	0.159132	1
1696	527	576	0.148651	1
1697	528	548	0.158827	1
1698	528	568	0.148893	1
1699	528	577	0.148735	1
1700	529	549	0.158433	1
1701	529	578	0.149174	1
1702	530	550	0.159132	1
1703	530	564	0.148398	1
1704	530	579	0.148651	1
1705	531	551	0.158477	1
1706	531	580	0.148071	1
1707	532	552	0.158433	1
1708	532	565	0.148704	1
1709	532	581	0.149174	1
1710	533	553	0.159132	1
1711	533	582	0.148651	1
1712	534	554	0.158534	1
1713	534	566	0.148603	1
1714	534	583	0.14861	1
1715	535	555	0.158827	1
1716	535	584	0.148735	1
1717	536	556	0.158477	1
1718	536	567	0.148519	1
1719	536	585	0.148071	1
1720	537	557	0.158534	1
1721	537	586	0.14861	1
1722	538	558	0.158477	1
1723	538	563	0.148519	1
1724	538	587	0.148071	1
1725	539	559	0.158534	1
1726	539	588	0.14861	1
1727	540	560	0.158827	1
1728	540	569	0.148893	1
1729	540	589	0.148735	1
1730	541	561	0.158477	1
1731	541	570	0.148519	1
1732	541	590	0.148071	1
1733	542	562	0.158433	1
1734	542	571	0.148704	1
1735	542	591	0.149174	1
1736	543	572	0.151545	1
1737	543	592	0.14213	1
1738	544	573	0.150167	1
1739	544	593	0.141209	1
1740	545	574	0.151539	1
1741	545	594	0.141428	1
1742	546	575	0.151083	1
1743	546	595	0.142752	1
1744	547	576	0.15144	1
1745	547	596	0.140858	1
1746	548	563	0.150848	1
1747	548	577	0.151539	1
1748	548	597	0.141428	1
1749	549	564	0.151242	1
1750	549	578	0.151083	1
1751	549	598	0.142752	1
1752	550	579	0.15144	1
1753	550	599	0.140858	1
1754	551	565	0.150682	1
1755	551	580	0.151545	1
1756	551	600	0.14213	1
1757	552	581	0.151083	1
1758	552	601	0.142752	1
1759	553	566	0.150881	1
1760	553	582	0.15144	1
1761	553	602	0.140858	1
1762	554	583	0.150167	1
1763	554	603	0.141209	1
1764	555	567	0.150848	1
1765	555	584	0.151539	1
1766	555	604	0.141428	1
1767	556	585	0.151545	1
1768	556	605	0.14213	1
1769	557	568	0.151175	1
1770	557	586	0.150167	1
1771	557	606	0.141209	1
1772	558	587	0.151545	1
1773	558	607	0.14213	1
1774	559	569	0.151175	1
1775	559	588	0.150167	1
1776	559	608	0.141209	1
1777	560	570	0.150848	1
1778	560	589	0.151539	1
1779	560	609	0.141428	1
1780	561	571	0.150682	1
1781	561	590	0.151545	1
1782	561	610	0.14213	1
1783	562	591	0.151083	1
1784	562	611	0.142752	1
1785	563	587	0.151984	1
1786	563	597	0.148772	1
1787	564	579	0.152542	1
1788	564	598	0.149566	1
1789	565	581	0.152342	1
1790	565	600	0.14895	1
1791	566	583	0.152269	1
1792	566	602	0.148546	1
1793	567	585	0.151984	1
1794	567	604	0.148772	1
1795	568	577	0.151562	1
1796	568	606	0.147845	1
1797	569	589	0.151562	1
1798	569	608	0.147845	1
1799	570	590	0.151984	1
1800	570	609	0.148772	1
1801	571	591	0.152342	1
1802	571	610	0.14895	1
1803	572	592	0.149308	1
1804	572	612	0.132193	1
1805	573	593	0.149526	1
1806	573	613	0.132563	1
1807	574	594	0.149245	1
1808	574	614	0.132786	1
1809	575	595	0.148641	1
1810	575	615	0.132442	1
1811	576	596	0.149596	1
1812	576	616	0.131841	1
1813	577	597	0.149245	1
1814	577	606	0.139904	1
1815	577	617	0.132786	1
1816	578	598	0.148641	1
1817	578	618	0.132442	1
1818	579	598	0.140018	1
1819	579	599	0.149596	1
1820	579	619	0.131841	1
1821	580	600	0.149308	1
1822	580	620	0.132193	1
1823	581	600	0.140648	1
1824	581	601	0.148641	1
1825	581	621	0.132442	1
1826	582	602	0.149596	1
1827	582	622	0.131841	1
1828	583	602	0.14057	1
1829	583	603	0.149526	1
1830	583	623	0.132563	1
1831	584	604	0.149245	1
1832	584	624	0.132786	1
1833	585	604	0.140634	1
1834	585	605	0.149308	1
1835	585	625	0.132193	1
1836	586	606	0.149526	1
1837	586	626	0.132563	1
1838	587	597	0.140634	1
1839	587	607	0.149308	1
1840	587	627	0.132193	1
1841	588	608	0.149526	1
1842	588	628	0.132563	1
1843	589	608	0.139904	1
1844	589	609	0.149245	1
1845	589	629	0.132786	1
1846	590	609	0.140634	1
1847	590	610	0.149308	1
1848	590	630	0.132193	1
1849	591	610	0.140648	1
1850	591	611	0.148641	1
1851	591	631	0.132442	1
1852	592	612	0.138903	1
1853	593	613	0.139782	1
1854	594	614	0.139492	1
1855	595	615	0.138813	1
1856	596	616	0.140132	1
1857	597	617	0.139492	1
1858	597	627	0.135857	1
1859	598	618	0.138813	1
1860	598	619	0.134911	1
1861	599	619	0.140132	1
1862	600	620	0.138903	1
1863	600	621	0.135562	1
1864	601	621	0.138813	1
1865	602	622	0.140132	1
1866	602	623	0.135871	1
1867	603	623	0.139782	1
1868	604	624	0.139492	1
1869	604	625	0.135857	1
1870	605	625	0.138903	1
1871	606	617	0.136048	1
1872	606	626	0.139782	1
1873	607	627	0.138903	1
1874	608	628	0.139782	1
1875	608	629	0.136048	1
1876	609	629	0.139492	1
1877	609	630	0.135857	1
1878	610	630	0.138903	1
1879	610	631	0.135562	1
1880	611	631	0.138813	1
1881	617	626	0.134752	1
1882	617	627	0.13483	1
1883	618	619	0.134365	1
1884	620	621	0.135	1
1885	622	623	0.135241	1
1886	624	625	0.13483	1
1887	628	629	0.134752	1
1888	629	630	0.13483	1
1889	630	631	0.135	1



# Number of Faces= 1260

faces

0	0	51	57	1	1
1	613	51	0	1	1
2	0	57	179	1	1
3	0	179	180	1	1
4	0	180	613	1	1
5	1	52	59	1	1
6	614	52	1	1	1
7	1	59	181	1	1
8	1	181	182	1	1
9	1	182	614	1	1
10	2	53	61	1	1
11	615	53	2	1	1
12	2	61	183	1	1
13	2	183	184	1	1
14	2	184	615	1	1
15	3	54	63	1	1
16	616	54	3	1	1
17	3	63	185	1	1
18	3	185	186	1	1
19	3	186	616	1	1
20	4	55	65	1	1
21	612	55	4	1	1
22	4	65	177	1	1
23	4	177	178	1	1
24	4	178	612	1	1
25	5	56	187	1	1
26	618	56	5	1	1
27	5	187	188	1	1
28	5	188	619	1	1
29	619	618	5	1	1
30	6	58	67	1	1
31	620	58	6	1	1
32	6	67	189	1	1
33	6	189	621	1	1
34	621	620	6	1	1
35	7	60	68	1	1
36	622	60	7	1	1
37	7	68	190	1	1
38	7	190	623	1	1
39	623	622	7	1	1
40	8	62	69	1	1
41	624	62	8	1	1
42	8	69	191	1	1
43	8	191	625	1	1
44	625	624	8	1	1
45	9	64	70	1	1
46	626	64	9	1	1
47	9	70	627	1	1
48	9	617	626	1	1
49	627	617	9	1	1
50	628	66	10	1	1
51	10	66	631	1	1
52	629	628	10	1	1
53	630	629	10	1	1
54	631	630	10	1	1
55	131	31	11	1	1
56	11	31	573	1	1
57	11	111	131	1	1
58	504	111	11	1	1
59	524	504	11	1	1
60	573	524	11	1	1
61	132	32	12	1	1
62	12	32	574	1	1
63	12	112	132	1	1
64	505	112	12	1	1
65	525	505	12	1	1
66	574	525	12	1	1
67	133	33	13	1	1
68	13	33	575	1	1
69	13	113	133	1	1
70	506	113	13	1	1
71	526	506	13	1	1
72	575	526	13	1	1
73	134	34	14	1	1
74	14	34	576	1	1
75	14	114	134	1	1
76	507	114	14	1	1
77	527	507	14	1	1
78	576	527	14	1	1
79	135	35	15	1	1
80	15	35	572	1	1
81	15	115	135	1	1
82	503	115	15	1	1
83	523	503	15	1	1
84	572	523	15	1	1
85	136	36	16	1	1
86	16	36	578	1	1
87	16	116	136	1	1
88	509	116	16	1	1
89	529	509	16	1	1
90	578	529	16	1	1
91	137	37	17	1	1
92	17	37	151	1	1
93	17	117	137	1	1
94	403	117	17	1	1
95	17	151	272	1	1
96	17	272	403	1	1
97	138	38	18	1	1
98	18	38	580	1	1
99	18	118	138	1	1
100	511	118	18	1	1
101	531	511	18	1	1
102	580	531	18	1	1
103	139	39	19	1	1
104	19	39	152	1	1
105	19	119	139	1	1
106	404	119	19	1	1
107	19	152	273	1	1
108	19	273	404	1	1
109	140	40	20	1	1
110	20	40	582	1	1
111	20	120	140	1	1
112	513	120	20	1	1
113	533	513	20	1	1
114	582	533	20	1	1
115	141	41	21	1	1
116	21	41	153	1	1
117	21	121	141	1	1
118	405	121	21	1	1
119	21	153	274	1	1
120	21	274	405	1	1
121	142	42	22	1	1
122	22	42	584	1	1
123	22	122	142	1	1
124	515	122	22	1	1
125	535	515	22	1	1
126	584	535	22	1	1
127	143	43	23	1	1
128	23	43	154	1	1
129	23	123	143	1	1
130	406	123	23	1	1
131	23	154	275	1	1
132	23	275	406	1	1
133	144	44	24	1	1
134	24	44	586	1	1
135	24	124	144	1	1
136	517	124	24	1	1
137	537	517	24	1	1
138	586	537	24	1	1
139	145	45	25	1	1
140	25	45	155	1	1
141	25	125	145	1	1
142	407	125	25	1	1
143	25	155	276	1	1
144	25	276	407	1	1
145	146	46	26	1	1
146	26	46	588	1	1
147	26	126	146	1	1
148	519	126	26	1	1
149	539	519	26	1	1
150	588	539	26	1	1
151	147	47	27	1	1
152	27	47	158	1	1
153	27	127	147	1	1
154	410	127	27	1	1
155	27	158	279	1	1
156	27	279	410	1	1
157	148	48	28	1	1
158	28	48	160	1	1
159	28	128	148	1	1
160	412	128	28	1	1
161	28	160	281	1	1
162	28	281	412	1	1
163	149	49	29	1	1
164	29	49	162	1	1
165	29	129	149	1	1
166	414	129	29	1	1
167	29	162	283	1	1
168	29	283	414	1	1
169	150	50	30	1	1
170	30	50	164	1	1
171	30	130	150	1	1
172	416	130	30	1	1
173	30	164	285	1	1
174	30	285	416	1	1
175	151	51	31	1	1
176	31	51	613	1	1
177	31	131	151	1	1
178	613	573	31	1	1
179	152	52	32	1	1
180	32	52	614	1	1
181	32	132	152	1	1
182	614	574	32	1	1
183	153	53	33	1	1
184	33	53	615	1	1
185	33	133	153	1	1
186	615	575	33	1	1
187	154	54	34	1	1
188	34	54	616	1	1
189	34	134	154	1	1
190	616	576	34	1	1
191	155	55	35	1	1
192	35	55	612	1	1
193	35	135	155	1	1
194	612	572	35	1	1
195	156	56	36	1	1
196	36	56	618	1	1
197	36	136	156	1	1
198	618	578	36	1	1
199	57	51	37	1	1
200	37	51	151	1	1
201	157	57	37	1	1
202	37	137	157	1	1
203	158	58	38	1	1
204	38	58	620	1	1
205	38	138	158	1	1
206	620	580	38	1	1
207	59	52	39	1	1
208	39	52	152	1	1
209	159	59	39	1	1
210	39	139	159	1	1
211	160	60	40	1	1
212	40	60	622	1	1
213	40	140	160	1	1
214	622	582	40	1	1
215	61	53	41	1	1
216	41	53	153	1	1
217	161	61	41	1	1
218	41	141	161	1	1
219	162	62	42	1	1
220	42	62	624	1	1
221	42	142	162	1	1
222	624	584	42	1	1
223	63	54	43	1	1
224	43	54	154	1	1
225	163	63	43	1	1
226	43	143	163	1	1
227	164	64	44	1	1
228	44	64	626	1	1
229	44	144	164	1	1
230	626	586	44	1	1
231	65	55	45	1	1
232	45	55	155	1	1
233	165	65	45	1	1
234	45	145	165	1	1
235	166	66	46	1	1
236	46	66	628	1	1
237	46	146	166	1	1
238	628	588	46	1	1
239	67	58	47	1	1
240	47	58	158	1	1
241	167	67	47	1	1
242	47	147	167	1	1
243	68	60	48	1	1
244	48	60	160	1	1
245	168	68	48	1	1
246	48	148	168	1	1
247	69	62	49	1	1
248	49	62	162	1	1
249	169	69	49	1	1
250	49	149	169	1	1
251	70	64	50	1	1
252	50	64	164	1	1
253	170	70	50	1	1
254	50	150	170	1	1
255	56	156	318	1	1
256	318	187	56	1	1
257	57	157	310	1	1
258	310	179	57	1	1
259	59	159	312	1	1
260	312	181	59	1	1
261	61	161	314	1	1
262	314	183	61	1	1
263	63	163	316	1	1
264	316	185	63	1	1
265	65	165	308	1	1
266	308	177	65	1	1
267	66	166	611	1	1
268	66	611	631	1	1
269	67	167	320	1	1
270	320	189	67	1	1
271	68	168	321	1	1
272	321	190	68	1	1
273	69	169	322	1	1
274	322	191	69	1	1
275	70	170	607	1	1
276	70	607	627	1	1
277	212	91	71	1	1
278	71	91	424	1	1
279	71	192	212	1	1
280	304	192	71	1	1
281	324	304	71	1	1
282	424	324	71	1	1
283	213	92	72	1	1
284	72	92	425	1	1
285	72	193	213	1	1
286	305	193	72	1	1
287	325	305	72	1	1
288	425	325	72	1	1
289	214	93	73	1	1
290	73	93	426	1	1
291	73	194	214	1	1
292	306	194	73	1	1
293	326	306	73	1	1
294	426	326	73	1	1
295	215	94	74	1	1
296	74	94	427	1	1
297	74	195	215	1	1
298	307	195	74	1	1
299	327	307	74	1	1
300	427	327	74	1	1
301	216	95	75	1	1
302	75	95	423	1	1
303	75	196	216	1	1
304	303	196	75	1	1
305	323	303	75	1	1
306	423	323	75	1	1
307	217	96	76	1	1
308	76	96	429	1	1
309	76	197	217	1	1
310	309	197	76	1	1
311	329	309	76	1	1
312	429	329	76	1	1
313	218	97	77	1	1
314	77	97	483	1	1
315	77	198	218	1	1
316	592	198	77	1	1
317	77	483	543	1	1
318	77	543	592	1	1
319	219	98	78	1	1
320	78	98	431	1	1
321	78	199	219	1	1
322	311	199	78	1	1
323	331	311	78	1	1
324	431	331	78	1	1
325	220	99	79	1	1
326	79	99	484	1	1
327	79	200	220	1	1
328	593	200	79	1	1
329	79	484	544	1	1
330	79	544	593	1	1
331	221	100	80	1	1
332	80	100	433	1	1
333	80	201	221	1	1
334	313	201	80	1	1
335	333	313	80	1	1
336	433	333	80	1	1
337	222	101	81	1	1
338	81	101	485	1	1
339	81	202	222	1	1
340	594	202	81	1	1
341	81	485	545	1	1
342	81	545	594	1	1
343	223	102	82	1	1
344	82	102	435	1	1
345	82	203	223	1	1
346	315	203	82	1	1
347	335	315	82	1	1
348	435	335	82	1	1
349	224	103	83	1	1
350	83	103	486	1	1
351	83	204	224	1	1
352	595	204	83	1	1
353	83	486	546	1	1
354	83	546	595	1	1
355	225	104	84	1	1
356	84	104	437	1	1
357	84	205	225	1	1
358	317	205	84	1	1
359	337	317	84	1	1
360	437	337	84	1	1
361	226	105	85	1	1
362	85	105	487	1	1
363	85	206	226	1	1
364	596	206	85	1	1
365	85	487	547	1	1
366	85	547	596	1	1
367	227	106	86	1	1
368	86	106	439	1	1
369	86	207	227	1	1
370	319	207	86	1	1
371	339	319	86	1	1
372	439	339	86	1	1
373	228	107	87	1	1
374	87	107	490	1	1
375	87	208	228	1	1
376	599	208	87	1	1
377	87	490	550	1	1
378	87	550	599	1	1
379	229	108	88	1	1
380	88	108	492	1	1
381	88	209	229	1	1
382	601	209	88	1	1
383	88	492	552	1	1
384	88	552	601	1	1
385	230	109	89	1	1
386	89	109	494	1	1
387	89	210	230	1	1
388	603	210	89	1	1
389	89	494	554	1	1
390	89	554	603	1	1
391	231	110	90	1	1
392	90	110	496	1	1
393	90	211	231	1	1
394	605	211	90	1	1
395	90	496	556	1	1
396	90	556	605	1	1
397	232	111	91	1	1
398	91	111	504	1	1
399	91	212	232	1	1
400	504	424	91	1	1
401	233	112	92	1	1
402	92	112	505	1	1
403	92	213	233	1	1
404	505	425	92	1	1
405	234	113	93	1	1
406	93	113	506	1	1
407	93	214	234	1	1
408	506	426	93	1	1
409	235	114	94	1	1
410	94	114	507	1	1
411	94	215	235	1	1
412	507	427	94	1	1
413	236	115	95	1	1
414	95	115	503	1	1
415	95	216	236	1	1
416	503	423	95	1	1
417	237	116	96	1	1
418	96	116	509	1	1
419	96	217	237	1	1
420	509	429	96	1	1
421	238	117	97	1	1
422	97	117	403	1	1
423	97	218	238	1	1
424	97	403	483	1	1
425	239	118	98	1	1
426	98	118	511	1	1
427	98	219	239	1	1
428	511	431	98	1	1
429	240	119	99	1	1
430	99	119	404	1	1
431	99	220	240	1	1
432	99	404	484	1	1
433	241	120	100	1	1
434	100	120	513	1	1
435	100	221	241	1	1
436	513	433	100	1	1
437	242	121	101	1	1
438	101	121	405	1	1
439	101	222	242	1	1
440	101	405	485	1	1
441	243	122	102	1	1
442	102	122	515	1	1
443	102	223	243	1	1
444	515	435	102	1	1
445	244	123	103	1	1
446	103	123	406	1	1
447	103	224	244	1	1
448	103	406	486	1	1
449	245	124	104	1	1
450	104	124	517	1	1
451	104	225	245	1	1
452	517	437	104	1	1
453	246	125	105	1	1
454	105	125	407	1	1
455	105	226	246	1	1
456	105	407	487	1	1
457	247	126	106	1	1
458	106	126	519	1	1
459	106	227	247	1	1
460	519	439	106	1	1
461	248	127	107	1	1
462	107	127	410	1	1
463	107	228	248	1	1
464	107	410	490	1	1
465	249	128	108	1	1
466	108	128	412	1	1
467	108	229	249	1	1
468	108	412	492	1	1
469	250	129	109	1	1
470	109	129	414	1	1
471	109	230	250	1	1
472	109	414	494	1	1
473	251	130	110	1	1
474	110	130	416	1	1
475	110	231	251	1	1
476	110	416	496	1	1
477	252	131	111	1	1
478	111	232	252	1	1
479	253	132	112	1	1
480	112	233	253	1	1
481	254	133	113	1	1
482	113	234	254	1	1
483	255	134	114	1	1
484	114	235	255	1	1
485	256	135	115	1	1
486	115	236	256	1	1
487	257	136	116	1	1
488	116	237	257	1	1
489	258	137	117	1	1
490	117	238	258	1	1
491	259	138	118	1	1
492	118	239	259	1	1
493	260	139	119	1	1
494	119	240	260	1	1
495	261	140	120	1	1
496	120	241	261	1	1
497	262	141	121	1	1
498	121	242	262	1	1
499	263	142	122	1	1
500	122	243	263	1	1
501	264	143	123	1	1
502	123	244	264	1	1
503	265	144	124	1	1
504	124	245	265	1	1
505	266	145	125	1	1
506	125	246	266	1	1
507	267	146	126	1	1
508	126	247	267	1	1
509	268	147	127	1	1
510	127	248	268	1	1
511	269	148	128	1	1
512	128	249	269	1	1
513	270	149	129	1	1
514	129	250	270	1	1
515	271	150	130	1	1
516	130	251	271	1	1
517	272	151	131	1	1
518	131	252	272	1	1
519	273	152	132	1	1
520	132	253	273	1	1
521	274	153	133	1	1
522	133	254	274	1	1
523	275	154	134	1	1
524	134	255	275	1	1
525	276	155	135	1	1
526	135	256	276	1	1
527	277	156	136	1	1
528	136	257	277	1	1
529	278	157	137	1	1
530	137	258	278	1	1
531	279	158	138	1	1
532	138	259	279	1	1
533	280	159	139	1	1
534	139	260	280	1	1
535	281	160	140	1	1
536	140	261	281	1	1
537	282	161	141	1	1
538	141	262	282	1	1
539	283	162	142	1	1
540	142	263	283	1	1
541	284	163	143	1	1
542	143	264	284	1	1
543	285	164	144	1	1
544	144	265	285	1	1
545	286	165	145	1	1
546	145	266	286	1	1
547	287	166	146	1	1
548	146	267	287	1	1
549	288	167	147	1	1
550	147	268	288	1	1
551	289	168	148	1	1
552	148	269	289	1	1
553	290	169	149	1	1
554	149	270	290	1	1
555	291	170	150	1	1
556	150	271	291	1	1
557	156	277	292	1	1
558	156	292	318	1	1
559	157	278	293	1	1
560	157	293	310	1	1
561	159	280	294	1	1
562	159	294	312	1	1
563	161	282	295	1	1
564	161	295	314	1	1
565	163	284	296	1	1
566	163	296	316	1	1
567	165	286	297	1	1
568	165	297	308	1	1
569	166	287	298	1	1
570	166	298	611	1	1
571	167	288	299	1	1
572	167	299	320	1	1
573	168	289	300	1	1
574	168	300	321	1	1
575	169	290	301	1	1
576	169	301	322	1	1
577	170	291	302	1	1
578	170	302	607	1	1
579	171	172	173	1	1
580	176	172	171	1	1
581	171	173	174	1	1
582	171	174	175	1	1
583	171	175	176	1	1
584	304	173	172	1	1
585	172	176	303	1	1
586	303	192	172	1	1
587	172	192	304	1	1
588	305	174	173	1	1
589	304	193	173	1	1
590	173	193	305	1	1
591	306	175	174	1	1
592	305	194	174	1	1
593	174	194	306	1	1
594	307	176	175	1	1
595	306	195	175	1	1
596	175	195	307	1	1
597	176	196	303	1	1
598	307	196	176	1	1
599	309	178	177	1	1
600	308	197	177	1	1
601	177	197	309	1	1
602	309	198	178	1	1
603	178	198	592	1	1
604	178	592	612	1	1
605	311	180	179	1	1
606	310	199	179	1	1
607	179	199	311	1	1
608	311	200	180	1	1
609	180	200	593	1	1
610	180	593	613	1	1
611	313	182	181	1	1
612	312	201	181	1	1
613	181	201	313	1	1
614	313	202	182	1	1
615	182	202	594	1	1
616	182	594	614	1	1
617	315	184	183	1	1
618	314	203	183	1	1
619	183	203	315	1	1
620	315	204	184	1	1
621	184	204	595	1	1
622	184	595	615	1	1
623	317	186	185	1	1
624	316	205	185	1	1
625	185	205	317	1	1
626	317	206	186	1	1
627	186	206	596	1	1
628	186	596	616	1	1
629	319	188	187	1	1
630	318	207	187	1	1
631	187	207	319	1	1
632	319	208	188	1	1
633	188	208	599	1	1
634	188	599	619	1	1
635	320	209	189	1	1
636	189	209	601	1	1
637	189	601	621	1	1
638	321	210	190	1	1
639	190	210	603	1	1
640	190	603	623	1	1
641	322	211	191	1	1
642	191	211	605	1	1
643	191	605	625	1	1
644	323	212	192	1	1
645	192	303	323	1	1
646	324	213	193	1	1
647	193	304	324	1	1
648	325	214	194	1	1
649	194	305	325	1	1
650	326	215	195	1	1
651	195	306	326	1	1
652	327	216	196	1	1
653	196	307	327	1	1
654	328	217	197	1	1
655	197	308	328	1	1
656	329	218	198	1	1
657	198	309	329	1	1
658	330	219	199	1	1
659	199	310	330	1	1
660	331	220	200	1	1
661	200	311	331	1	1
662	332	221	201	1	1
663	201	312	332	1	1
664	333	222	202	1	1
665	202	313	333	1	1
666	334	223	203	1	1
667	203	314	334	1	1
668	335	224	204	1	1
669	204	315	335	1	1
670	336	225	205	1	1
671	205	316	336	1	1
672	337	226	206	1	1
673	206	317	337	1	1
674	338	227	207	1	1
675	207	318	338	1	1
676	339	228	208	1	1
677	208	319	339	1	1
678	340	229	209	1	1
679	209	320	340	1	1
680	341	230	210	1	1
681	210	321	341	1	1
682	342	231	211	1	1
683	211	322	342	1	1
684	343	232	212	1	1
685	212	323	343	1	1
686	344	233	213	1	1
687	213	324	344	1	1
688	345	234	214	1	1
689	214	325	345	1	1
690	346	235	215	1	1
691	215	326	346	1	1
692	347	236	216	1	1
693	216	327	347	1	1
694	348	237	217	1	1
695	217	328	348	1	1
696	349	238	218	1	1
697	218	329	349	1	1
698	350	239	219	1	1
699	219	330	350	1	1
700	351	240	220	1	1
701	220	331	351	1	1
702	352	241	221	1	1
703	221	332	352	1	1
704	353	242	222	1	1
705	222	333	353	1	1
706	354	243	223	1	1
707	223	334	354	1	1
708	355	244	224	1	1
709	224	335	355	1	1
710	356	245	225	1	1
711	225	336	356	1	1
712	357	246	226	1	1
713	226	337	357	1	1
714	358	247	227	1	1
715	227	338	358	1	1
716	359	248	228	1	1
717	228	339	359	1	1
718	360	249	229	1	1
719	229	340	360	1	1
720	361	250	230	1	1
721	230	341	361	1	1
722	362	251	231	1	1
723	231	342	362	1	1
724	363	252	232	1	1
725	232	343	363	1	1
726	364	253	233	1	1
727	233	344	364	1	1
728	365	254	234	1	1
729	234	345	365	1	1
730	366	255	235	1	1
731	235	346	366	1	1
732	367	256	236	1	1
733	236	347	367	1	1
734	368	257	237	1	1
735	237	348	368	1	1
736	369	258	238	1	1
737	238	349	369	1	1
738	370	259	239	1	1
739	239	350	370	1	1
740	371	260	240	1	1
741	240	351	371	1	1
742	372	261	241	1	1
743	241	352	372	1	1
744	373	262	242	1	1
745	242	353	373	1	1
746	374	263	243	1	1
747	243	354	374	1	1
748	375	264	244	1	1
749	244	355	375	1	1
750	376	265	245	1	1
751	245	356	376	1	1
752	377	266	246	1	1
753	246	357	377	1	1
754	378	267	247	1	1
755	247	358	378	1	1
756	379	268	248	1	1
757	248	359	379	1	1
758	380	269	249	1	1
759	249	360	380	1	1
760	381	270	250	1	1
761	250	361	381	1	1
762	382	271	251	1	1
763	251	362	382	1	1
764	383	272	252	1	1
765	252	363	383	1	1
766	384	273	253	1	1
767	253	364	384	1	1
768	385	274	254	1	1
769	254	365	385	1	1
770	386	275	255	1	1
771	255	366	386	1	1
772	387	276	256	1	1
773	256	367	387	1	1
774	388	277	257	1	1
775	257	368	388	1	1
776	389	278	258	1	1
777	258	369	389	1	1
778	390	279	259	1	1
779	259	370	390	1	1
780	391	280	260	1	1
781	260	371	391	1	1
782	392	281	261	1	1
783	261	372	392	1	1
784	393	282	262	1	1
785	262	373	393	1	1
786	394	283	263	1	1
787	263	374	394	1	1
788	395	284	264	1	1
789	264	375	395	1	1
790	396	285	265	1	1
791	265	376	396	1	1
792	397	286	266	1	1
793	266	377	397	1	1
794	398	287	267	1	1
795	267	378	398	1	1
796	399	288	268	1	1
797	268	379	399	1	1
798	400	289	269	1	1
799	269	380	400	1	1
800	401	290	270	1	1
801	270	381	401	1	1
802	402	291	271	1	1
803	271	382	402	1	1
804	272	383	403	1	1
805	273	384	404	1	1
806	274	385	405	1	1
807	275	386	406	1	1
808	276	387	407	1	1
809	408	292	277	1	1
810	277	388	408	1	1
811	409	293	278	1	1
812	278	389	409	1	1
813	279	390	410	1	1
814	411	294	280	1	1
815	280	391	411	1	1
816	281	392	412	1	1
817	413	295	282	1	1
818	282	393	413	1	1
819	283	394	414	1	1
820	415	296	284	1	1
821	284	395	415	1	1
822	285	396	416	1	1
823	417	297	286	1	1
824	286	397	417	1	1
825	418	298	287	1	1
826	287	398	418	1	1
827	419	299	288	1	1
828	288	399	419	1	1
829	420	300	289	1	1
830	289	400	420	1	1
831	421	301	290	1	1
832	290	401	421	1	1
833	422	302	291	1	1
834	291	402	422	1	1
835	338	318	292	1	1
836	438	338	292	1	1
837	292	408	438	1	1
838	330	310	293	1	1
839	430	330	293	1	1
840	293	409	430	1	1
841	332	312	294	1	1
842	432	332	294	1	1
843	294	411	432	1	1
844	334	314	295	1	1
845	434	334	295	1	1
846	295	413	434	1	1
847	336	316	296	1	1
848	436	336	296	1	1
849	296	415	436	1	1
850	328	308	297	1	1
851	428	328	297	1	1
852	297	417	428	1	1
853	298	418	502	1	1
854	298	502	562	1	1
855	298	562	611	1	1
856	340	320	299	1	1
857	440	340	299	1	1
858	299	419	440	1	1
859	341	321	300	1	1
860	441	341	300	1	1
861	300	420	441	1	1
862	342	322	301	1	1
863	442	342	301	1	1
864	301	421	442	1	1
865	302	422	498	1	1
866	302	498	558	1	1
867	302	558	607	1	1
868	423	343	323	1	1
869	424	344	324	1	1
870	425	345	325	1	1
871	426	346	326	1	1
872	427	347	327	1	1
873	428	348	328	1	1
874	429	349	329	1	1
875	430	350	330	1	1
876	431	351	331	1	1
877	432	352	332	1	1
878	433	353	333	1	1
879	434	354	334	1	1
880	435	355	335	1	1
881	436	356	336	1	1
882	437	357	337	1	1
883	438	358	338	1	1
884	439	359	339	1	1
885	440	360	340	1	1
886	441	361	341	1	1
887	442	362	342	1	1
888	443	363	343	1	1
889	343	423	443	1	1
890	444	364	344	1	1
891	344	424	444	1	1
892	445	365	345	1	1
893	345	425	445	1	1
894	446	366	346	1	1
895	346	426	446	1	1
896	447	367	347	1	1
897	347	427	447	1	1
898	448	368	348	1	1
899	348	428	448	1	1
900	449	369	349	1	1
901	349	429	449	1	1
902	450	370	350	1	1
903	350	430	450	1	1
904	451	371	351	1	1
905	351	431	451	1	1
906	452	372	352	1	1
907	352	432	452	1	1
908	453	373	353	1	1
909	353	433	453	1	1
910	454	374	354	1	1
911	354	434	454	1	1
912	455	375	355	1	1
913	355	435	455	1	1
914	456	376	356	1	1
915	356	436	456	1	1
916	457	377	357	1	1
917	357	437	457	1	1
918	458	378	358	1	1
919	358	438	458	1	1
920	459	379	359	1	1
921	359	439	459	1	1
922	460	380	360	1	1
923	360	440	460	1	1
924	461	381	361	1	1
925	361	441	461	1	1
926	462	382	362	1	1
927	362	442	462	1	1
928	463	383	363	1	1
929	363	443	463	1	1
930	464	384	364	1	1
931	364	444	464	1	1
932	465	385	365	1	1
933	365	445	465	1	1
934	466	386	366	1	1
935	366	446	466	1	1
936	467	387	367	1	1
937	367	447	467	1	1
938	468	388	368	1	1
939	368	448	468	1	1
940	469	389	369	1	1
941	369	449	469	1	1
942	470	390	370	1	1
943	370	450	470	1	1
944	471	391	371	1	1
945	371	451	471	1	1
946	472	392	372	1	1
947	372	452	472	1	1
948	473	393	373	1	1
949	373	453	473	1	1
950	474	394	374	1	1
951	374	454	474	1	1
952	475	395	375	1	1
953	375	455	475	1	1
954	476	396	376	1	1
955	376	456	476	1	1
956	477	397	377	1	1
957	377	457	477	1	1
958	478	398	378	1	1
959	378	458	478	1	1
960	479	399	379	1	1
961	379	459	479	1	1
962	480	400	380	1	1
963	380	460	480	1	1
964	481	401	381	1	1
965	381	461	481	1	1
966	482	402	382	1	1
967	382	462	482	1	1
968	483	403	383	1	1
969	383	463	483	1	1
970	484	404	384	1	1
971	384	464	484	1	1
972	485	405	385	1	1
973	385	465	485	1	1
974	486	406	386	1	1
975	386	466	486	1	1
976	487	407	387	1	1
977	387	467	487	1	1
978	488	408	388	1	1
979	388	468	488	1	1
980	489	409	389	1	1
981	389	469	489	1	1
982	490	410	390	1	1
983	390	470	490	1	1
984	491	411	391	1	1
985	391	471	491	1	1
986	492	412	392	1	1
987	392	472	492	1	1
988	493	413	393	1	1
989	393	473	493	1	1
990	494	414	394	1	1
991	394	474	494	1	1
992	495	415	395	1	1
993	395	475	495	1	1
994	496	416	396	1	1
995	396	476	496	1	1
996	497	417	397	1	1
997	397	477	497	1	1
998	498	418	398	1	1
999	398	478	498	1	1
1000	499	419	399	1	1
1001	399	479	499	1	1
1002	500	420	400	1	1
1003	400	480	500	1	1
1004	501	421	401	1	1
1005	401	481	501	1	1
1006	502	422	402	1	1
1007	402	482	502	1	1
1008	518	438	408	1	1
1009	408	488	518	1	1
1010	510	430	409	1	1
1011	409	489	510	1	1
1012	512	432	411	1	1
1013	411	491	512	1	1
1014	514	434	413	1	1
1015	413	493	514	1	1
1016	516	436	415	1	1
1017	415	495	516	1	1
1018	508	428	417	1	1
1019	417	497	508	1	1
1020	498	422	418	1	1
1021	418	422	502	1	1
1022	520	440	419	1	1
1023	419	499	520	1	1
1024	521	441	420	1	1
1025	420	500	521	1	1
1026	522	442	421	1	1
1027	421	501	522	1	1
1028	503	443	423	1	1
1029	504	444	424	1	1
1030	505	445	425	1	1
1031	506	446	426	1	1
1032	507	447	427	1	1
1033	508	448	428	1	1
1034	509	449	429	1	1
1035	510	450	430	1	1
1036	511	451	431	1	1
1037	512	452	432	1	1
1038	513	453	433	1	1
1039	514	454	434	1	1
1040	515	455	435	1	1
1041	516	456	436	1	1
1042	517	457	437	1	1
1043	518	458	438	1	1
1044	519	459	439	1	1
1045	520	460	440	1	1
1046	521	461	441	1	1
1047	522	462	442	1	1
1048	523	463	443	1	1
1049	443	503	523	1	1
1050	524	464	444	1	1
1051	444	504	524	1	1
1052	525	465	445	1	1
1053	445	505	525	1	1
1054	526	466	446	1	1
1055	446	506	526	1	1
1056	527	467	447	1	1
1057	447	507	527	1	1
1058	528	468	448	1	1
1059	448	508	528	1	1
1060	529	469	449	1	1
1061	449	509	529	1	1
1062	530	470	450	1	1
1063	450	510	530	1	1
1064	531	471	451	1	1
1065	451	511	531	1	1
1066	532	472	452	1	1
1067	452	512	532	1	1
1068	533	473	453	1	1
1069	453	513	533	1	1
1070	534	474	454	1	1
1071	454	514	534	1	1
1072	535	475	455	1	1
1073	455	515	535	1	1
1074	536	476	456	1	1
1075	456	516	536	1	1
1076	537	477	457	1	1
1077	457	517	537	1	1
1078	538	478	458	1	1
1079	458	518	538	1	1
1080	539	479	459	1	1
1081	459	519	539	1	1
1082	540	480	460	1	1
1083	460	520	540	1	1
1084	541	481	461	1	1
1085	461	521	541	1	1
1086	542	482	462	1	1
1087	462	522	542	1	1
1088	543	483	463	1	1
1089	463	523	543	1	1
1090	544	484	464	1	1
1091	464	524	544	1	1
1092	545	485	465	1	1
1093	465	525	545	1	1
1094	546	486	466	1	1
1095	466	526	546	1	1
1096	547	487	467	1	1
1097	467	527	547	1	1
1098	548	488	468	1	1
1099	468	528	548	1	1
1100	549	489	469	1	1
1101	469	529	549	1	1
1102	550	490	470	1	1
1103	470	530	550	1	1
1104	551	491	471	1	1
1105	471	531	551	1	1
1106	552	492	472	1	1
1107	472	532	552	1	1
1108	553	493	473	1	1
1109	473	533	553	1	1
1110	554	494	474	1	1
1111	474	534	554	1	1
1112	555	495	475	1	1
1113	475	535	555	1	1
1114	556	496	476	1	1
1115	476	536	556	1	1
1116	557	497	477	1	1
1117	477	537	557	1	1
1118	558	498	478	1	1
1119	478	538	558	1	1
1120	559	499	479	1	1
1121	479	539	559	1	1
1122	560	500	480	1	1
1123	480	540	560	1	1
1124	561	501	481	1	1
1125	481	541	561	1	1
1126	562	502	482	1	1
1127	482	542	562	1	1
1128	563	518	488	1	1
1129	488	548	563	1	1
1130	564	510	489	1	1
1131	489	549	564	1	1
1132	565	512	491	1	1
1133	491	551	565	1	1
1134	566	514	493	1	1
1135	493	553	566	1	1
1136	567	516	495	1	1
1137	495	555	567	1	1
1138	568	508	497	1	1
1139	497	557	568	1	1
1140	569	520	499	1	1
1141	499	559	569	1	1
1142	570	521	500	1	1
1143	500	560	570	1	1
1144	571	522	501	1	1
1145	501	561	571	1	1
1146	568	528	508	1	1
1147	564	530	510	1	1
1148	565	532	512	1	1
1149	566	534	514	1	1
1150	567	536	516	1	1
1151	563	538	518	1	1
1152	569	540	520	1	1
1153	570	541	521	1	1
1154	571	542	522	1	1
1155	572	543	523	1	1
1156	573	544	524	1	1
1157	574	545	525	1	1
1158	575	546	526	1	1
1159	576	547	527	1	1
1160	577	548	528	1	1
1161	528	568	577	1	1
1162	578	549	529	1	1
1163	579	550	530	1	1
1164	530	564	579	1	1
1165	580	551	531	1	1
1166	581	552	532	1	1
1167	532	565	581	1	1
1168	582	553	533	1	1
1169	583	554	534	1	1
1170	534	566	583	1	1
1171	584	555	535	1	1
1172	585	556	536	1	1
1173	536	567	585	1	1
1174	586	557	537	1	1
1175	587	558	538	1	1
1176	538	563	587	1	1
1177	588	559	539	1	1
1178	589	560	540	1	1
1179	540	569	589	1	1
1180	590	561	541	1	1
1181	541	570	590	1	1
1182	591	562	542	1	1
1183	542	571	591	1	1
1184	543	572	592	1	1
1185	544	573	593	1	1
1186	545	574	594	1	1
1187	546	575	595	1	1
1188	547	576	596	1	1
1189	597	563	548	1	1
1190	548	577	597	1	1
1191	598	564	549	1	1
1192	549	578	598	1	1
1193	550	579	599	1	1
1194	600	565	551	1	1
1195	551	580	600	1	1
1196	552	581	601	1	1
1197	602	566	553	1	1
1198	553	582	602	1	1
1199	554	583	603	1	1
1200	604	567	555	1	1
1201	555	584	604	1	1
1202	556	585	605	1	1
1203	606	568	557	1	1
1204	557	586	606	1	1
1205	558	587	607	1	1
1206	608	569	559	1	1
1207	559	588	608	1	1
1208	609	570	560	1	1
1209	560	589	609	1	1
1210	610	571	561	1	1
1211	561	590	610	1	1
1212	562	591	611	1	1
1213	597	587	563	1	1
1214	598	579	564	1	1
1215	600	581	565	1	1
1216	602	583	566	1	1
1217	604	585	567	1	1
1218	606	577	568	1	1
1219	608	589	569	1	1
1220	609	590	570	1	1
1221	610	591	571	1	1
1222	612	592	572	1	1
1223	613	593	573	1	1
1224	614	594	574	1	1
1225	615	595	575	1	1
1226	616	596	576	1	1
1227	617	597	577	1	1
1228	577	606	617	1	1
1229	618	598	578	1	1
1230	579	598	619	1	1
1231	619	599	579	1	1
1232	620	600	580	1	1
1233	581	600	621	1	1
1234	621	601	581	1	1
1235	622	602	582	1	1
1236	583	602	623	1	1
1237	623	603	583	1	1
1238	624	604	584	1	1
1239	585	604	625	1	1
1240	625	605	585	1	1
1241	626	606	586	1	1
1242	587	597	627	1	1
1243	627	607	587	1	1
1244	628	608	588	1	1
1245	589	608	629	1	1
1246	629	609	589	1	1
1247	590	609	630	1	1
1248	630	610	590	1	1
1249	591	610	631	1	1
1250	631	611	591	1	1
1251	597	617	627	1	1
1252	598	618	619	1	1
1253	600	620	621	1	1
1254	602	622	623	1	1
1255	604	624	625	1	1
1256	626	617	606	1	1
1257	608	628	629	1	1
1258	609	629	630	1	1
1259	610	630	631	1	1
