0
         0        51
         0         1
1
         0        57
         0         2
2
         0       179
         2         3
3
         0       180
         3         4
4
         0       613
         1         4
5
         1        52
         5         6
6
         1        59
         5         7
7
         1       181
         7         8
8
         1       182
         8         9
9
         1       614
         6         9
10
         2        53
        10        11
11
         2        61
        10        12
12
         2       183
        12        13
13
         2       184
        13        14
14
         2       615
        11        14
15
         3        54
        15        16
16
         3        63
        15        17
17
         3       185
        17        18
18
         3       186
        18        19
19
         3       616
        16        19
20
         4        55
        20        21
21
         4        65
        20        22
22
         4       177
        22        23
23
         4       178
        23        24
24
         4       612
        21        24
25
         5        56
        25        26
26
         5       187
        25        27
27
         5       188
        27        28
28
         5       618
        26        29
29
         5       619
        28        29
30
         6        58
        30        31
31
         6        67
        30        32
32
         6       189
        32        33
33
         6       620
        31        34
34
         6       621
        33        34
35
         7        60
        35        36
36
         7        68
        35        37
37
         7       190
        37        38
38
         7       622
        36        39
39
         7       623
        38        39
40
         8        62
        40        41
41
         8        69
        40        42
42
         8       191
        42        43
43
         8       624
        41        44
44
         8       625
        43        44
45
         9        64
        45        46
46
         9        70
        45        47
47
         9       617
        48        49
48
         9       626
        46        48
49
         9       627
        47        49
50
        10        66
        50        51
51
        10       628
        50        52
52
        10       629
        52        53
53
        10       630
        53        54
54
        10       631
        51        54
55
        11        31
        55        56
56
        11       111
        57        58
57
        11       131
        55        57
58
        11       504
        58        59
59
        11       524
        59        60
60
        11       573
        56        60
61
        12        32
        61        62
62
        12       112
        63        64
63
        12       132
        61        63
64
        12       505
        64        65
65
        12       525
        65        66
66
        12       574
        62        66
67
        13        33
        67        68
68
        13       113
        69        70
69
        13       133
        67        69
70
        13       506
        70        71
71
        13       526
        71        72
72
        13       575
        68        72
73
        14        34
        73        74
74
        14       114
        75        76
75
        14       134
        73        75
76
        14       507
        76        77
77
        14       527
        77        78
78
        14       576
        74        78
79
        15        35
        79        80
80
        15       115
        81        82
81
        15       135
        79        81
82
        15       503
        82        83
83
        15       523
        83        84
84
        15       572
        80        84
85
        16        36
        85        86
86
        16       116
        87        88
87
        16       136
        85        87
88
        16       509
        88        89
89
        16       529
        89        90
90
        16       578
        86        90
91
        17        37
        91        92
92
        17       117
        93        94
93
        17       137
        91        93
94
        17       151
        92        95
95
        17       272
        95        96
96
        17       403
        94        96
97
        18        38
        97        98
98
        18       118
        99       100
99
        18       138
        97        99
100
        18       511
       100       101
101
        18       531
       101       102
102
        18       580
        98       102
103
        19        39
       103       104
104
        19       119
       105       106
105
        19       139
       103       105
106
        19       152
       104       107
107
        19       273
       107       108
108
        19       404
       106       108
109
        20        40
       109       110
110
        20       120
       111       112
111
        20       140
       109       111
112
        20       513
       112       113
113
        20       533
       113       114
114
        20       582
       110       114
115
        21        41
       115       116
116
        21       121
       117       118
117
        21       141
       115       117
118
        21       153
       116       119
119
        21       274
       119       120
120
        21       405
       118       120
121
        22        42
       121       122
122
        22       122
       123       124
123
        22       142
       121       123
124
        22       515
       124       125
125
        22       535
       125       126
126
        22       584
       122       126
127
        23        43
       127       128
128
        23       123
       129       130
129
        23       143
       127       129
130
        23       154
       128       131
131
        23       275
       131       132
132
        23       406
       130       132
133
        24        44
       133       134
134
        24       124
       135       136
135
        24       144
       133       135
136
        24       517
       136       137
137
        24       537
       137       138
138
        24       586
       134       138
139
        25        45
       139       140
140
        25       125
       141       142
141
        25       145
       139       141
142
        25       155
       140       143
143
        25       276
       143       144
144
        25       407
       142       144
145
        26        46
       145       146
146
        26       126
       147       148
147
        26       146
       145       147
148
        26       519
       148       149
149
        26       539
       149       150
150
        26       588
       146       150
151
        27        47
       151       152
152
        27       127
       153       154
153
        27       147
       151       153
154
        27       158
       152       155
155
        27       279
       155       156
156
        27       410
       154       156
157
        28        48
       157       158
158
        28       128
       159       160
159
        28       148
       157       159
160
        28       160
       158       161
161
        28       281
       161       162
162
        28       412
       160       162
163
        29        49
       163       164
164
        29       129
       165       166
165
        29       149
       163       165
166
        29       162
       164       167
167
        29       283
       167       168
168
        29       414
       166       168
169
        30        50
       169       170
170
        30       130
       171       172
171
        30       150
       169       171
172
        30       164
       170       173
173
        30       285
       173       174
174
        30       416
       172       174
175
        31        51
       175       176
176
        31       131
        55       177
177
        31       151
       175       177
178
        31       573
        56       178
179
        31       613
       176       178
180
        32        52
       179       180
181
        32       132
        61       181
182
        32       152
       179       181
183
        32       574
        62       182
184
        32       614
       180       182
185
        33        53
       183       184
186
        33       133
        67       185
187
        33       153
       183       185
188
        33       575
        68       186
189
        33       615
       184       186
190
        34        54
       187       188
191
        34       134
        73       189
192
        34       154
       187       189
193
        34       576
        74       190
194
        34       616
       188       190
195
        35        55
       191       192
196
        35       135
        79       193
197
        35       155
       191       193
198
        35       572
        80       194
199
        35       612
       192       194
200
        36        56
       195       196
201
        36       136
        85       197
202
        36       156
       195       197
203
        36       578
        86       198
204
        36       618
       196       198
205
        37        51
       199       200
206
        37        57
       199       201
207
        37       137
        91       202
208
        37       151
        92       200
209
        37       157
       201       202
210
        38        58
       203       204
211
        38       138
        97       205
212
        38       158
       203       205
213
        38       580
        98       206
214
        38       620
       204       206
215
        39        52
       207       208
216
        39        59
       207       209
217
        39       139
       103       210
218
        39       152
       104       208
219
        39       159
       209       210
220
        40        60
       211       212
221
        40       140
       109       213
222
        40       160
       211       213
223
        40       582
       110       214
224
        40       622
       212       214
225
        41        53
       215       216
226
        41        61
       215       217
227
        41       141
       115       218
228
        41       153
       116       216
229
        41       161
       217       218
230
        42        62
       219       220
231
        42       142
       121       221
232
        42       162
       219       221
233
        42       584
       122       222
234
        42       624
       220       222
235
        43        54
       223       224
236
        43        63
       223       225
237
        43       143
       127       226
238
        43       154
       128       224
239
        43       163
       225       226
240
        44        64
       227       228
241
        44       144
       133       229
242
        44       164
       227       229
243
        44       586
       134       230
244
        44       626
       228       230
245
        45        55
       231       232
246
        45        65
       231       233
247
        45       145
       139       234
248
        45       155
       140       232
249
        45       165
       233       234
250
        46        66
       235       236
251
        46       146
       145       237
252
        46       166
       235       237
253
        46       588
       146       238
254
        46       628
       236       238
255
        47        58
       239       240
256
        47        67
       239       241
257
        47       147
       151       242
258
        47       158
       152       240
259
        47       167
       241       242
260
        48        60
       243       244
261
        48        68
       243       245
262
        48       148
       157       246
263
        48       160
       158       244
264
        48       168
       245       246
265
        49        62
       247       248
266
        49        69
       247       249
267
        49       149
       163       250
268
        49       162
       164       248
269
        49       169
       249       250
270
        50        64
       251       252
271
        50        70
       251       253
272
        50       150
       169       254
273
        50       164
       170       252
274
        50       170
       253       254
275
        51        57
         0       199
276
        51       151
       175       200
277
        51       613
         1       176
278
        52        59
         5       207
279
        52       152
       179       208
280
        52       614
         6       180
281
        53        61
        10       215
282
        53       153
       183       216
283
        53       615
        11       184
284
        54        63
        15       223
285
        54       154
       187       224
286
        54       616
        16       188
287
        55        65
        20       231
288
        55       155
       191       232
289
        55       612
        21       192
290
        56       156
       195       255
291
        56       187
        25       256
292
        56       318
       255       256
293
        56       618
        26       196
294
        57       157
       201       257
295
        57       179
         2       258
296
        57       310
       257       258
297
        58        67
        30       239
298
        58       158
       203       240
299
        58       620
        31       204
300
        59       159
       209       259
301
        59       181
         7       260
302
        59       312
       259       260
303
        60        68
        35       243
304
        60       160
       211       244
305
        60       622
        36       212
306
        61       161
       217       261
307
        61       183
        12       262
308
        61       314
       261       262
309
        62        69
        40       247
310
        62       162
       219       248
311
        62       624
        41       220
312
        63       163
       225       263
313
        63       185
        17       264
314
        63       316
       263       264
315
        64        70
        45       251
316
        64       164
       227       252
317
        64       626
        46       228
318
        65       165
       233       265
319
        65       177
        22       266
320
        65       308
       265       266
321
        66       166
       235       267
322
        66       611
       267       268
323
        66       628
        50       236
324
        66       631
        51       268
325
        67       167
       241       269
326
        67       189
        32       270
327
        67       320
       269       270
328
        68       168
       245       271
329
        68       190
        37       272
330
        68       321
       271       272
331
        69       169
       249       273
332
        69       191
        42       274
333
        69       322
       273       274
334
        70       170
       253       275
335
        70       607
       275       276
336
        70       627
        47       276
337
        71        91
       277       278
338
        71       192
       279       280
339
        71       212
       277       279
340
        71       304
       280       281
341
        71       324
       281       282
342
        71       424
       278       282
343
        72        92
       283       284
344
        72       193
       285       286
345
        72       213
       283       285
346
        72       305
       286       287
347
        72       325
       287       288
348
        72       425
       284       288
349
        73        93
       289       290
350
        73       194
       291       292
351
        73       214
       289       291
352
        73       306
       292       293
353
        73       326
       293       294
354
        73       426
       290       294
355
        74        94
       295       296
356
        74       195
       297       298
357
        74       215
       295       297
358
        74       307
       298       299
359
        74       327
       299       300
360
        74       427
       296       300
361
        75        95
       301       302
362
        75       196
       303       304
363
        75       216
       301       303
364
        75       303
       304       305
365
        75       323
       305       306
366
        75       423
       302       306
367
        76        96
       307       308
368
        76       197
       309       310
369
        76       217
       307       309
370
        76       309
       310       311
371
        76       329
       311       312
372
        76       429
       308       312
373
        77        97
       313       314
374
        77       198
       315       316
375
        77       218
       313       315
376
        77       483
       314       317
377
        77       543
       317       318
378
        77       592
       316       318
379
        78        98
       319       320
380
        78       199
       321       322
381
        78       219
       319       321
382
        78       311
       322       323
383
        78       331
       323       324
384
        78       431
       320       324
385
        79        99
       325       326
386
        79       200
       327       328
387
        79       220
       325       327
388
        79       484
       326       329
389
        79       544
       329       330
390
        79       593
       328       330
391
        80       100
       331       332
392
        80       201
       333       334
393
        80       221
       331       333
394
        80       313
       334       335
395
        80       333
       335       336
396
        80       433
       332       336
397
        81       101
       337       338
398
        81       202
       339       340
399
        81       222
       337       339
400
        81       485
       338       341
401
        81       545
       341       342
402
        81       594
       340       342
403
        82       102
       343       344
404
        82       203
       345       346
405
        82       223
       343       345
406
        82       315
       346       347
407
        82       335
       347       348
408
        82       435
       344       348
409
        83       103
       349       350
410
        83       204
       351       352
411
        83       224
       349       351
412
        83       486
       350       353
413
        83       546
       353       354
414
        83       595
       352       354
415
        84       104
       355       356
416
        84       205
       357       358
417
        84       225
       355       357
418
        84       317
       358       359
419
        84       337
       359       360
420
        84       437
       356       360
421
        85       105
       361       362
422
        85       206
       363       364
423
        85       226
       361       363
424
        85       487
       362       365
425
        85       547
       365       366
426
        85       596
       364       366
427
        86       106
       367       368
428
        86       207
       369       370
429
        86       227
       367       369
430
        86       319
       370       371
431
        86       339
       371       372
432
        86       439
       368       372
433
        87       107
       373       374
434
        87       208
       375       376
435
        87       228
       373       375
436
        87       490
       374       377
437
        87       550
       377       378
438
        87       599
       376       378
439
        88       108
       379       380
440
        88       209
       381       382
441
        88       229
       379       381
442
        88       492
       380       383
443
        88       552
       383       384
444
        88       601
       382       384
445
        89       109
       385       386
446
        89       210
       387       388
447
        89       230
       385       387
448
        89       494
       386       389
449
        89       554
       389       390
450
        89       603
       388       390
451
        90       110
       391       392
452
        90       211
       393       394
453
        90       231
       391       393
454
        90       496
       392       395
455
        90       556
       395       396
456
        90       605
       394       396
457
        91       111
       397       398
458
        91       212
       277       399
459
        91       232
       397       399
460
        91       424
       278       400
461
        91       504
       398       400
462
        92       112
       401       402
463
        92       213
       283       403
464
        92       233
       401       403
465
        92       425
       284       404
466
        92       505
       402       404
467
        93       113
       405       406
468
        93       214
       289       407
469
        93       234
       405       407
470
        93       426
       290       408
471
        93       506
       406       408
472
        94       114
       409       410
473
        94       215
       295       411
474
        94       235
       409       411
475
        94       427
       296       412
476
        94       507
       410       412
477
        95       115
       413       414
478
        95       216
       301       415
479
        95       236
       413       415
480
        95       423
       302       416
481
        95       503
       414       416
482
        96       116
       417       418
483
        96       217
       307       419
484
        96       237
       417       419
485
        96       429
       308       420
486
        96       509
       418       420
487
        97       117
       421       422
488
        97       218
       313       423
489
        97       238
       421       423
490
        97       403
       422       424
491
        97       483
       314       424
492
        98       118
       425       426
493
        98       219
       319       427
494
        98       239
       425       427
495
        98       431
       320       428
496
        98       511
       426       428
497
        99       119
       429       430
498
        99       220
       325       431
499
        99       240
       429       431
500
        99       404
       430       432
501
        99       484
       326       432
502
       100       120
       433       434
503
       100       221
       331       435
504
       100       241
       433       435
505
       100       433
       332       436
506
       100       513
       434       436
507
       101       121
       437       438
508
       101       222
       337       439
509
       101       242
       437       439
510
       101       405
       438       440
511
       101       485
       338       440
512
       102       122
       441       442
513
       102       223
       343       443
514
       102       243
       441       443
515
       102       435
       344       444
516
       102       515
       442       444
517
       103       123
       445       446
518
       103       224
       349       447
519
       103       244
       445       447
520
       103       406
       446       448
521
       103       486
       350       448
522
       104       124
       449       450
523
       104       225
       355       451
524
       104       245
       449       451
525
       104       437
       356       452
526
       104       517
       450       452
527
       105       125
       453       454
528
       105       226
       361       455
529
       105       246
       453       455
530
       105       407
       454       456
531
       105       487
       362       456
532
       106       126
       457       458
533
       106       227
       367       459
534
       106       247
       457       459
535
       106       439
       368       460
536
       106       519
       458       460
537
       107       127
       461       462
538
       107       228
       373       463
539
       107       248
       461       463
540
       107       410
       462       464
541
       107       490
       374       464
542
       108       128
       465       466
543
       108       229
       379       467
544
       108       249
       465       467
545
       108       412
       466       468
546
       108       492
       380       468
547
       109       129
       469       470
548
       109       230
       385       471
549
       109       250
       469       471
550
       109       414
       470       472
551
       109       494
       386       472
552
       110       130
       473       474
553
       110       231
       391       475
554
       110       251
       473       475
555
       110       416
       474       476
556
       110       496
       392       476
557
       111       131
        57       477
558
       111       232
       397       478
559
       111       252
       477       478
560
       111       504
        58       398
561
       112       132
        63       479
562
       112       233
       401       480
563
       112       253
       479       480
564
       112       505
        64       402
565
       113       133
        69       481
566
       113       234
       405       482
567
       113       254
       481       482
568
       113       506
        70       406
569
       114       134
        75       483
570
       114       235
       409       484
571
       114       255
       483       484
572
       114       507
        76       410
573
       115       135
        81       485
574
       115       236
       413       486
575
       115       256
       485       486
576
       115       503
        82       414
577
       116       136
        87       487
578
       116       237
       417       488
579
       116       257
       487       488
580
       116       509
        88       418
581
       117       137
        93       489
582
       117       238
       421       490
583
       117       258
       489       490
584
       117       403
        94       422
585
       118       138
        99       491
586
       118       239
       425       492
587
       118       259
       491       492
588
       118       511
       100       426
589
       119       139
       105       493
590
       119       240
       429       494
591
       119       260
       493       494
592
       119       404
       106       430
593
       120       140
       111       495
594
       120       241
       433       496
595
       120       261
       495       496
596
       120       513
       112       434
597
       121       141
       117       497
598
       121       242
       437       498
599
       121       262
       497       498
600
       121       405
       118       438
601
       122       142
       123       499
602
       122       243
       441       500
603
       122       263
       499       500
604
       122       515
       124       442
605
       123       143
       129       501
606
       123       244
       445       502
607
       123       264
       501       502
608
       123       406
       130       446
609
       124       144
       135       503
610
       124       245
       449       504
611
       124       265
       503       504
612
       124       517
       136       450
613
       125       145
       141       505
614
       125       246
       453       506
615
       125       266
       505       506
616
       125       407
       142       454
617
       126       146
       147       507
618
       126       247
       457       508
619
       126       267
       507       508
620
       126       519
       148       458
621
       127       147
       153       509
622
       127       248
       461       510
623
       127       268
       509       510
624
       127       410
       154       462
625
       128       148
       159       511
626
       128       249
       465       512
627
       128       269
       511       512
628
       128       412
       160       466
629
       129       149
       165       513
630
       129       250
       469       514
631
       129       270
       513       514
632
       129       414
       166       470
633
       130       150
       171       515
634
       130       251
       473       516
635
       130       271
       515       516
636
       130       416
       172       474
637
       131       151
       177       517
638
       131       252
       477       518
639
       131       272
       517       518
640
       132       152
       181       519
641
       132       253
       479       520
642
       132       273
       519       520
643
       133       153
       185       521
644
       133       254
       481       522
645
       133       274
       521       522
646
       134       154
       189       523
647
       134       255
       483       524
648
       134       275
       523       524
649
       135       155
       193       525
650
       135       256
       485       526
651
       135       276
       525       526
652
       136       156
       197       527
653
       136       257
       487       528
654
       136       277
       527       528
655
       137       157
       202       529
656
       137       258
       489       530
657
       137       278
       529       530
658
       138       158
       205       531
659
       138       259
       491       532
660
       138       279
       531       532
661
       139       159
       210       533
662
       139       260
       493       534
663
       139       280
       533       534
664
       140       160
       213       535
665
       140       261
       495       536
666
       140       281
       535       536
667
       141       161
       218       537
668
       141       262
       497       538
669
       141       282
       537       538
670
       142       162
       221       539
671
       142       263
       499       540
672
       142       283
       539       540
673
       143       163
       226       541
674
       143       264
       501       542
675
       143       284
       541       542
676
       144       164
       229       543
677
       144       265
       503       544
678
       144       285
       543       544
679
       145       165
       234       545
680
       145       266
       505       546
681
       145       286
       545       546
682
       146       166
       237       547
683
       146       267
       507       548
684
       146       287
       547       548
685
       147       167
       242       549
686
       147       268
       509       550
687
       147       288
       549       550
688
       148       168
       246       551
689
       148       269
       511       552
690
       148       289
       551       552
691
       149       169
       250       553
692
       149       270
       513       554
693
       149       290
       553       554
694
       150       170
       254       555
695
       150       271
       515       556
696
       150       291
       555       556
697
       151       272
        95       517
698
       152       273
       107       519
699
       153       274
       119       521
700
       154       275
       131       523
701
       155       276
       143       525
702
       156       277
       527       557
703
       156       292
       557       558
704
       156       318
       255       558
705
       157       278
       529       559
706
       157       293
       559       560
707
       157       310
       257       560
708
       158       279
       155       531
709
       159       280
       533       561
710
       159       294
       561       562
711
       159       312
       259       562
712
       160       281
       161       535
713
       161       282
       537       563
714
       161       295
       563       564
715
       161       314
       261       564
716
       162       283
       167       539
717
       163       284
       541       565
718
       163       296
       565       566
719
       163       316
       263       566
720
       164       285
       173       543
721
       165       286
       545       567
722
       165       297
       567       568
723
       165       308
       265       568
724
       166       287
       547       569
725
       166       298
       569       570
726
       166       611
       267       570
727
       167       288
       549       571
728
       167       299
       571       572
729
       167       320
       269       572
730
       168       289
       551       573
731
       168       300
       573       574
732
       168       321
       271       574
733
       169       290
       553       575
734
       169       301
       575       576
735
       169       322
       273       576
736
       170       291
       555       577
737
       170       302
       577       578
738
       170       607
       275       578
739
       171       172
       579       580
740
       171       173
       579       581
741
       171       174
       581       582
742
       171       175
       582       583
743
       171       176
       580       583
744
       172       173
       579       584
745
       172       176
       580       585
746
       172       192
       586       587
747
       172       303
       585       586
748
       172       304
       584       587
749
       173       174
       581       588
750
       173       193
       589       590
751
       173       304
       584       589
752
       173       305
       588       590
753
       174       175
       582       591
754
       174       194
       592       593
755
       174       305
       588       592
756
       174       306
       591       593
757
       175       176
       583       594
758
       175       195
       595       596
759
       175       306
       591       595
760
       175       307
       594       596
761
       176       196
       597       598
762
       176       303
       585       597
763
       176       307
       594       598
764
       177       178
        23       599
765
       177       197
       600       601
766
       177       308
       266       600
767
       177       309
       599       601
768
       178       198
       602       603
769
       178       309
       599       602
770
       178       592
       603       604
771
       178       612
        24       604
772
       179       180
         3       605
773
       179       199
       606       607
774
       179       310
       258       606
775
       179       311
       605       607
776
       180       200
       608       609
777
       180       311
       605       608
778
       180       593
       609       610
779
       180       613
         4       610
780
       181       182
         8       611
781
       181       201
       612       613
782
       181       312
       260       612
783
       181       313
       611       613
784
       182       202
       614       615
785
       182       313
       611       614
786
       182       594
       615       616
787
       182       614
         9       616
788
       183       184
        13       617
789
       183       203
       618       619
790
       183       314
       262       618
791
       183       315
       617       619
792
       184       204
       620       621
793
       184       315
       617       620
794
       184       595
       621       622
795
       184       615
        14       622
796
       185       186
        18       623
797
       185       205
       624       625
798
       185       316
       264       624
799
       185       317
       623       625
800
       186       206
       626       627
801
       186       317
       623       626
802
       186       596
       627       628
803
       186       616
        19       628
804
       187       188
        27       629
805
       187       207
       630       631
806
       187       318
       256       630
807
       187       319
       629       631
808
       188       208
       632       633
809
       188       319
       629       632
810
       188       599
       633       634
811
       188       619
        28       634
812
       189       209
       635       636
813
       189       320
       270       635
814
       189       601
       636       637
815
       189       621
        33       637
816
       190       210
       638       639
817
       190       321
       272       638
818
       190       603
       639       640
819
       190       623
        38       640
820
       191       211
       641       642
821
       191       322
       274       641
822
       191       605
       642       643
823
       191       625
        43       643
824
       192       212
       279       644
825
       192       303
       586       645
826
       192       304
       280       587
827
       192       323
       644       645
828
       193       213
       285       646
829
       193       304
       589       647
830
       193       305
       286       590
831
       193       324
       646       647
832
       194       214
       291       648
833
       194       305
       592       649
834
       194       306
       292       593
835
       194       325
       648       649
836
       195       215
       297       650
837
       195       306
       595       651
838
       195       307
       298       596
839
       195       326
       650       651
840
       196       216
       303       652
841
       196       303
       304       597
842
       196       307
       598       653
843
       196       327
       652       653
844
       197       217
       309       654
845
       197       308
       600       655
846
       197       309
       310       601
847
       197       328
       654       655
848
       198       218
       315       656
849
       198       309
       602       657
850
       198       329
       656       657
851
       198       592
       316       603
852
       199       219
       321       658
853
       199       310
       606       659
854
       199       311
       322       607
855
       199       330
       658       659
856
       200       220
       327       660
857
       200       311
       608       661
858
       200       331
       660       661
859
       200       593
       328       609
860
       201       221
       333       662
861
       201       312
       612       663
862
       201       313
       334       613
863
       201       332
       662       663
864
       202       222
       339       664
865
       202       313
       614       665
866
       202       333
       664       665
867
       202       594
       340       615
868
       203       223
       345       666
869
       203       314
       618       667
870
       203       315
       346       619
871
       203       334
       666       667
872
       204       224
       351       668
873
       204       315
       620       669
874
       204       335
       668       669
875
       204       595
       352       621
876
       205       225
       357       670
877
       205       316
       624       671
878
       205       317
       358       625
879
       205       336
       670       671
880
       206       226
       363       672
881
       206       317
       626       673
882
       206       337
       672       673
883
       206       596
       364       627
884
       207       227
       369       674
885
       207       318
       630       675
886
       207       319
       370       631
887
       207       338
       674       675
888
       208       228
       375       676
889
       208       319
       632       677
890
       208       339
       676       677
891
       208       599
       376       633
892
       209       229
       381       678
893
       209       320
       635       679
894
       209       340
       678       679
895
       209       601
       382       636
896
       210       230
       387       680
897
       210       321
       638       681
898
       210       341
       680       681
899
       210       603
       388       639
900
       211       231
       393       682
901
       211       322
       641       683
902
       211       342
       682       683
903
       211       605
       394       642
904
       212       232
       399       684
905
       212       323
       644       685
906
       212       343
       684       685
907
       213       233
       403       686
908
       213       324
       646       687
909
       213       344
       686       687
910
       214       234
       407       688
911
       214       325
       648       689
912
       214       345
       688       689
913
       215       235
       411       690
914
       215       326
       650       691
915
       215       346
       690       691
916
       216       236
       415       692
917
       216       327
       652       693
918
       216       347
       692       693
919
       217       237
       419       694
920
       217       328
       654       695
921
       217       348
       694       695
922
       218       238
       423       696
923
       218       329
       656       697
924
       218       349
       696       697
925
       219       239
       427       698
926
       219       330
       658       699
927
       219       350
       698       699
928
       220       240
       431       700
929
       220       331
       660       701
930
       220       351
       700       701
931
       221       241
       435       702
932
       221       332
       662       703
933
       221       352
       702       703
934
       222       242
       439       704
935
       222       333
       664       705
936
       222       353
       704       705
937
       223       243
       443       706
938
       223       334
       666       707
939
       223       354
       706       707
940
       224       244
       447       708
941
       224       335
       668       709
942
       224       355
       708       709
943
       225       245
       451       710
944
       225       336
       670       711
945
       225       356
       710       711
946
       226       246
       455       712
947
       226       337
       672       713
948
       226       357
       712       713
949
       227       247
       459       714
950
       227       338
       674       715
951
       227       358
       714       715
952
       228       248
       463       716
953
       228       339
       676       717
954
       228       359
       716       717
955
       229       249
       467       718
956
       229       340
       678       719
957
       229       360
       718       719
958
       230       250
       471       720
959
       230       341
       680       721
960
       230       361
       720       721
961
       231       251
       475       722
962
       231       342
       682       723
963
       231       362
       722       723
964
       232       252
       478       724
965
       232       343
       684       725
966
       232       363
       724       725
967
       233       253
       480       726
968
       233       344
       686       727
969
       233       364
       726       727
970
       234       254
       482       728
971
       234       345
       688       729
972
       234       365
       728       729
973
       235       255
       484       730
974
       235       346
       690       731
975
       235       366
       730       731
976
       236       256
       486       732
977
       236       347
       692       733
978
       236       367
       732       733
979
       237       257
       488       734
980
       237       348
       694       735
981
       237       368
       734       735
982
       238       258
       490       736
983
       238       349
       696       737
984
       238       369
       736       737
985
       239       259
       492       738
986
       239       350
       698       739
987
       239       370
       738       739
988
       240       260
       494       740
989
       240       351
       700       741
990
       240       371
       740       741
991
       241       261
       496       742
992
       241       352
       702       743
993
       241       372
       742       743
994
       242       262
       498       744
995
       242       353
       704       745
996
       242       373
       744       745
997
       243       263
       500       746
998
       243       354
       706       747
999
       243       374
       746       747
1000
       244       264
       502       748
1001
       244       355
       708       749
1002
       244       375
       748       749
1003
       245       265
       504       750
1004
       245       356
       710       751
1005
       245       376
       750       751
1006
       246       266
       506       752
1007
       246       357
       712       753
1008
       246       377
       752       753
1009
       247       267
       508       754
1010
       247       358
       714       755
1011
       247       378
       754       755
1012
       248       268
       510       756
1013
       248       359
       716       757
1014
       248       379
       756       757
1015
       249       269
       512       758
1016
       249       360
       718       759
1017
       249       380
       758       759
1018
       250       270
       514       760
1019
       250       361
       720       761
1020
       250       381
       760       761
1021
       251       271
       516       762
1022
       251       362
       722       763
1023
       251       382
       762       763
1024
       252       272
       518       764
1025
       252       363
       724       765
1026
       252       383
       764       765
1027
       253       273
       520       766
1028
       253       364
       726       767
1029
       253       384
       766       767
1030
       254       274
       522       768
1031
       254       365
       728       769
1032
       254       385
       768       769
1033
       255       275
       524       770
1034
       255       366
       730       771
1035
       255       386
       770       771
1036
       256       276
       526       772
1037
       256       367
       732       773
1038
       256       387
       772       773
1039
       257       277
       528       774
1040
       257       368
       734       775
1041
       257       388
       774       775
1042
       258       278
       530       776
1043
       258       369
       736       777
1044
       258       389
       776       777
1045
       259       279
       532       778
1046
       259       370
       738       779
1047
       259       390
       778       779
1048
       260       280
       534       780
1049
       260       371
       740       781
1050
       260       391
       780       781
1051
       261       281
       536       782
1052
       261       372
       742       783
1053
       261       392
       782       783
1054
       262       282
       538       784
1055
       262       373
       744       785
1056
       262       393
       784       785
1057
       263       283
       540       786
1058
       263       374
       746       787
1059
       263       394
       786       787
1060
       264       284
       542       788
1061
       264       375
       748       789
1062
       264       395
       788       789
1063
       265       285
       544       790
1064
       265       376
       750       791
1065
       265       396
       790       791
1066
       266       286
       546       792
1067
       266       377
       752       793
1068
       266       397
       792       793
1069
       267       287
       548       794
1070
       267       378
       754       795
1071
       267       398
       794       795
1072
       268       288
       550       796
1073
       268       379
       756       797
1074
       268       399
       796       797
1075
       269       289
       552       798
1076
       269       380
       758       799
1077
       269       400
       798       799
1078
       270       290
       554       800
1079
       270       381
       760       801
1080
       270       401
       800       801
1081
       271       291
       556       802
1082
       271       382
       762       803
1083
       271       402
       802       803
1084
       272       383
       764       804
1085
       272       403
        96       804
1086
       273       384
       766       805
1087
       273       404
       108       805
1088
       274       385
       768       806
1089
       274       405
       120       806
1090
       275       386
       770       807
1091
       275       406
       132       807
1092
       276       387
       772       808
1093
       276       407
       144       808
1094
       277       292
       557       809
1095
       277       388
       774       810
1096
       277       408
       809       810
1097
       278       293
       559       811
1098
       278       389
       776       812
1099
       278       409
       811       812
1100
       279       390
       778       813
1101
       279       410
       156       813
1102
       280       294
       561       814
1103
       280       391
       780       815
1104
       280       411
       814       815
1105
       281       392
       782       816
1106
       281       412
       162       816
1107
       282       295
       563       817
1108
       282       393
       784       818
1109
       282       413
       817       818
1110
       283       394
       786       819
1111
       283       414
       168       819
1112
       284       296
       565       820
1113
       284       395
       788       821
1114
       284       415
       820       821
1115
       285       396
       790       822
1116
       285       416
       174       822
1117
       286       297
       567       823
1118
       286       397
       792       824
1119
       286       417
       823       824
1120
       287       298
       569       825
1121
       287       398
       794       826
1122
       287       418
       825       826
1123
       288       299
       571       827
1124
       288       399
       796       828
1125
       288       419
       827       828
1126
       289       300
       573       829
1127
       289       400
       798       830
1128
       289       420
       829       830
1129
       290       301
       575       831
1130
       290       401
       800       832
1131
       290       421
       831       832
1132
       291       302
       577       833
1133
       291       402
       802       834
1134
       291       422
       833       834
1135
       292       318
       558       835
1136
       292       338
       835       836
1137
       292       408
       809       837
1138
       292       438
       836       837
1139
       293       310
       560       838
1140
       293       330
       838       839
1141
       293       409
       811       840
1142
       293       430
       839       840
1143
       294       312
       562       841
1144
       294       332
       841       842
1145
       294       411
       814       843
1146
       294       432
       842       843
1147
       295       314
       564       844
1148
       295       334
       844       845
1149
       295       413
       817       846
1150
       295       434
       845       846
1151
       296       316
       566       847
1152
       296       336
       847       848
1153
       296       415
       820       849
1154
       296       436
       848       849
1155
       297       308
       568       850
1156
       297       328
       850       851
1157
       297       417
       823       852
1158
       297       428
       851       852
1159
       298       418
       825       853
1160
       298       502
       853       854
1161
       298       562
       854       855
1162
       298       611
       570       855
1163
       299       320
       572       856
1164
       299       340
       856       857
1165
       299       419
       827       858
1166
       299       440
       857       858
1167
       300       321
       574       859
1168
       300       341
       859       860
1169
       300       420
       829       861
1170
       300       441
       860       861
1171
       301       322
       576       862
1172
       301       342
       862       863
1173
       301       421
       831       864
1174
       301       442
       863       864
1175
       302       422
       833       865
1176
       302       498
       865       866
1177
       302       558
       866       867
1178
       302       607
       578       867
1179
       303       323
       305       645
1180
       304       324
       281       647
1181
       305       325
       287       649
1182
       306       326
       293       651
1183
       307       327
       299       653
1184
       308       328
       655       850
1185
       309       329
       311       657
1186
       310       330
       659       838
1187
       311       331
       323       661
1188
       312       332
       663       841
1189
       313       333
       335       665
1190
       314       334
       667       844
1191
       315       335
       347       669
1192
       316       336
       671       847
1193
       317       337
       359       673
1194
       318       338
       675       835
1195
       319       339
       371       677
1196
       320       340
       679       856
1197
       321       341
       681       859
1198
       322       342
       683       862
1199
       323       343
       685       868
1200
       323       423
       306       868
1201
       324       344
       687       869
1202
       324       424
       282       869
1203
       325       345
       689       870
1204
       325       425
       288       870
1205
       326       346
       691       871
1206
       326       426
       294       871
1207
       327       347
       693       872
1208
       327       427
       300       872
1209
       328       348
       695       873
1210
       328       428
       851       873
1211
       329       349
       697       874
1212
       329       429
       312       874
1213
       330       350
       699       875
1214
       330       430
       839       875
1215
       331       351
       701       876
1216
       331       431
       324       876
1217
       332       352
       703       877
1218
       332       432
       842       877
1219
       333       353
       705       878
1220
       333       433
       336       878
1221
       334       354
       707       879
1222
       334       434
       845       879
1223
       335       355
       709       880
1224
       335       435
       348       880
1225
       336       356
       711       881
1226
       336       436
       848       881
1227
       337       357
       713       882
1228
       337       437
       360       882
1229
       338       358
       715       883
1230
       338       438
       836       883
1231
       339       359
       717       884
1232
       339       439
       372       884
1233
       340       360
       719       885
1234
       340       440
       857       885
1235
       341       361
       721       886
1236
       341       441
       860       886
1237
       342       362
       723       887
1238
       342       442
       863       887
1239
       343       363
       725       888
1240
       343       423
       868       889
1241
       343       443
       888       889
1242
       344       364
       727       890
1243
       344       424
       869       891
1244
       344       444
       890       891
1245
       345       365
       729       892
1246
       345       425
       870       893
1247
       345       445
       892       893
1248
       346       366
       731       894
1249
       346       426
       871       895
1250
       346       446
       894       895
1251
       347       367
       733       896
1252
       347       427
       872       897
1253
       347       447
       896       897
1254
       348       368
       735       898
1255
       348       428
       873       899
1256
       348       448
       898       899
1257
       349       369
       737       900
1258
       349       429
       874       901
1259
       349       449
       900       901
1260
       350       370
       739       902
1261
       350       430
       875       903
1262
       350       450
       902       903
1263
       351       371
       741       904
1264
       351       431
       876       905
1265
       351       451
       904       905
1266
       352       372
       743       906
1267
       352       432
       877       907
1268
       352       452
       906       907
1269
       353       373
       745       908
1270
       353       433
       878       909
1271
       353       453
       908       909
1272
       354       374
       747       910
1273
       354       434
       879       911
1274
       354       454
       910       911
1275
       355       375
       749       912
1276
       355       435
       880       913
1277
       355       455
       912       913
1278
       356       376
       751       914
1279
       356       436
       881       915
1280
       356       456
       914       915
1281
       357       377
       753       916
1282
       357       437
       882       917
1283
       357       457
       916       917
1284
       358       378
       755       918
1285
       358       438
       883       919
1286
       358       458
       918       919
1287
       359       379
       757       920
1288
       359       439
       884       921
1289
       359       459
       920       921
1290
       360       380
       759       922
1291
       360       440
       885       923
1292
       360       460
       922       923
1293
       361       381
       761       924
1294
       361       441
       886       925
1295
       361       461
       924       925
1296
       362       382
       763       926
1297
       362       442
       887       927
1298
       362       462
       926       927
1299
       363       383
       765       928
1300
       363       443
       888       929
1301
       363       463
       928       929
1302
       364       384
       767       930
1303
       364       444
       890       931
1304
       364       464
       930       931
1305
       365       385
       769       932
1306
       365       445
       892       933
1307
       365       465
       932       933
1308
       366       386
       771       934
1309
       366       446
       894       935
1310
       366       466
       934       935
1311
       367       387
       773       936
1312
       367       447
       896       937
1313
       367       467
       936       937
1314
       368       388
       775       938
1315
       368       448
       898       939
1316
       368       468
       938       939
1317
       369       389
       777       940
1318
       369       449
       900       941
1319
       369       469
       940       941
1320
       370       390
       779       942
1321
       370       450
       902       943
1322
       370       470
       942       943
1323
       371       391
       781       944
1324
       371       451
       904       945
1325
       371       471
       944       945
1326
       372       392
       783       946
1327
       372       452
       906       947
1328
       372       472
       946       947
1329
       373       393
       785       948
1330
       373       453
       908       949
1331
       373       473
       948       949
1332
       374       394
       787       950
1333
       374       454
       910       951
1334
       374       474
       950       951
1335
       375       395
       789       952
1336
       375       455
       912       953
1337
       375       475
       952       953
1338
       376       396
       791       954
1339
       376       456
       914       955
1340
       376       476
       954       955
1341
       377       397
       793       956
1342
       377       457
       916       957
1343
       377       477
       956       957
1344
       378       398
       795       958
1345
       378       458
       918       959
1346
       378       478
       958       959
1347
       379       399
       797       960
1348
       379       459
       920       961
1349
       379       479
       960       961
1350
       380       400
       799       962
1351
       380       460
       922       963
1352
       380       480
       962       963
1353
       381       401
       801       964
1354
       381       461
       924       965
1355
       381       481
       964       965
1356
       382       402
       803       966
1357
       382       462
       926       967
1358
       382       482
       966       967
1359
       383       403
       804       968
1360
       383       463
       928       969
1361
       383       483
       968       969
1362
       384       404
       805       970
1363
       384       464
       930       971
1364
       384       484
       970       971
1365
       385       405
       806       972
1366
       385       465
       932       973
1367
       385       485
       972       973
1368
       386       406
       807       974
1369
       386       466
       934       975
1370
       386       486
       974       975
1371
       387       407
       808       976
1372
       387       467
       936       977
1373
       387       487
       976       977
1374
       388       408
       810       978
1375
       388       468
       938       979
1376
       388       488
       978       979
1377
       389       409
       812       980
1378
       389       469
       940       981
1379
       389       489
       980       981
1380
       390       410
       813       982
1381
       390       470
       942       983
1382
       390       490
       982       983
1383
       391       411
       815       984
1384
       391       471
       944       985
1385
       391       491
       984       985
1386
       392       412
       816       986
1387
       392       472
       946       987
1388
       392       492
       986       987
1389
       393       413
       818       988
1390
       393       473
       948       989
1391
       393       493
       988       989
1392
       394       414
       819       990
1393
       394       474
       950       991
1394
       394       494
       990       991
1395
       395       415
       821       992
1396
       395       475
       952       993
1397
       395       495
       992       993
1398
       396       416
       822       994
1399
       396       476
       954       995
1400
       396       496
       994       995
1401
       397       417
       824       996
1402
       397       477
       956       997
1403
       397       497
       996       997
1404
       398       418
       826       998
1405
       398       478
       958       999
1406
       398       498
       998       999
1407
       399       419
       828      1000
1408
       399       479
       960      1001
1409
       399       499
      1000      1001
1410
       400       420
       830      1002
1411
       400       480
       962      1003
1412
       400       500
      1002      1003
1413
       401       421
       832      1004
1414
       401       481
       964      1005
1415
       401       501
      1004      1005
1416
       402       422
       834      1006
1417
       402       482
       966      1007
1418
       402       502
      1006      1007
1419
       403       483
       424       968
1420
       404       484
       432       970
1421
       405       485
       440       972
1422
       406       486
       448       974
1423
       407       487
       456       976
1424
       408       438
       837      1008
1425
       408       488
       978      1009
1426
       408       518
      1008      1009
1427
       409       430
       840      1010
1428
       409       489
       980      1011
1429
       409       510
      1010      1011
1430
       410       490
       464       982
1431
       411       432
       843      1012
1432
       411       491
       984      1013
1433
       411       512
      1012      1013
1434
       412       492
       468       986
1435
       413       434
       846      1014
1436
       413       493
       988      1015
1437
       413       514
      1014      1015
1438
       414       494
       472       990
1439
       415       436
       849      1016
1440
       415       495
       992      1017
1441
       415       516
      1016      1017
1442
       416       496
       476       994
1443
       417       428
       852      1018
1444
       417       497
       996      1019
1445
       417       508
      1018      1019
1446
       418       422
      1020      1021
1447
       418       498
       998      1020
1448
       418       502
       853      1021
1449
       419       440
       858      1022
1450
       419       499
      1000      1023
1451
       419       520
      1022      1023
1452
       420       441
       861      1024
1453
       420       500
      1002      1025
1454
       420       521
      1024      1025
1455
       421       442
       864      1026
1456
       421       501
      1004      1027
1457
       421       522
      1026      1027
1458
       422       498
       865      1020
1459
       422       502
      1006      1021
1460
       423       443
       889      1028
1461
       423       503
       416      1028
1462
       424       444
       891      1029
1463
       424       504
       400      1029
1464
       425       445
       893      1030
1465
       425       505
       404      1030
1466
       426       446
       895      1031
1467
       426       506
       408      1031
1468
       427       447
       897      1032
1469
       427       507
       412      1032
1470
       428       448
       899      1033
1471
       428       508
      1018      1033
1472
       429       449
       901      1034
1473
       429       509
       420      1034
1474
       430       450
       903      1035
1475
       430       510
      1010      1035
1476
       431       451
       905      1036
1477
       431       511
       428      1036
1478
       432       452
       907      1037
1479
       432       512
      1012      1037
1480
       433       453
       909      1038
1481
       433       513
       436      1038
1482
       434       454
       911      1039
1483
       434       514
      1014      1039
1484
       435       455
       913      1040
1485
       435       515
       444      1040
1486
       436       456
       915      1041
1487
       436       516
      1016      1041
1488
       437       457
       917      1042
1489
       437       517
       452      1042
1490
       438       458
       919      1043
1491
       438       518
      1008      1043
1492
       439       459
       921      1044
1493
       439       519
       460      1044
1494
       440       460
       923      1045
1495
       440       520
      1022      1045
1496
       441       461
       925      1046
1497
       441       521
      1024      1046
1498
       442       462
       927      1047
1499
       442       522
      1026      1047
1500
       443       463
       929      1048
1501
       443       503
      1028      1049
1502
       443       523
      1048      1049
1503
       444       464
       931      1050
1504
       444       504
      1029      1051
1505
       444       524
      1050      1051
1506
       445       465
       933      1052
1507
       445       505
      1030      1053
1508
       445       525
      1052      1053
1509
       446       466
       935      1054
1510
       446       506
      1031      1055
1511
       446       526
      1054      1055
1512
       447       467
       937      1056
1513
       447       507
      1032      1057
1514
       447       527
      1056      1057
1515
       448       468
       939      1058
1516
       448       508
      1033      1059
1517
       448       528
      1058      1059
1518
       449       469
       941      1060
1519
       449       509
      1034      1061
1520
       449       529
      1060      1061
1521
       450       470
       943      1062
1522
       450       510
      1035      1063
1523
       450       530
      1062      1063
1524
       451       471
       945      1064
1525
       451       511
      1036      1065
1526
       451       531
      1064      1065
1527
       452       472
       947      1066
1528
       452       512
      1037      1067
1529
       452       532
      1066      1067
1530
       453       473
       949      1068
1531
       453       513
      1038      1069
1532
       453       533
      1068      1069
1533
       454       474
       951      1070
1534
       454       514
      1039      1071
1535
       454       534
      1070      1071
1536
       455       475
       953      1072
1537
       455       515
      1040      1073
1538
       455       535
      1072      1073
1539
       456       476
       955      1074
1540
       456       516
      1041      1075
1541
       456       536
      1074      1075
1542
       457       477
       957      1076
1543
       457       517
      1042      1077
1544
       457       537
      1076      1077
1545
       458       478
       959      1078
1546
       458       518
      1043      1079
1547
       458       538
      1078      1079
1548
       459       479
       961      1080
1549
       459       519
      1044      1081
1550
       459       539
      1080      1081
1551
       460       480
       963      1082
1552
       460       520
      1045      1083
1553
       460       540
      1082      1083
1554
       461       481
       965      1084
1555
       461       521
      1046      1085
1556
       461       541
      1084      1085
1557
       462       482
       967      1086
1558
       462       522
      1047      1087
1559
       462       542
      1086      1087
1560
       463       483
       969      1088
1561
       463       523
      1048      1089
1562
       463       543
      1088      1089
1563
       464       484
       971      1090
1564
       464       524
      1050      1091
1565
       464       544
      1090      1091
1566
       465       485
       973      1092
1567
       465       525
      1052      1093
1568
       465       545
      1092      1093
1569
       466       486
       975      1094
1570
       466       526
      1054      1095
1571
       466       546
      1094      1095
1572
       467       487
       977      1096
1573
       467       527
      1056      1097
1574
       467       547
      1096      1097
1575
       468       488
       979      1098
1576
       468       528
      1058      1099
1577
       468       548
      1098      1099
1578
       469       489
       981      1100
1579
       469       529
      1060      1101
1580
       469       549
      1100      1101
1581
       470       490
       983      1102
1582
       470       530
      1062      1103
1583
       470       550
      1102      1103
1584
       471       491
       985      1104
1585
       471       531
      1064      1105
1586
       471       551
      1104      1105
1587
       472       492
       987      1106
1588
       472       532
      1066      1107
1589
       472       552
      1106      1107
1590
       473       493
       989      1108
1591
       473       533
      1068      1109
1592
       473       553
      1108      1109
1593
       474       494
       991      1110
1594
       474       534
      1070      1111
1595
       474       554
      1110      1111
1596
       475       495
       993      1112
1597
       475       535
      1072      1113
1598
       475       555
      1112      1113
1599
       476       496
       995      1114
1600
       476       536
      1074      1115
1601
       476       556
      1114      1115
1602
       477       497
       997      1116
1603
       477       537
      1076      1117
1604
       477       557
      1116      1117
1605
       478       498
       999      1118
1606
       478       538
      1078      1119
1607
       478       558
      1118      1119
1608
       479       499
      1001      1120
1609
       479       539
      1080      1121
1610
       479       559
      1120      1121
1611
       480       500
      1003      1122
1612
       480       540
      1082      1123
1613
       480       560
      1122      1123
1614
       481       501
      1005      1124
1615
       481       541
      1084      1125
1616
       481       561
      1124      1125
1617
       482       502
      1007      1126
1618
       482       542
      1086      1127
1619
       482       562
      1126      1127
1620
       483       543
       317      1088
1621
       484       544
       329      1090
1622
       485       545
       341      1092
1623
       486       546
       353      1094
1624
       487       547
       365      1096
1625
       488       518
      1009      1128
1626
       488       548
      1098      1129
1627
       488       563
      1128      1129
1628
       489       510
      1011      1130
1629
       489       549
      1100      1131
1630
       489       564
      1130      1131
1631
       490       550
       377      1102
1632
       491       512
      1013      1132
1633
       491       551
      1104      1133
1634
       491       565
      1132      1133
1635
       492       552
       383      1106
1636
       493       514
      1015      1134
1637
       493       553
      1108      1135
1638
       493       566
      1134      1135
1639
       494       554
       389      1110
1640
       495       516
      1017      1136
1641
       495       555
      1112      1137
1642
       495       567
      1136      1137
1643
       496       556
       395      1114
1644
       497       508
      1019      1138
1645
       497       557
      1116      1139
1646
       497       568
      1138      1139
1647
       498       558
       866      1118
1648
       499       520
      1023      1140
1649
       499       559
      1120      1141
1650
       499       569
      1140      1141
1651
       500       521
      1025      1142
1652
       500       560
      1122      1143
1653
       500       570
      1142      1143
1654
       501       522
      1027      1144
1655
       501       561
      1124      1145
1656
       501       571
      1144      1145
1657
       502       562
       854      1126
1658
       503       523
        83      1049
1659
       504       524
        59      1051
1660
       505       525
        65      1053
1661
       506       526
        71      1055
1662
       507       527
        77      1057
1663
       508       528
      1059      1146
1664
       508       568
      1138      1146
1665
       509       529
        89      1061
1666
       510       530
      1063      1147
1667
       510       564
      1130      1147
1668
       511       531
       101      1065
1669
       512       532
      1067      1148
1670
       512       565
      1132      1148
1671
       513       533
       113      1069
1672
       514       534
      1071      1149
1673
       514       566
      1134      1149
1674
       515       535
       125      1073
1675
       516       536
      1075      1150
1676
       516       567
      1136      1150
1677
       517       537
       137      1077
1678
       518       538
      1079      1151
1679
       518       563
      1128      1151
1680
       519       539
       149      1081
1681
       520       540
      1083      1152
1682
       520       569
      1140      1152
1683
       521       541
      1085      1153
1684
       521       570
      1142      1153
1685
       522       542
      1087      1154
1686
       522       571
      1144      1154
1687
       523       543
      1089      1155
1688
       523       572
        84      1155
1689
       524       544
      1091      1156
1690
       524       573
        60      1156
1691
       525       545
      1093      1157
1692
       525       574
        66      1157
1693
       526       546
      1095      1158
1694
       526       575
        72      1158
1695
       527       547
      1097      1159
1696
       527       576
        78      1159
1697
       528       548
      1099      1160
1698
       528       568
      1146      1161
1699
       528       577
      1160      1161
1700
       529       549
      1101      1162
1701
       529       578
        90      1162
1702
       530       550
      1103      1163
1703
       530       564
      1147      1164
1704
       530       579
      1163      1164
1705
       531       551
      1105      1165
1706
       531       580
       102      1165
1707
       532       552
      1107      1166
1708
       532       565
      1148      1167
1709
       532       581
      1166      1167
1710
       533       553
      1109      1168
1711
       533       582
       114      1168
1712
       534       554
      1111      1169
1713
       534       566
      1149      1170
1714
       534       583
      1169      1170
1715
       535       555
      1113      1171
1716
       535       584
       126      1171
1717
       536       556
      1115      1172
1718
       536       567
      1150      1173
1719
       536       585
      1172      1173
1720
       537       557
      1117      1174
1721
       537       586
       138      1174
1722
       538       558
      1119      1175
1723
       538       563
      1151      1176
1724
       538       587
      1175      1176
1725
       539       559
      1121      1177
1726
       539       588
       150      1177
1727
       540       560
      1123      1178
1728
       540       569
      1152      1179
1729
       540       589
      1178      1179
1730
       541       561
      1125      1180
1731
       541       570
      1153      1181
1732
       541       590
      1180      1181
1733
       542       562
      1127      1182
1734
       542       571
      1154      1183
1735
       542       591
      1182      1183
1736
       543       572
      1155      1184
1737
       543       592
       318      1184
1738
       544       573
      1156      1185
1739
       544       593
       330      1185
1740
       545       574
      1157      1186
1741
       545       594
       342      1186
1742
       546       575
      1158      1187
1743
       546       595
       354      1187
1744
       547       576
      1159      1188
1745
       547       596
       366      1188
1746
       548       563
      1129      1189
1747
       548       577
      1160      1190
1748
       548       597
      1189      1190
1749
       549       564
      1131      1191
1750
       549       578
      1162      1192
1751
       549       598
      1191      1192
1752
       550       579
      1163      1193
1753
       550       599
       378      1193
1754
       551       565
      1133      1194
1755
       551       580
      1165      1195
1756
       551       600
      1194      1195
1757
       552       581
      1166      1196
1758
       552       601
       384      1196
1759
       553       566
      1135      1197
1760
       553       582
      1168      1198
1761
       553       602
      1197      1198
1762
       554       583
      1169      1199
1763
       554       603
       390      1199
1764
       555       567
      1137      1200
1765
       555       584
      1171      1201
1766
       555       604
      1200      1201
1767
       556       585
      1172      1202
1768
       556       605
       396      1202
1769
       557       568
      1139      1203
1770
       557       586
      1174      1204
1771
       557       606
      1203      1204
1772
       558       587
      1175      1205
1773
       558       607
       867      1205
1774
       559       569
      1141      1206
1775
       559       588
      1177      1207
1776
       559       608
      1206      1207
1777
       560       570
      1143      1208
1778
       560       589
      1178      1209
1779
       560       609
      1208      1209
1780
       561       571
      1145      1210
1781
       561       590
      1180      1211
1782
       561       610
      1210      1211
1783
       562       591
      1182      1212
1784
       562       611
       855      1212
1785
       563       587
      1176      1213
1786
       563       597
      1189      1213
1787
       564       579
      1164      1214
1788
       564       598
      1191      1214
1789
       565       581
      1167      1215
1790
       565       600
      1194      1215
1791
       566       583
      1170      1216
1792
       566       602
      1197      1216
1793
       567       585
      1173      1217
1794
       567       604
      1200      1217
1795
       568       577
      1161      1218
1796
       568       606
      1203      1218
1797
       569       589
      1179      1219
1798
       569       608
      1206      1219
1799
       570       590
      1181      1220
1800
       570       609
      1208      1220
1801
       571       591
      1183      1221
1802
       571       610
      1210      1221
1803
       572       592
      1184      1222
1804
       572       612
       194      1222
1805
       573       593
      1185      1223
1806
       573       613
       178      1223
1807
       574       594
      1186      1224
1808
       574       614
       182      1224
1809
       575       595
      1187      1225
1810
       575       615
       186      1225
1811
       576       596
      1188      1226
1812
       576       616
       190      1226
1813
       577       597
      1190      1227
1814
       577       606
      1218      1228
1815
       577       617
      1227      1228
1816
       578       598
      1192      1229
1817
       578       618
       198      1229
1818
       579       598
      1214      1230
1819
       579       599
      1193      1231
1820
       579       619
      1230      1231
1821
       580       600
      1195      1232
1822
       580       620
       206      1232
1823
       581       600
      1215      1233
1824
       581       601
      1196      1234
1825
       581       621
      1233      1234
1826
       582       602
      1198      1235
1827
       582       622
       214      1235
1828
       583       602
      1216      1236
1829
       583       603
      1199      1237
1830
       583       623
      1236      1237
1831
       584       604
      1201      1238
1832
       584       624
       222      1238
1833
       585       604
      1217      1239
1834
       585       605
      1202      1240
1835
       585       625
      1239      1240
1836
       586       606
      1204      1241
1837
       586       626
       230      1241
1838
       587       597
      1213      1242
1839
       587       607
      1205      1243
1840
       587       627
      1242      1243
1841
       588       608
      1207      1244
1842
       588       628
       238      1244
1843
       589       608
      1219      1245
1844
       589       609
      1209      1246
1845
       589       629
      1245      1246
1846
       590       609
      1220      1247
1847
       590       610
      1211      1248
1848
       590       630
      1247      1248
1849
       591       610
      1221      1249
1850
       591       611
      1212      1250
1851
       591       631
      1249      1250
1852
       592       612
       604      1222
1853
       593       613
       610      1223
1854
       594       614
       616      1224
1855
       595       615
       622      1225
1856
       596       616
       628      1226
1857
       597       617
      1227      1251
1858
       597       627
      1242      1251
1859
       598       618
      1229      1252
1860
       598       619
      1230      1252
1861
       599       619
       634      1231
1862
       600       620
      1232      1253
1863
       600       621
      1233      1253
1864
       601       621
       637      1234
1865
       602       622
      1235      1254
1866
       602       623
      1236      1254
1867
       603       623
       640      1237
1868
       604       624
      1238      1255
1869
       604       625
      1239      1255
1870
       605       625
       643      1240
1871
       606       617
      1228      1256
1872
       606       626
      1241      1256
1873
       607       627
       276      1243
1874
       608       628
      1244      1257
1875
       608       629
      1245      1257
1876
       609       629
      1246      1258
1877
       609       630
      1247      1258
1878
       610       630
      1248      1259
1879
       610       631
      1249      1259
1880
       611       631
       268      1250
1881
       617       626
        48      1256
1882
       617       627
        49      1251
1883
       618       619
        29      1252
1884
       620       621
        34      1253
1885
       622       623
        39      1254
1886
       624       625
        44      1255
1887
       628       629
        52      1257
1888
       629       630
        53      1258
1889
       630       631
        54      1259
