1    9.63943e-06
2    3.80732e-05
3    8.38837e-05
4    0.000144824
5    0.000217984
6    0.000300003
7    0.000387318
8     0.00047642
9    0.000564113
10    0.000647743
11    0.000725379
12    0.000795951
13    0.000859305
14    0.000916199
15    0.000968223
16     0.00101766
17     0.00106728
18     0.00112013
19     0.00117928
20     0.00124755
21     0.00132733
22     0.00142039
23     0.00152772
24     0.00164949
25     0.00178505
26     0.00193299
27     0.00209127
28     0.00225741
29     0.00242867
30     0.00260232
31     0.00277586
32     0.00294718
33     0.00311481
34     0.00327795
35      0.0034366
36      0.0035915
37      0.0037441
38     0.00389639
39     0.00405078
40     0.00420982
41     0.00437603
42     0.00455169
43     0.00473858
44      0.0049379
45      0.0051501
46     0.00537484
47     0.00561102
48     0.00585683
49     0.00610991
50     0.00636749
51     0.00662663
52     0.00688442
53     0.00713825
54     0.00738595
55     0.00762604
56     0.00785776
57     0.00808123
58     0.00829736
59     0.00850784
60     0.00871499
61     0.00892156
62     0.00913054
63     0.00934492
64     0.00956742
65      0.0098003
66      0.0100451
67      0.0103027
68      0.0105729
69      0.0108546
70      0.0111461
71      0.0114447
72      0.0117473
73      0.0120502
74      0.0123501
75      0.0126434
76      0.0129272
77      0.0131989
78      0.0134572
79      0.0137012
80      0.0139312
81      0.0141485
82      0.0143549
83      0.0145533
84      0.0147466
85      0.0149382
86      0.0151314
87      0.0153291
88      0.0155337
89      0.0157468
90       0.015969
91      0.0162002
92       0.016439
93      0.0166832
94      0.0169299
95      0.0171753
96      0.0174154
97      0.0176462
98      0.0178636
99      0.0180641
100      0.0182449
101      0.0184039
102      0.0185401
103      0.0186535
104      0.0187453
105      0.0188175
106      0.0188729
107      0.0189151
108      0.0189478
109      0.0189748
110      0.0189999
111      0.0190262
112       0.019056
113       0.019091
114      0.0191315
115      0.0191772
116      0.0192262
117      0.0192763
118       0.019324
119      0.0193656
120       0.019397
121      0.0194143
122      0.0194139
123      0.0193925
124      0.0193481
125      0.0192794
126      0.0191863
127      0.0190698
128      0.0189319
129      0.0187759
130      0.0186055
131      0.0184252
132      0.0182397
133      0.0180537
134      0.0178714
135      0.0176967
136      0.0175324
137      0.0173806
138      0.0172422
139      0.0171168
140      0.0170032
141       0.016899
142      0.0168013
143      0.0167065
144      0.0166106
145        0.01651
146      0.0164011
147       0.016281
148      0.0161477
149      0.0160003
150      0.0158386
151      0.0156642
152      0.0154792
153      0.0152871
154      0.0150921
155       0.014899
156      0.0147129
157      0.0145388
158      0.0143815
159      0.0142453
160      0.0141334
161      0.0140481
162      0.0139908
163      0.0139612
164      0.0139581
165      0.0139794
166      0.0140217
167      0.0140813
168      0.0141539
169      0.0142353
170      0.0143213
171      0.0144086
172      0.0144943
173      0.0145768
174      0.0146554
175      0.0147309
176       0.014805
177      0.0148806
178      0.0149613
179      0.0150516
180      0.0151562
181      0.0152799
182      0.0154271
183      0.0156018
184      0.0158069
185      0.0160444
186      0.0163148
187      0.0166175
188      0.0169507
189       0.017311
190      0.0176944
191       0.018096
192      0.0185105
193      0.0189323
194      0.0193564
195      0.0197781
196      0.0201938
197      0.0206009
198      0.0209982
199      0.0213859
200      0.0217657
201      0.0221404
202       0.022514
203      0.0228914
204      0.0232777
205      0.0236783
206      0.0240982
207      0.0245415
208      0.0250114
209      0.0255096
210      0.0260362
211      0.0265897
212      0.0271667
213      0.0277622
214        0.02837
215      0.0289825
216      0.0295918
217      0.0301894
218      0.0307675
219      0.0313185
220      0.0318363
221      0.0323163
222      0.0327555
223      0.0331529
224      0.0335096
225      0.0338285
226      0.0341141
227      0.0343722
228      0.0346097
229      0.0348336
230      0.0350511
231      0.0352685
232      0.0354912
233      0.0357229
234      0.0359658
235      0.0362198
236      0.0364829
237      0.0367511
238      0.0370187
239      0.0372785
240      0.0375226
241      0.0377425
242      0.0379299
243      0.0380772
244       0.038178
245      0.0382274
246      0.0382226
247       0.038163
248      0.0380501
249      0.0378874
250      0.0376805
251      0.0374365
252      0.0371634
253      0.0368698
254      0.0365642
255      0.0362546
256      0.0359477
257      0.0356489
258      0.0353613
259      0.0350863
260      0.0348231
261      0.0345688
262      0.0343187
263      0.0340669
264      0.0338064
265        0.03353
266      0.0332304
267      0.0329011
268      0.0325368
269      0.0321338
270      0.0316902
271      0.0312061
272      0.0306838
273      0.0301274
274      0.0295428
275      0.0289371
276      0.0283184
277      0.0276951
278      0.0270756
279      0.0264676
280      0.0258778
281      0.0253113
282      0.0247717
283      0.0242606
284      0.0237777
285       0.023321
286      0.0228868
287      0.0224702
288      0.0220653
289      0.0216658
290      0.0212653
291      0.0208579
292      0.0204384
293      0.0200029
294      0.0195488
295       0.019075
296      0.0185822
297      0.0180724
298      0.0175492
299      0.0170174
300      0.0164823
301      0.0159501
302      0.0154268
303      0.0149184
304        0.01443
305      0.0139661
306      0.0135297
307      0.0131229
308      0.0127462
309      0.0123989
310       0.012079
311      0.0117835
312      0.0115087
313      0.0112503
314      0.0110038
315      0.0107649
316      0.0105297
317      0.0102951
318      0.0100585
319     0.00981869
320     0.00957544
321     0.00932958
322     0.00908293
323      0.0088382
324     0.00859877
325     0.00836846
326     0.00815126
327     0.00795111
328     0.00777162
329     0.00761587
330     0.00748623
331     0.00738423
332     0.00731049
333     0.00726473
334     0.00724583
335     0.00725191
336     0.00728053
337     0.00732884
338     0.00739383
339      0.0074725
340      0.0075621
341     0.00766029
342     0.00776529
343     0.00787598
344     0.00799196
345     0.00811353
346     0.00824167
347      0.0083779
348      0.0085242
349     0.00868284
350     0.00885617
351     0.00904649
352     0.00925587
353     0.00948602
354     0.00973813
355      0.0100129
356      0.0103103
357        0.01063
358      0.0109708
359      0.0113314
360      0.0117101
361      0.0121049
362      0.0125139
363      0.0129354
364      0.0133679
365      0.0138102
366      0.0142615
367      0.0147215
368      0.0151904
369      0.0156688
370      0.0161574
371      0.0166573
372      0.0171696
373      0.0176953
374      0.0182354
375      0.0187903
376        0.01936
377      0.0199443
378      0.0205422
379      0.0211523
380      0.0217727
381      0.0224011
382      0.0230351
383       0.023672
384      0.0243092
385      0.0249442
386      0.0255748
387      0.0261993
388      0.0268164
389      0.0274252
390      0.0280255
391      0.0286174
392      0.0292014
393      0.0297784
394      0.0303491
395      0.0309145
396      0.0314751
397      0.0320314
398      0.0325831
399      0.0331296
400      0.0336696
401      0.0342012
402       0.034722
403      0.0352291
404      0.0357195
405      0.0361898
406      0.0366367
407      0.0370573
408      0.0374487
409       0.037809
410      0.0381365
411      0.0384306
412      0.0386911
413      0.0389187
414      0.0391146
415      0.0392807
416       0.039419
417      0.0395316
418      0.0396208
419      0.0396886
420      0.0397363
421       0.039765
422       0.039775
423       0.039766
424       0.039737
425      0.0396864
426      0.0396121
427      0.0395118
428       0.039383
429      0.0392232
430      0.0390304
431       0.038803
432      0.0385402
433      0.0382417
434      0.0379084
435      0.0375421
436      0.0371452
437      0.0367211
438      0.0362739
439       0.035808
440       0.035328
441      0.0348387
442      0.0343444
443      0.0338492
444      0.0333563
445      0.0328683
446      0.0323869
447      0.0319127
448      0.0314455
449      0.0309842
450      0.0305271
451      0.0300718
452      0.0296157
453       0.029156
454      0.0286899
455      0.0282151
456      0.0277297
457      0.0272325
458       0.026723
459      0.0262016
460      0.0256694
461      0.0251283
462      0.0245811
463      0.0240309
464      0.0234813
465      0.0229362
466      0.0223992
467       0.021874
468      0.0213639
469      0.0208715
470      0.0203988
471      0.0199473
472      0.0195176
473      0.0191094
474       0.018722
475       0.018354
476      0.0180033
477      0.0176679
478      0.0173452
479      0.0170328
480      0.0167286
481      0.0164304
482      0.0161368
483      0.0158467
484      0.0155595
485      0.0152754
486      0.0149949
487      0.0147191
488      0.0144495
489      0.0141879
490      0.0139363
491      0.0136966
492      0.0134708
493      0.0132604
494      0.0130669
495       0.012891
496      0.0127332
497      0.0125933
498      0.0124707
499      0.0123642
500      0.0122723
501      0.0121931
502      0.0121245
503      0.0120642
504        0.01201
505      0.0119599
506       0.011912
507       0.011865
508      0.0118179
509        0.01177
510      0.0117214
511      0.0116725
512      0.0116243
513       0.011578
514      0.0115352
515      0.0114978
516      0.0114675
517      0.0114461
518      0.0114353
519      0.0114365
520      0.0114505
521      0.0114781
522      0.0115192
523      0.0115736
524      0.0116404
525      0.0117184
526      0.0118058
527       0.011901
528      0.0120018
529      0.0121061
530       0.012212
531      0.0123175
532       0.012421
533      0.0125213
534      0.0126174
535       0.012709
536      0.0127959
537      0.0128786
538      0.0129578
539      0.0130345
540      0.0131101
541      0.0131859
542      0.0132634
543      0.0133439
544      0.0134287
545      0.0135187
546      0.0136147
547      0.0137169
548      0.0138252
549      0.0139394
550      0.0140585
551      0.0141816
552      0.0143072
553      0.0144339
554      0.0145602
555      0.0146843
556      0.0148049
557      0.0149205
558      0.0150301
559      0.0151328
560       0.015228
561      0.0153156
562      0.0153955
563      0.0154682
564      0.0155342
565      0.0155944
566      0.0156495
567      0.0157006
568      0.0157485
569      0.0157943
570      0.0158386
571       0.015882
572      0.0159249
573      0.0159676
574        0.01601
575      0.0160521
576      0.0160934
577      0.0161336
578       0.016172
579      0.0162081
580      0.0162412
581      0.0162707
582      0.0162962
583       0.016317
584      0.0163329
585      0.0163436
586      0.0163489
587      0.0163486
588      0.0163428
589      0.0163314
590      0.0163145
591      0.0162922
592      0.0162645
593      0.0162316
594      0.0161933
595      0.0161499
596      0.0161014
597      0.0160479
598      0.0159895
599      0.0159266
600      0.0158594
601      0.0157884
602      0.0157143
603      0.0156377
604      0.0155595
605      0.0154806
606      0.0154019
607      0.0153245
608       0.015249
609      0.0151763
610      0.0151068
611      0.0150409
612      0.0149784
613      0.0149191
614      0.0148622
615      0.0148069
616      0.0147518
617      0.0146955
618      0.0146365
619      0.0145732
620      0.0145042
621      0.0144283
622      0.0143444
623      0.0142521
624      0.0141512
625      0.0140422
626      0.0139259
627      0.0138037
628      0.0136773
629      0.0135488
630      0.0134205
631      0.0132946
632      0.0131734
633      0.0130588
634      0.0129525
635      0.0128556
636      0.0127685
637      0.0126914
638      0.0126236
639      0.0125639
640      0.0125106
641      0.0124618
642      0.0124153
643       0.012369
644      0.0123207
645      0.0122689
646      0.0122121
647      0.0121496
648      0.0120813
649      0.0120077
650      0.0119296
651      0.0118488
652       0.011767
653      0.0116864
654      0.0116092
655      0.0115374
656      0.0114728
657       0.011417
658      0.0113707
659      0.0113344
660      0.0113078
661      0.0112902
662      0.0112803
663      0.0112766
664      0.0112771
665      0.0112802
666      0.0112839
667      0.0112867
668      0.0112874
669      0.0112854
670      0.0112804
671      0.0112727
672      0.0112634
673      0.0112537
674      0.0112454
675      0.0112405
676      0.0112412
677      0.0112496
678      0.0112675
679      0.0112966
680      0.0113382
681      0.0113931
682      0.0114615
683      0.0115434
684       0.011638
685      0.0117444
686      0.0118612
687      0.0119872
688      0.0121206
689        0.01226
690      0.0124042
691       0.012552
692      0.0127025
693      0.0128554
694      0.0130105
695      0.0131678
696      0.0133279
697      0.0134914
698      0.0136591
699       0.013832
700      0.0140111
701      0.0141972
702      0.0143912
703      0.0145939
704      0.0148058
705      0.0150274
706      0.0152589
707      0.0155005
708      0.0157522
709      0.0160138
710      0.0162853
711      0.0165664
712      0.0168569
713      0.0171565
714      0.0174648
715      0.0177817
716      0.0181069
717      0.0184399
718      0.0187805
719      0.0191283
720      0.0194828
721      0.0198434
722      0.0202096
723      0.0205806
724      0.0209557
725      0.0213339
726      0.0217146
727      0.0220969
728      0.0224799
729       0.022863
730      0.0232457
731      0.0236275
732      0.0240083
733      0.0243878
734      0.0247664
735      0.0251443
736       0.025522
737      0.0258999
738      0.0262786
739      0.0266587
740      0.0270405
741      0.0274243
742        0.02781
743      0.0281975
744       0.028586
745      0.0289748
746      0.0293625
747      0.0297478
748      0.0301287
749      0.0305034
750      0.0308699
751      0.0312261
752      0.0315702
753      0.0319003
754      0.0322149
755      0.0325128
756      0.0327932
757      0.0330556
758      0.0333001
759      0.0335271
760      0.0337373
761      0.0339317
762      0.0341118
763       0.034279
764      0.0344346
765      0.0345803
766      0.0347172
767      0.0348463
768      0.0349684
769      0.0350837
770      0.0351921
771      0.0352931
772      0.0353857
773      0.0354687
774      0.0355406
775      0.0355994
776      0.0356434
777      0.0356707
778      0.0356795
779      0.0356683
780      0.0356357
781       0.035581
782      0.0355037
783      0.0354038
784      0.0352817
785      0.0351384
786      0.0349752
787      0.0347937
788      0.0345957
789      0.0343834
790      0.0341588
791      0.0339238
792      0.0336803
793      0.0334298
794      0.0331737
795      0.0329128
796      0.0326477
797      0.0323785
798      0.0321051
799       0.031827
800      0.0315434
801      0.0312533
802      0.0309559
803        0.03065
804      0.0303349
805      0.0300097
806      0.0296741
807      0.0293279
808      0.0289713
809      0.0286049
810      0.0282297
811      0.0278468
812      0.0274579
813      0.0270648
814      0.0266693
815      0.0262734
816       0.025879
817      0.0254879
818      0.0251016
819      0.0247214
820      0.0243482
821      0.0239825
822      0.0236247
823      0.0232744
824      0.0229312
825      0.0225943
826      0.0222628
827      0.0219357
828      0.0216118
829      0.0212903
830      0.0209701
831      0.0206509
832      0.0203322
833      0.0200142
834      0.0196972
835      0.0193821
836        0.01907
837      0.0187622
838      0.0184605
839      0.0181665
840      0.0178822
841      0.0176093
842      0.0173494
843       0.017104
844      0.0168741
845      0.0166606
846      0.0164638
847      0.0162837
848      0.0161197
849      0.0159712
850      0.0158369
851      0.0157154
852      0.0156052
853      0.0155045
854      0.0154119
855      0.0153258
856      0.0152448
857      0.0151679
858      0.0150946
859      0.0150243
860      0.0149573
861      0.0148939
862      0.0148349
863      0.0147814
864      0.0147347
865      0.0146962
866      0.0146673
867      0.0146493
868      0.0146435
869      0.0146509
870      0.0146719
871      0.0147071
872      0.0147562
873      0.0148189
874      0.0148942
875       0.014981
876      0.0150781
877      0.0151837
878      0.0152962
879      0.0154141
880      0.0155357
881      0.0156597
882      0.0157849
883      0.0159106
884      0.0160362
885      0.0161614
886      0.0162864
887      0.0164116
888      0.0165374
889      0.0166647
890      0.0167942
891      0.0169266
892      0.0170626
893      0.0172028
894      0.0173473
895      0.0174963
896      0.0176494
897      0.0178062
898      0.0179658
899      0.0181273
900      0.0182894
901      0.0184511
902      0.0186109
903      0.0187678
904      0.0189207
905      0.0190688
906      0.0192115
907      0.0193485
908      0.0194799
909      0.0196058
910      0.0197268
911      0.0198437
912      0.0199573
913      0.0200685
914      0.0201783
915      0.0202872
916      0.0203961
917      0.0205053
918      0.0206149
919      0.0207247
920      0.0208343
921       0.020943
922      0.0210498
923      0.0211537
924      0.0212534
925      0.0213477
926      0.0214355
927      0.0215157
928      0.0215874
929        0.02165
930      0.0217032
931      0.0217469
932      0.0217815
933      0.0218073
934       0.021825
935      0.0218356
936      0.0218401
937      0.0218394
938      0.0218345
939      0.0218263
940      0.0218155
941      0.0218027
942      0.0217882
943       0.021772
944      0.0217541
945       0.021734
946      0.0217112
947       0.021685
948      0.0216546
949      0.0216193
950      0.0215783
951       0.021531
952      0.0214767
953      0.0214151
954       0.021346
955      0.0212695
956      0.0211858
957      0.0210952
958      0.0209983
959       0.020896
960      0.0207888
961      0.0206777
962      0.0205634
963      0.0204467
964      0.0203284
965      0.0202088
966      0.0200884
967      0.0199676
968      0.0198463
969      0.0197246
970      0.0196023
971      0.0194791
972      0.0193549
973      0.0192292
974      0.0191017
975      0.0189723
976      0.0188408
977      0.0187071
978      0.0185712
979      0.0184334
980       0.018294
981      0.0181534
982       0.018012
983      0.0178705
984      0.0177294
985      0.0175892
986      0.0174506
987      0.0173139
988      0.0171795
989      0.0170476
990      0.0169185
991       0.016792
992      0.0166682
993      0.0165469
994      0.0164278
995      0.0163108
996      0.0161957
997      0.0160823
998      0.0159707
999      0.0158609
1000      0.0157534
2000      0.0221995
3000        0.02116
4000      0.0203633
5000      0.0203447
6000      0.0198947
7000      0.0205499
8000      0.0193381
9000      0.0199683
10000      0.0190866
11000      0.0199894
12000      0.0188704
13000      0.0198596
14000      0.0209763
15000      0.0197999
16000      0.0203317
17000      0.0195441
18000      0.0196726
19000      0.0201691
20000      0.0198109
21000      0.0203873
22000      0.0202769
23000       0.020852
24000      0.0202537
25000       0.020702
26000      0.0211093
27000      0.0183568
28000      0.0193007
29000      0.0204832
30000      0.0188926
