1    7.89995e-16
2    1.62361e-15
3    1.97805e-15
4    2.52193e-15
5    2.81788e-15
6    3.15858e-15
7    3.86344e-15
8     3.8088e-15
9    3.65067e-15
10    3.42628e-15
11    3.38005e-15
12    3.79751e-15
13    3.99569e-15
14    4.11336e-15
15    4.26363e-15
16    4.22718e-15
17    4.38007e-15
18    4.42848e-15
19    4.21367e-15
20    4.37119e-15
21    4.29414e-15
22    4.25252e-15
23    3.86234e-15
24    3.64482e-15
25    4.40872e-15
26    4.51756e-15
27     4.0843e-15
28     3.6616e-15
29    3.66468e-15
30    4.08578e-15
31    4.53575e-15
32    4.68082e-15
33    4.82308e-15
34    5.33008e-15
35    6.00709e-15
36    6.53008e-15
37    6.71588e-15
38     7.1352e-15
39    7.19711e-15
40     6.7692e-15
41    6.97474e-15
42    7.35139e-15
43    7.38301e-15
44    7.49324e-15
45    7.87893e-15
46    8.40095e-15
47    8.60202e-15
48    8.33948e-15
49    8.05037e-15
50    7.63504e-15
51    7.39983e-15
52    7.81235e-15
53     7.6309e-15
54    7.60313e-15
55    7.92308e-15
56    8.02485e-15
57    8.18708e-15
58    8.29323e-15
59    8.88216e-15
60    8.84346e-15
61    8.42279e-15
62    8.95193e-15
63     9.4844e-15
64    1.00192e-14
65    1.07654e-14
66     1.1303e-14
67     1.1385e-14
68    1.10124e-14
69    1.06701e-14
70    1.10951e-14
71    1.16404e-14
72    1.22358e-14
73    1.30073e-14
74    1.35633e-14
75    1.42168e-14
76    1.49411e-14
77    1.52694e-14
78    1.50706e-14
79    1.48354e-14
80    1.55972e-14
81    1.68751e-14
82    1.73738e-14
83    1.80866e-14
84    1.85267e-14
85    1.85759e-14
86    1.87137e-14
87    1.88079e-14
88    1.87548e-14
89    1.84228e-14
90    1.86605e-14
91    1.93709e-14
92    1.98624e-14
93    2.01424e-14
94    2.05553e-14
95    2.10289e-14
96    2.16184e-14
97    2.18123e-14
98    2.14156e-14
99    2.10057e-14
100    2.09376e-14
101    2.11776e-14
102    2.11935e-14
103    2.10228e-14
104    2.12032e-14
105      2.225e-14
106    2.31218e-14
107    2.34997e-14
108    2.36625e-14
109    2.31996e-14
110    2.29071e-14
111    2.33348e-14
112    2.44077e-14
113    2.49916e-14
114    2.45673e-14
115    2.43958e-14
116    2.46123e-14
117    2.52256e-14
118    2.59629e-14
119    2.64204e-14
120    2.70387e-14
121     2.7533e-14
122     2.7596e-14
123    2.77904e-14
124    2.83497e-14
125    2.89685e-14
126    2.93915e-14
127    2.98529e-14
128    3.01592e-14
129     2.9964e-14
130    2.97677e-14
131    2.96743e-14
132    2.89512e-14
133    2.87623e-14
134    2.93225e-14
135    2.94799e-14
136    2.97151e-14
137    3.02618e-14
138    3.15411e-14
139    3.26953e-14
140    3.33808e-14
141    3.38956e-14
142    3.44087e-14
143    3.51618e-14
144    3.56114e-14
145    3.57213e-14
146    3.61557e-14
147    3.63858e-14
148    3.69489e-14
149    3.80747e-14
150    3.81514e-14
151    3.77765e-14
152    3.78042e-14
153    3.80224e-14
154    3.83745e-14
155    3.89047e-14
156    3.95696e-14
157    4.01024e-14
158    3.98385e-14
159    3.92682e-14
160    3.94792e-14
161    4.06873e-14
162    4.19397e-14
163    4.26642e-14
164    4.29086e-14
165    4.30936e-14
166    4.34445e-14
167    4.32511e-14
168    4.34092e-14
169    4.37162e-14
170    4.43739e-14
171    4.54625e-14
172    4.61198e-14
173    4.68107e-14
174    4.75101e-14
175    4.80156e-14
176    4.80032e-14
177    4.80396e-14
178     4.8264e-14
179    4.83835e-14
180    4.83993e-14
181    4.83967e-14
182    4.82796e-14
183    4.78901e-14
184     4.7765e-14
185    4.82424e-14
186    4.88679e-14
187    4.96178e-14
188    5.07705e-14
189    5.16473e-14
190    5.25462e-14
191     5.3671e-14
192     5.4448e-14
193    5.47452e-14
194    5.46229e-14
195     5.4534e-14
196    5.44817e-14
197    5.43445e-14
198    5.50008e-14
199    5.61163e-14
200    5.66581e-14
201     5.6464e-14
202    5.57647e-14
203    5.52851e-14
204    5.54672e-14
205    5.65642e-14
206    5.76459e-14
207    5.79031e-14
208    5.82603e-14
209    5.89293e-14
210    5.99695e-14
211    6.15788e-14
212    6.25703e-14
213    6.30166e-14
214     6.2936e-14
215    6.26124e-14
216    6.27032e-14
217    6.31993e-14
218    6.40248e-14
219    6.46365e-14
220    6.48982e-14
221    6.52305e-14
222    6.55753e-14
223    6.58473e-14
224    6.65835e-14
225    6.75526e-14
226    6.82536e-14
227    6.86717e-14
228    6.91525e-14
229    6.97188e-14
230    6.98805e-14
231    7.02918e-14
232    7.10945e-14
233    7.12151e-14
234    7.17408e-14
235    7.28457e-14
236    7.35904e-14
237    7.36916e-14
238     7.3493e-14
239    7.35355e-14
240    7.33549e-14
241    7.33784e-14
242    7.32606e-14
243    7.29328e-14
244    7.30667e-14
245    7.29036e-14
246    7.20885e-14
247    7.18166e-14
248    7.17169e-14
249    7.13403e-14
250     7.1194e-14
251    7.05511e-14
252    7.02132e-14
253    7.06192e-14
254    7.07182e-14
255    7.07342e-14
256    7.04884e-14
257    7.01463e-14
258    6.98648e-14
259    6.94753e-14
260    6.98154e-14
261    7.03627e-14
262    7.05136e-14
263    6.99387e-14
264    6.92641e-14
265    6.88763e-14
266    6.85364e-14
267    6.84031e-14
268    6.87311e-14
269    6.92261e-14
270    6.91243e-14
271    6.89317e-14
272    6.84707e-14
273    6.74593e-14
274    6.67184e-14
275    6.60048e-14
276    6.57517e-14
277    6.59902e-14
278    6.58618e-14
279    6.52429e-14
280    6.45791e-14
281    6.44368e-14
282    6.42615e-14
283    6.40252e-14
284    6.32058e-14
285     6.2703e-14
286    6.25649e-14
287    6.21122e-14
288    6.19409e-14
289    6.17101e-14
290    6.18971e-14
291    6.21301e-14
292    6.19234e-14
293    6.16029e-14
294    6.16757e-14
295    6.12736e-14
296    6.05726e-14
297    6.05387e-14
298    6.04586e-14
299     6.0149e-14
300     5.9764e-14
301    5.92177e-14
302    5.88844e-14
303    5.87425e-14
304    5.82835e-14
305    5.80448e-14
306    5.81776e-14
307    5.79467e-14
308    5.71009e-14
309    5.64722e-14
310    5.64117e-14
311    5.68863e-14
312    5.72784e-14
313    5.73938e-14
314     5.7765e-14
315    5.77557e-14
316    5.76233e-14
317    5.77733e-14
318    5.80939e-14
319    5.88244e-14
320    5.91869e-14
321    5.89639e-14
322    5.87195e-14
323    5.83768e-14
324    5.78004e-14
325    5.70697e-14
326    5.68695e-14
327    5.67227e-14
328    5.68065e-14
329    5.71455e-14
330    5.71051e-14
331    5.68836e-14
332     5.6408e-14
333    5.66297e-14
334    5.72974e-14
335    5.75489e-14
336    5.73506e-14
337    5.68734e-14
338    5.67401e-14
339    5.67422e-14
340    5.67491e-14
341    5.73839e-14
342    5.82694e-14
343      5.902e-14
344    5.92864e-14
345    5.94912e-14
346     6.0118e-14
347    6.04565e-14
348    6.07439e-14
349    6.08738e-14
350    6.11653e-14
351    6.19743e-14
352    6.24167e-14
353    6.23638e-14
354    6.23789e-14
355    6.23754e-14
356    6.24472e-14
357     6.2815e-14
358    6.29933e-14
359    6.29515e-14
360    6.29957e-14
361    6.30996e-14
362    6.30426e-14
363    6.26626e-14
364    6.26165e-14
365    6.28338e-14
366    6.27583e-14
367    6.29022e-14
368    6.33405e-14
369    6.36596e-14
370    6.38439e-14
371    6.40627e-14
372    6.41354e-14
373    6.41156e-14
374    6.35774e-14
375    6.32529e-14
376    6.39346e-14
377    6.44949e-14
378    6.44356e-14
379    6.44472e-14
380    6.47704e-14
381    6.54039e-14
382    6.61268e-14
383    6.64127e-14
384    6.67869e-14
385    6.76253e-14
386    6.81076e-14
387    6.88796e-14
388    6.97178e-14
389     6.9787e-14
390     6.9927e-14
391    7.01426e-14
392    7.09744e-14
393     7.2043e-14
394    7.24815e-14
395    7.26702e-14
396    7.28458e-14
397    7.29008e-14
398    7.30842e-14
399    7.34395e-14
400    7.40037e-14
401    7.39373e-14
402    7.32865e-14
403    7.34816e-14
404     7.3559e-14
405    7.33039e-14
406     7.2946e-14
407    7.24103e-14
408    7.24496e-14
409    7.25885e-14
410    7.28224e-14
411    7.30492e-14
412    7.32214e-14
413    7.35061e-14
414    7.34353e-14
415    7.31852e-14
416    7.33021e-14
417    7.35528e-14
418     7.3558e-14
419    7.27932e-14
420    7.21835e-14
421    7.25826e-14
422    7.27141e-14
423    7.26412e-14
424    7.23021e-14
425    7.24028e-14
426    7.28059e-14
427    7.29313e-14
428    7.29044e-14
429    7.26483e-14
430    7.24057e-14
431    7.14996e-14
432    7.04994e-14
433    6.99355e-14
434    6.93235e-14
435    6.88549e-14
436    6.82347e-14
437      6.754e-14
438    6.74278e-14
439    6.66814e-14
440     6.5671e-14
441    6.52753e-14
442    6.52638e-14
443     6.5255e-14
444    6.45449e-14
445    6.40048e-14
446    6.34256e-14
447    6.20805e-14
448    6.09656e-14
449    6.05285e-14
450    6.06783e-14
451    6.06441e-14
452    6.00731e-14
453    5.93897e-14
454    5.84359e-14
455    5.83022e-14
456    5.88895e-14
457    5.86274e-14
458    5.76708e-14
459     5.7196e-14
460    5.63688e-14
461    5.55962e-14
462     5.6142e-14
463    5.61088e-14
464    5.55954e-14
465     5.5331e-14
466    5.49566e-14
467    5.47993e-14
468    5.41073e-14
469    5.29203e-14
470    5.20716e-14
471    5.14075e-14
472    5.07103e-14
473    5.02021e-14
474    4.96012e-14
475    4.93485e-14
476    4.89981e-14
477    4.85269e-14
478    4.88871e-14
479    4.90777e-14
480    4.89547e-14
481    4.83302e-14
482    4.78068e-14
483    4.75137e-14
484    4.67294e-14
485    4.55895e-14
486    4.43566e-14
487    4.43271e-14
488    4.48621e-14
489    4.45315e-14
490    4.46305e-14
491    4.56619e-14
492     4.6154e-14
493     4.5961e-14
494    4.51527e-14
495    4.48669e-14
496    4.49355e-14
497    4.47419e-14
498    4.43507e-14
499    4.39157e-14
500    4.40678e-14
501    4.35879e-14
502    4.32692e-14
503    4.35617e-14
504    4.29717e-14
505    4.23187e-14
506     4.2405e-14
507    4.28465e-14
508    4.30278e-14
509    4.27726e-14
510    4.25141e-14
511    4.25041e-14
512     4.2574e-14
513     4.2657e-14
514    4.22754e-14
515    4.21163e-14
516    4.23882e-14
517    4.22274e-14
518    4.23438e-14
519    4.21226e-14
520    4.14928e-14
521    4.10715e-14
522    4.08941e-14
523    4.06441e-14
524    4.05927e-14
525     4.0639e-14
526    4.05682e-14
527    4.07318e-14
528    4.06925e-14
529    4.05996e-14
530    4.09223e-14
531    4.15941e-14
532    4.21734e-14
533    4.25145e-14
534    4.28734e-14
535    4.30568e-14
536    4.34276e-14
537    4.31986e-14
538    4.24597e-14
539    4.22153e-14
540    4.24218e-14
541    4.27641e-14
542    4.29787e-14
543    4.30308e-14
544     4.2406e-14
545    4.15927e-14
546    4.16043e-14
547    4.17828e-14
548    4.15802e-14
549    4.14029e-14
550    4.12094e-14
551    4.08634e-14
552     4.0499e-14
553    4.04529e-14
554    4.06657e-14
555    4.10321e-14
556    4.11461e-14
557    4.10462e-14
558    4.11234e-14
559    4.15538e-14
560    4.18183e-14
561    4.20132e-14
562     4.2667e-14
563    4.29026e-14
564     4.2526e-14
565     4.2389e-14
566    4.24461e-14
567    4.25069e-14
568    4.24588e-14
569    4.21168e-14
570    4.25037e-14
571    4.28554e-14
572    4.23566e-14
573     4.2169e-14
574    4.25707e-14
575    4.25926e-14
576    4.20109e-14
577    4.19967e-14
578    4.23881e-14
579    4.19431e-14
580    4.14392e-14
581    4.16194e-14
582    4.22366e-14
583    4.27991e-14
584    4.28559e-14
585    4.25174e-14
586    4.19851e-14
587    4.13043e-14
588    4.06878e-14
589    4.04139e-14
590    4.00561e-14
591    3.98449e-14
592    3.99406e-14
593    4.02464e-14
594    4.08093e-14
595    4.11524e-14
596    4.14117e-14
597    4.10936e-14
598    4.03009e-14
599    4.03918e-14
600    4.09404e-14
601    4.12665e-14
602     4.1675e-14
603    4.22515e-14
604    4.27495e-14
605    4.34233e-14
606     4.3564e-14
607    4.34295e-14
608     4.3122e-14
609    4.22854e-14
610    4.15407e-14
611     4.1296e-14
612    4.17637e-14
613    4.26311e-14
614    4.27757e-14
615    4.19674e-14
616    4.16618e-14
617    4.13842e-14
618    4.05078e-14
619    3.96906e-14
620    3.90942e-14
621    3.92992e-14
622    4.01201e-14
623    4.07667e-14
624    4.07654e-14
625    4.04556e-14
626    4.00564e-14
627    3.96058e-14
628    3.96438e-14
629    4.00755e-14
630    4.03965e-14
631    4.02848e-14
632    4.02583e-14
633    4.08992e-14
634    4.14556e-14
635    4.14183e-14
636    4.14586e-14
637    4.13944e-14
638    4.11774e-14
639    4.14666e-14
640     4.1934e-14
641     4.2183e-14
642    4.25512e-14
643    4.30732e-14
644    4.37957e-14
645     4.3832e-14
646    4.36252e-14
647    4.40448e-14
648     4.4235e-14
649    4.41846e-14
650     4.4352e-14
651    4.52541e-14
652    4.59854e-14
653    4.62183e-14
654    4.64629e-14
655    4.67701e-14
656    4.73943e-14
657    4.72377e-14
658    4.66087e-14
659    4.69142e-14
660    4.74504e-14
661    4.73771e-14
662     4.7205e-14
663    4.75383e-14
664    4.80529e-14
665    4.84984e-14
666    4.89535e-14
667     4.9239e-14
668     4.9526e-14
669    5.02393e-14
670    5.09443e-14
671    5.09794e-14
672    5.12332e-14
673    5.17106e-14
674    5.20223e-14
675    5.20001e-14
676    5.17452e-14
677    5.19776e-14
678    5.22914e-14
679    5.24346e-14
680    5.25535e-14
681    5.24807e-14
682    5.30254e-14
683    5.37778e-14
684    5.41178e-14
685    5.47055e-14
686    5.50918e-14
687    5.55443e-14
688    5.61173e-14
689    5.65075e-14
690    5.66163e-14
691    5.64664e-14
692      5.674e-14
693    5.77625e-14
694    5.91061e-14
695    5.98393e-14
696    6.03356e-14
697    6.07748e-14
698    6.11379e-14
699    6.18364e-14
700    6.24004e-14
701    6.26805e-14
702    6.31434e-14
703    6.35055e-14
704    6.33951e-14
705    6.39751e-14
706    6.52048e-14
707    6.59305e-14
708     6.6585e-14
709    6.69649e-14
710    6.67522e-14
711    6.64765e-14
712     6.6455e-14
713    6.72183e-14
714    6.82734e-14
715     6.9144e-14
716    7.04178e-14
717    7.13817e-14
718    7.13502e-14
719    7.14901e-14
720    7.17405e-14
721    7.21397e-14
722     7.2494e-14
723    7.20184e-14
724    7.13268e-14
725     7.1177e-14
726    7.13235e-14
727    7.13433e-14
728    7.17546e-14
729    7.20923e-14
730    7.18267e-14
731    7.18048e-14
732    7.20397e-14
733     7.2609e-14
734    7.37399e-14
735    7.48555e-14
736    7.56192e-14
737    7.63543e-14
738    7.70329e-14
739    7.72127e-14
740    7.70278e-14
741     7.7309e-14
742    7.76993e-14
743    7.83121e-14
744    7.91993e-14
745    7.93501e-14
746    7.96281e-14
747    8.00598e-14
748    8.02584e-14
749    8.03979e-14
750    8.03706e-14
751    8.06689e-14
752    8.09588e-14
753    8.10704e-14
754    8.11334e-14
755    8.13999e-14
756    8.13427e-14
757    8.05869e-14
758      8.038e-14
759    8.08135e-14
760    8.14065e-14
761    8.19351e-14
762    8.23419e-14
763    8.28129e-14
764    8.34973e-14
765    8.39794e-14
766    8.48094e-14
767    8.54399e-14
768    8.56141e-14
769    8.51032e-14
770    8.46942e-14
771    8.45064e-14
772    8.39455e-14
773    8.42166e-14
774    8.42939e-14
775    8.44539e-14
776    8.46939e-14
777     8.4748e-14
778    8.51036e-14
779    8.56283e-14
780     8.5752e-14
781    8.56853e-14
782    8.60438e-14
783    8.61483e-14
784    8.57838e-14
785    8.54269e-14
786    8.50229e-14
787    8.47142e-14
788    8.43001e-14
789    8.34135e-14
790    8.27111e-14
791    8.24474e-14
792    8.23881e-14
793    8.21718e-14
794     8.1452e-14
795    8.10511e-14
796    8.10682e-14
797    8.12164e-14
798    8.07209e-14
799    7.99621e-14
800    8.02681e-14
801    8.03373e-14
802    7.97802e-14
803    7.96879e-14
804    7.99046e-14
805    7.99265e-14
806    7.95549e-14
807    7.90124e-14
808    7.85165e-14
809    7.78682e-14
810    7.72082e-14
811    7.69961e-14
812    7.66476e-14
813    7.57187e-14
814    7.51848e-14
815    7.45359e-14
816    7.39573e-14
817    7.40153e-14
818    7.41498e-14
819    7.45519e-14
820    7.48856e-14
821    7.50258e-14
822    7.46259e-14
823    7.31085e-14
824    7.18308e-14
825    7.16891e-14
826    7.16459e-14
827    7.15251e-14
828    7.12921e-14
829     7.0622e-14
830    7.01116e-14
831    6.95764e-14
832    6.90304e-14
833    6.88684e-14
834    6.86139e-14
835    6.79086e-14
836    6.72009e-14
837    6.66924e-14
838    6.64346e-14
839    6.61132e-14
840    6.57352e-14
841    6.53924e-14
842    6.51365e-14
843    6.49601e-14
844    6.47178e-14
845     6.4483e-14
846    6.38922e-14
847    6.35077e-14
848    6.36968e-14
849    6.34838e-14
850    6.31559e-14
851    6.26498e-14
852    6.09795e-14
853     5.9801e-14
854    5.99893e-14
855    5.99348e-14
856    5.98379e-14
857    6.01322e-14
858      5.986e-14
859     5.8975e-14
860    5.83247e-14
861    5.86412e-14
862    5.90364e-14
863    5.83948e-14
864    5.76286e-14
865    5.70753e-14
866    5.64882e-14
867    5.62471e-14
868    5.65162e-14
869    5.67251e-14
870     5.6818e-14
871    5.69363e-14
872    5.69664e-14
873    5.68246e-14
874    5.66784e-14
875    5.63753e-14
876    5.64439e-14
877    5.67296e-14
878    5.65988e-14
879    5.62901e-14
880    5.60019e-14
881    5.63307e-14
882    5.65235e-14
883    5.60696e-14
884    5.55594e-14
885    5.49486e-14
886     5.4254e-14
887    5.39391e-14
888    5.34038e-14
889     5.3244e-14
890     5.3561e-14
891    5.31711e-14
892    5.28731e-14
893    5.26136e-14
894    5.24598e-14
895     5.2595e-14
896    5.23272e-14
897     5.1888e-14
898    5.19862e-14
899    5.16356e-14
900    5.10021e-14
901    5.14057e-14
902    5.12986e-14
903    5.11921e-14
904    5.14787e-14
905    5.11317e-14
906    5.09102e-14
907    5.12504e-14
908    5.14767e-14
909    5.16035e-14
910    5.17963e-14
911    5.20023e-14
912    5.19943e-14
913    5.21195e-14
914    5.27441e-14
915    5.33295e-14
916    5.36695e-14
917    5.36732e-14
918     5.3614e-14
919    5.29709e-14
920    5.23944e-14
921    5.26825e-14
922    5.28502e-14
923    5.29719e-14
924    5.30557e-14
925    5.32276e-14
926    5.34894e-14
927    5.35279e-14
928    5.40923e-14
929    5.43853e-14
930    5.39498e-14
931    5.39572e-14
932    5.39918e-14
933    5.36046e-14
934    5.34433e-14
935    5.34208e-14
936     5.3139e-14
937     5.2447e-14
938    5.16967e-14
939    5.17405e-14
940    5.15713e-14
941    5.12587e-14
942    5.11999e-14
943    5.10873e-14
944    5.11664e-14
945    5.15567e-14
946    5.19945e-14
947    5.18311e-14
948    5.13696e-14
949     5.0739e-14
950    5.03517e-14
951    5.05058e-14
952    5.08556e-14
953    5.10506e-14
954    5.09086e-14
955    5.06377e-14
956     5.0565e-14
957    5.06814e-14
958    5.07757e-14
959    5.08602e-14
960    5.08892e-14
961    5.09173e-14
962    5.09894e-14
963    5.12185e-14
964    5.09986e-14
965    5.11599e-14
966    5.16126e-14
967    5.15851e-14
968    5.15181e-14
969    5.09894e-14
970    5.02983e-14
971    4.96178e-14
972      4.939e-14
973    4.88788e-14
974    4.80336e-14
975    4.82317e-14
976    4.86787e-14
977    4.88446e-14
978     4.9065e-14
979    4.87658e-14
980    4.83818e-14
981    4.78045e-14
982    4.76942e-14
983    4.77633e-14
984    4.73186e-14
985    4.70729e-14
986    4.67929e-14
987    4.67955e-14
988    4.66919e-14
989     4.6094e-14
990    4.58888e-14
991    4.59028e-14
992    4.59156e-14
993     4.6015e-14
994    4.54726e-14
995    4.51321e-14
996    4.57331e-14
997    4.59601e-14
998    4.57736e-14
999    4.57707e-14
1000      4.576e-14
2000    1.28479e-14
3000    1.09487e-14
4000    9.24299e-15
5000    7.57831e-15
6000    1.16492e-14
7000    4.26012e-14
8000    2.92763e-14
9000    7.25074e-14
10000    4.65394e-14
11000    6.48611e-14
12000     1.5116e-13
13000     6.3126e-14
14000    9.05643e-14
15000    9.04792e-14
16000    1.00064e-13
17000    1.49232e-13
18000    1.35479e-13
19000    2.10656e-13
20000    1.34562e-13
21000    1.87912e-13
22000    2.68154e-13
23000     2.1816e-13
24000    2.30578e-13
25000    2.35796e-13
26000    2.23678e-13
27000    2.75135e-13
28000    2.20611e-13
29000    3.37911e-13
30000    3.18379e-13
