1        4.16463
2        4.16463
3        4.16463
4        4.16463
5        4.16463
6        4.16463
7        4.16463
8        4.16463
9        4.16463
10        4.16463
11        4.16463
12        4.16463
13        4.16463
14        4.16463
15        4.16463
16        4.16463
17        4.16463
18        4.16463
19        4.16463
20        4.16463
21        4.16463
22        4.16463
23        4.16463
24        4.16463
25        4.16463
26        4.16463
27        4.16463
28        4.16463
29        4.16463
30        4.16463
31        4.16463
32        4.16463
33        4.16463
34        4.16463
35        4.16463
36        4.16463
37        4.16463
38        4.16463
39        4.16463
40        4.16463
41        4.16463
42        4.16463
43        4.16463
44        4.16463
45        4.16463
46        4.16463
47        4.16463
48        4.16463
49        4.16463
50        4.16463
51        4.16463
52        4.16463
53        4.16463
54        4.16463
55        4.16463
56        4.16463
57        4.16463
58        4.16463
59        4.16463
60        4.16463
61        4.16463
62        4.16463
63        4.16463
64        4.16463
65        4.16463
66        4.16463
67        4.16463
68        4.16463
69        4.16463
70        4.16463
71        4.16463
72        4.16463
73        4.16463
74        4.16463
75        4.16463
76        4.16463
77        4.16463
78        4.16463
79        4.16463
80        4.16463
81        4.16463
82        4.16463
83        4.16463
84        4.16463
85        4.16463
86        4.16463
87        4.16463
88        4.16463
89        4.16463
90        4.16463
91        4.16463
92        4.16463
93        4.16463
94        4.16463
95        4.16463
96        4.16463
97        4.16463
98        4.16463
99        4.16463
100        4.16463
101        4.16463
102        4.16463
103        4.16463
104        4.16463
105        4.16463
106        4.16463
107        4.16463
108        4.16463
109        4.16463
110        4.16463
111        4.16463
112        4.16463
113        4.16463
114        4.16463
115        4.16463
116        4.16463
117        4.16463
118        4.16463
119        4.16463
120        4.16463
121        4.16463
122        4.16463
123        4.16463
124        4.16463
125        4.16463
126        4.16463
127        4.16463
128        4.16463
129        4.16463
130        4.16463
131        4.16463
132        4.16463
133        4.16463
134        4.16463
135        4.16463
136        4.16463
137        4.16463
138        4.16463
139        4.16463
140        4.16463
141        4.16463
142        4.16463
143        4.16463
144        4.16463
145        4.16463
146        4.16463
147        4.16463
148        4.16463
149        4.16463
150        4.16463
151        4.16463
152        4.16463
153        4.16463
154        4.16463
155        4.16463
156        4.16463
157        4.16463
158        4.16463
159        4.16463
160        4.16463
161        4.16463
162        4.16463
163        4.16463
164        4.16463
165        4.16463
166        4.16463
167        4.16463
168        4.16463
169        4.16463
170        4.16463
171        4.16463
172        4.16463
173        4.16463
174        4.16463
175        4.16463
176        4.16463
177        4.16463
178        4.16463
179        4.16463
180        4.16463
181        4.16463
182        4.16463
183        4.16463
184        4.16463
185        4.16463
186        4.16463
187        4.16463
188        4.16463
189        4.16463
190        4.16463
191        4.16463
192        4.16463
193        4.16463
194        4.16463
195        4.16463
196        4.16463
197        4.16463
198        4.16463
199        4.16463
200        4.16463
201        4.16463
202        4.16463
203        4.16463
204        4.16463
205        4.16463
206        4.16463
207        4.16463
208        4.16463
209        4.16463
210        4.16463
211        4.16463
212        4.16463
213        4.16463
214        4.16463
215        4.16463
216        4.16463
217        4.16463
218        4.16463
219        4.16463
220        4.16463
221        4.16463
222        4.16463
223        4.16463
224        4.16463
225        4.16463
226        4.16463
227        4.16463
228        4.16463
229        4.16463
230        4.16463
231        4.16463
232        4.16463
233        4.16463
234        4.16463
235        4.16463
236        4.16463
237        4.16463
238        4.16463
239        4.16463
240        4.16463
241        4.16463
242        4.16463
243        4.16463
244        4.16463
245        4.16463
246        4.16463
247        4.16463
248        4.16463
249        4.16463
250        4.16463
251        4.16463
252        4.16463
253        4.16463
254        4.16463
255        4.16463
256        4.16463
257        4.16463
258        4.16463
259        4.16463
260        4.16463
261        4.16463
262        4.16463
263        4.16463
264        4.16463
265        4.16463
266        4.16463
267        4.16463
268        4.16463
269        4.16463
270        4.16463
271        4.16463
272        4.16463
273        4.16463
274        4.16463
275        4.16463
276        4.16463
277        4.16463
278        4.16463
279        4.16463
280        4.16463
281        4.16463
282        4.16463
283        4.16463
284        4.16463
285        4.16463
286        4.16463
287        4.16463
288        4.16463
289        4.16463
290        4.16463
291        4.16463
292        4.16463
293        4.16463
294        4.16463
295        4.16463
296        4.16463
297        4.16463
298        4.16463
299        4.16463
300        4.16463
301        4.16463
302        4.16463
303        4.16463
304        4.16463
305        4.16463
306        4.16463
307        4.16463
308        4.16463
309        4.16463
310        4.16463
311        4.16463
312        4.16463
313        4.16463
314        4.16463
315        4.16463
316        4.16463
317        4.16463
318        4.16463
319        4.16463
320        4.16463
321        4.16463
322        4.16463
323        4.16463
324        4.16463
325        4.16463
326        4.16463
327        4.16463
328        4.16463
329        4.16463
330        4.16463
331        4.16463
332        4.16463
333        4.16463
334        4.16463
335        4.16463
336        4.16463
337        4.16463
338        4.16463
339        4.16463
340        4.16463
341        4.16463
342        4.16463
343        4.16463
344        4.16463
345        4.16463
346        4.16463
347        4.16463
348        4.16463
349        4.16463
350        4.16463
351        4.16463
352        4.16463
353        4.16463
354        4.16463
355        4.16463
356        4.16463
357        4.16463
358        4.16463
359        4.16463
360        4.16463
361        4.16463
362        4.16463
363        4.16463
364        4.16463
365        4.16463
366        4.16463
367        4.16463
368        4.16463
369        4.16463
370        4.16463
371        4.16463
372        4.16463
373        4.16463
374        4.16463
375        4.16463
376        4.16463
377        4.16463
378        4.16463
379        4.16463
380        4.16463
381        4.16463
382        4.16463
383        4.16463
384        4.16463
385        4.16463
386        4.16463
387        4.16463
388        4.16463
389        4.16463
390        4.16463
391        4.16463
392        4.16463
393        4.16463
394        4.16463
395        4.16463
396        4.16463
397        4.16463
398        4.16463
399        4.16463
400        4.16463
401        4.16463
402        4.16463
403        4.16463
404        4.16463
405        4.16463
406        4.16463
407        4.16463
408        4.16463
409        4.16463
410        4.16463
411        4.16463
412        4.16463
413        4.16463
414        4.16463
415        4.16463
416        4.16463
417        4.16463
418        4.16463
419        4.16463
420        4.16463
421        4.16463
422        4.16463
423        4.16463
424        4.16463
425        4.16463
426        4.16463
427        4.16463
428        4.16463
429        4.16463
430        4.16463
431        4.16463
432        4.16463
433        4.16463
434        4.16463
435        4.16463
436        4.16463
437        4.16463
438        4.16463
439        4.16463
440        4.16463
441        4.16463
442        4.16463
443        4.16463
444        4.16463
445        4.16463
446        4.16463
447        4.16463
448        4.16463
449        4.16463
450        4.16463
451        4.16463
452        4.16463
453        4.16463
454        4.16463
455        4.16463
456        4.16463
457        4.16463
458        4.16463
459        4.16463
460        4.16463
461        4.16463
462        4.16463
463        4.16463
464        4.16463
465        4.16463
466        4.16463
467        4.16463
468        4.16463
469        4.16463
470        4.16463
471        4.16463
472        4.16463
473        4.16463
474        4.16463
475        4.16463
476        4.16463
477        4.16463
478        4.16463
479        4.16463
480        4.16463
481        4.16463
482        4.16463
483        4.16463
484        4.16463
485        4.16463
486        4.16463
487        4.16463
488        4.16463
489        4.16463
490        4.16463
491        4.16463
492        4.16463
493        4.16463
494        4.16463
495        4.16463
496        4.16463
497        4.16463
498        4.16463
499        4.16463
500        4.16463
501        4.16463
502        4.16463
503        4.16463
504        4.16463
505        4.16463
506        4.16463
507        4.16463
508        4.16463
509        4.16463
510        4.16463
511        4.16463
512        4.16463
513        4.16463
514        4.16463
515        4.16463
516        4.16463
517        4.16463
518        4.16463
519        4.16463
520        4.16463
521        4.16463
522        4.16463
523        4.16463
524        4.16463
525        4.16463
526        4.16463
527        4.16463
528        4.16463
529        4.16463
530        4.16463
531        4.16463
532        4.16463
533        4.16463
534        4.16463
535        4.16463
536        4.16463
537        4.16463
538        4.16463
539        4.16463
540        4.16463
541        4.16463
542        4.16463
543        4.16463
544        4.16463
545        4.16463
546        4.16463
547        4.16463
548        4.16463
549        4.16463
550        4.16463
551        4.16463
552        4.16463
553        4.16463
554        4.16463
555        4.16463
556        4.16463
557        4.16463
558        4.16463
559        4.16463
560        4.16463
561        4.16463
562        4.16463
563        4.16463
564        4.16463
565        4.16463
566        4.16463
567        4.16463
568        4.16463
569        4.16463
570        4.16463
571        4.16463
572        4.16463
573        4.16463
574        4.16463
575        4.16463
576        4.16463
577        4.16463
578        4.16463
579        4.16463
580        4.16463
581        4.16463
582        4.16463
583        4.16463
584        4.16463
585        4.16463
586        4.16463
587        4.16463
588        4.16463
589        4.16463
590        4.16463
591        4.16463
592        4.16463
593        4.16463
594        4.16463
595        4.16463
596        4.16463
597        4.16463
598        4.16463
599        4.16463
600        4.16463
601        4.16463
602        4.16463
603        4.16463
604        4.16463
605        4.16463
606        4.16463
607        4.16463
608        4.16463
609        4.16463
610        4.16463
611        4.16463
612        4.16463
613        4.16463
614        4.16463
615        4.16463
616        4.16463
617        4.16463
618        4.16463
619        4.16463
620        4.16463
621        4.16463
622        4.16463
623        4.16463
624        4.16463
625        4.16463
626        4.16463
627        4.16463
628        4.16463
629        4.16463
630        4.16463
631        4.16463
632        4.16463
633        4.16463
634        4.16463
635        4.16463
636        4.16463
637        4.16463
638        4.16463
639        4.16463
640        4.16463
641        4.16463
642        4.16463
643        4.16463
644        4.16463
645        4.16463
646        4.16463
647        4.16463
648        4.16463
649        4.16463
650        4.16463
651        4.16463
652        4.16463
653        4.16463
654        4.16463
655        4.16463
656        4.16463
657        4.16463
658        4.16463
659        4.16463
660        4.16463
661        4.16463
662        4.16463
663        4.16463
664        4.16463
665        4.16463
666        4.16463
667        4.16463
668        4.16463
669        4.16463
670        4.16463
671        4.16463
672        4.16463
673        4.16463
674        4.16463
675        4.16463
676        4.16463
677        4.16463
678        4.16463
679        4.16463
680        4.16463
681        4.16463
682        4.16463
683        4.16463
684        4.16463
685        4.16463
686        4.16463
687        4.16463
688        4.16463
689        4.16463
690        4.16463
691        4.16463
692        4.16463
693        4.16463
694        4.16463
695        4.16463
696        4.16463
697        4.16463
698        4.16463
699        4.16463
700        4.16463
701        4.16463
702        4.16463
703        4.16463
704        4.16463
705        4.16463
706        4.16463
707        4.16463
708        4.16463
709        4.16463
710        4.16463
711        4.16463
712        4.16463
713        4.16463
714        4.16463
715        4.16463
716        4.16463
717        4.16463
718        4.16463
719        4.16463
720        4.16463
721        4.16463
722        4.16463
723        4.16463
724        4.16463
725        4.16463
726        4.16463
727        4.16463
728        4.16463
729        4.16463
730        4.16463
731        4.16463
732        4.16463
733        4.16463
734        4.16463
735        4.16463
736        4.16463
737        4.16463
738        4.16463
739        4.16463
740        4.16463
741        4.16463
742        4.16463
743        4.16463
744        4.16463
745        4.16463
746        4.16463
747        4.16463
748        4.16463
749        4.16463
750        4.16463
751        4.16463
752        4.16463
753        4.16463
754        4.16463
755        4.16463
756        4.16463
757        4.16463
758        4.16463
759        4.16463
760        4.16463
761        4.16463
762        4.16463
763        4.16463
764        4.16463
765        4.16463
766        4.16463
767        4.16463
768        4.16463
769        4.16463
770        4.16463
771        4.16463
772        4.16463
773        4.16463
774        4.16463
775        4.16463
776        4.16463
777        4.16463
778        4.16463
779        4.16463
780        4.16463
781        4.16463
782        4.16463
783        4.16463
784        4.16463
785        4.16463
786        4.16463
787        4.16463
788        4.16463
789        4.16463
790        4.16463
791        4.16463
792        4.16463
793        4.16463
794        4.16463
795        4.16463
796        4.16463
797        4.16463
798        4.16463
799        4.16463
800        4.16463
801        4.16463
802        4.16463
803        4.16463
804        4.16463
805        4.16463
806        4.16463
807        4.16463
808        4.16463
809        4.16463
810        4.16463
811        4.16463
812        4.16463
813        4.16463
814        4.16463
815        4.16463
816        4.16463
817        4.16463
818        4.16463
819        4.16463
820        4.16463
821        4.16463
822        4.16463
823        4.16463
824        4.16463
825        4.16463
826        4.16463
827        4.16463
828        4.16463
829        4.16463
830        4.16463
831        4.16463
832        4.16463
833        4.16463
834        4.16463
835        4.16463
836        4.16463
837        4.16463
838        4.16463
839        4.16463
840        4.16463
841        4.16463
842        4.16463
843        4.16463
844        4.16463
845        4.16463
846        4.16463
847        4.16463
848        4.16463
849        4.16463
850        4.16463
851        4.16463
852        4.16463
853        4.16463
854        4.16463
855        4.16463
856        4.16463
857        4.16463
858        4.16463
859        4.16463
860        4.16463
861        4.16463
862        4.16463
863        4.16463
864        4.16463
865        4.16463
866        4.16463
867        4.16463
868        4.16463
869        4.16463
870        4.16463
871        4.16463
872        4.16463
873        4.16463
874        4.16463
875        4.16463
876        4.16463
877        4.16463
878        4.16463
879        4.16463
880        4.16463
881        4.16463
882        4.16463
883        4.16463
884        4.16463
885        4.16463
886        4.16463
887        4.16463
888        4.16463
889        4.16463
890        4.16463
891        4.16463
892        4.16463
893        4.16463
894        4.16463
895        4.16463
896        4.16463
897        4.16463
898        4.16463
899        4.16463
900        4.16463
901        4.16463
902        4.16463
903        4.16463
904        4.16463
905        4.16463
906        4.16463
907        4.16463
908        4.16463
909        4.16463
910        4.16463
911        4.16463
912        4.16463
913        4.16463
914        4.16463
915        4.16463
916        4.16463
917        4.16463
918        4.16463
919        4.16463
920        4.16463
921        4.16463
922        4.16463
923        4.16463
924        4.16463
925        4.16463
926        4.16463
927        4.16463
928        4.16463
929        4.16463
930        4.16463
931        4.16463
932        4.16463
933        4.16463
934        4.16463
935        4.16463
936        4.16463
937        4.16463
938        4.16463
939        4.16463
940        4.16463
941        4.16463
942        4.16463
943        4.16463
944        4.16463
945        4.16463
946        4.16463
947        4.16463
948        4.16463
949        4.16463
950        4.16463
951        4.16463
952        4.16463
953        4.16463
954        4.16463
955        4.16463
956        4.16463
957        4.16463
958        4.16463
959        4.16463
960        4.16463
961        4.16463
962        4.16463
963        4.16463
964        4.16463
965        4.16463
966        4.16463
967        4.16463
968        4.16463
969        4.16463
970        4.16463
971        4.16463
972        4.16463
973        4.16463
974        4.16463
975        4.16463
976        4.16463
977        4.16463
978        4.16463
979        4.16463
980        4.16463
981        4.16463
982        4.16463
983        4.16463
984        4.16463
985        4.16463
986        4.16463
987        4.16463
988        4.16463
989        4.16463
990        4.16463
991        4.16463
992        4.16463
993        4.16463
994        4.16463
995        4.16463
996        4.16463
997        4.16463
998        4.16463
999        4.16463
1000        4.16463
1050        4.16463
1100        4.16463
1150        4.16463
1200        4.16463
1250        4.16463
1300        4.16463
1350        4.16463
1400        4.16463
1450        4.16463
1500        4.16463
1550        4.16463
1600        4.16463
1650        4.16463
1700        4.16463
1750        4.16463
1800        4.16463
1850        4.16463
1900        4.16463
1950        4.16463
2000        4.16463
2050        4.16463
2100        4.16463
2150        4.16463
2200        4.16463
2250        4.16463
2300        4.16463
2350        4.16463
2400        4.16463
2450        4.16463
2500        4.16463
2550        4.16463
2600        4.16463
2650        4.16463
2700        4.16463
2750        4.16463
2800        4.16463
2850        4.16463
2900        4.16463
2950        4.16463
3000        4.16463
3050        4.16463
3100        4.16463
3150        4.16463
3200        4.16463
3250        4.16463
3300        4.16463
3350        4.16463
3400        4.16463
3450        4.16463
3500        4.16463
3550        4.16463
3600        4.16463
3650        4.16463
3700        4.16463
3750        4.16463
3800        4.16463
3850        4.16463
3900        4.16463
3950        4.16463
4000        4.16463
4050        4.16463
4100        4.16463
4150        4.16463
4200        4.16463
4250        4.16463
4300        4.16463
4350        4.16463
4400        4.16463
4450        4.16463
4500        4.16463
4550        4.16463
4600        4.16463
4650        4.16463
4700        4.16463
4750        4.16463
4800        4.16463
4850        4.16463
4900        4.16463
4950        4.16463
5000        4.16463
5050        4.16463
5100        4.16463
5150        4.16463
5200        4.16463
5250        4.16463
5300        4.16463
5350        4.16463
5400        4.16463
5450        4.16463
5500        4.16463
5550        4.16463
5600        4.16463
5650        4.16463
5700        4.16463
5750        4.16463
5800        4.16463
5850        4.16463
5900        4.16463
5950        4.16463
6000        4.16463
6050        4.16463
6100        4.16463
6150        4.16463
6200        4.16463
6250        4.16463
6300        4.16463
6350        4.16463
6400        4.16463
6450        4.16463
6500        4.16463
6550        4.16463
6600        4.16463
6650        4.16463
6700        4.16463
6750        4.16463
6800        4.16463
6850        4.16463
6900        4.16463
6950        4.16463
7000        4.16463
7050        4.16463
7100        4.16463
7150        4.16463
7200        4.16463
7250        4.16463
7300        4.16463
7350        4.16463
7400        4.16463
7450        4.16463
7500        4.16463
7550        4.16463
7600        4.16463
7650        4.16463
7700        4.16463
7750        4.16463
7800        4.16463
7850        4.16463
7900        4.16463
7950        4.16463
8000        4.16463
8050        4.16463
8100        4.16463
8150        4.16463
8200        4.16463
8250        4.16463
8300        4.16463
8350        4.16463
8400        4.16463
8450        4.16463
8500        4.16463
8550        4.16463
8600        4.16463
8650        4.16463
8700        4.16463
8750        4.16463
8800        4.16463
8850        4.16463
8900        4.16463
8950        4.16463
9000        4.16463
9050        4.16463
9100        4.16463
9150        4.16463
9200        4.16463
9250        4.16463
9300        4.16463
9350        4.16463
9400        4.16463
9450        4.16463
9500        4.16463
9550        4.16463
9600        4.16463
9650        4.16463
9700        4.16463
9750        4.16463
9800        4.16463
9850        4.16463
9900        4.16463
9950        4.16463
10000        4.16463
10050        4.16463
10100        4.16463
10150        4.16463
10200        4.16463
10250        4.16463
10300        4.16463
10350        4.16463
10400        4.16463
10450        4.16463
10500        4.16463
10550        4.16463
10600        4.16463
10650        4.16463
10700        4.16463
10750        4.16463
10800        4.16463
10850        4.16463
10900        4.16463
10950        4.16463
11000        4.16463
11050        4.16463
11100        4.16463
11150        4.16463
11200        4.16463
11250        4.16463
11300        4.16463
11350        4.16463
11400        4.16463
11450        4.16463
11500        4.16463
11550        4.16463
11600        4.16463
11650        4.16463
11700        4.16463
11750        4.16463
11800        4.16463
11850        4.16463
11900        4.16463
11950        4.16463
12000        4.16463
12050        4.16463
12100        4.16463
12150        4.16463
12200        4.16463
12250        4.16463
12300        4.16463
12350        4.16463
12400        4.16463
12450        4.16463
12500        4.16463
12550        4.16463
12600        4.16463
12650        4.16463
12700        4.16463
12750        4.16463
12800        4.16463
12850        4.16463
12900        4.16463
12950        4.16463
13000        4.16463
13050        4.16463
13100        4.16463
13150        4.16463
13200        4.16463
13250        4.16463
13300        4.16463
13350        4.16463
13400        4.16463
13450        4.16463
13500        4.16463
13550        4.16463
13600        4.16463
13650        4.16463
13700        4.16463
13750        4.16463
13800        4.16463
13850        4.16463
13900        4.16463
13950        4.16463
14000        4.16463
14050        4.16463
14100        4.16463
14150        4.16463
14200        4.16463
14250        4.16463
14300        4.16463
14350        4.16463
14400        4.16463
14450        4.16463
14500        4.16463
14550        4.16463
14600        4.16463
14650        4.16463
14700        4.16463
14750        4.16463
14800        4.16463
14850        4.16463
14900        4.16463
14950        4.16463
15000        4.16463
15050        4.16463
15100        4.16463
15150        4.16463
15200        4.16463
15250        4.16463
15300        4.16463
15350        4.16463
15400        4.16463
15450        4.16463
15500        4.16463
15550        4.16463
15600        4.16463
15650        4.16463
15700        4.16463
15750        4.16463
15800        4.16463
15850        4.16463
15900        4.16463
15950        4.16463
16000        4.16463
16050        4.16463
16100        4.16463
16150        4.16463
16200        4.16463
16250        4.16463
16300        4.16463
16350        4.16463
16400        4.16463
16450        4.16463
16500        4.16463
16550        4.16463
16600        4.16463
16650        4.16463
16700        4.16463
16750        4.16463
16800        4.16463
16850        4.16463
16900        4.16463
16950        4.16463
17000        4.16463
17050        4.16463
17100        4.16463
17150        4.16463
17200        4.16463
17250        4.16463
17300        4.16463
17350        4.16463
17400        4.16463
17450        4.16463
17500        4.16463
17550        4.16463
17600        4.16463
17650        4.16463
17700        4.16463
17750        4.16463
17800        4.16463
17850        4.16463
17900        4.16463
17950        4.16463
18000        4.16463
18050        4.16463
18100        4.16463
18150        4.16463
18200        4.16463
18250        4.16463
18300        4.16463
18350        4.16463
18400        4.16463
18450        4.16463
18500        4.16463
18550        4.16463
18600        4.16463
18650        4.16463
18700        4.16463
18750        4.16463
18800        4.16463
18850        4.16463
18900        4.16463
18950        4.16463
19000        4.16463
19050        4.16463
19100        4.16463
19150        4.16463
19200        4.16463
19250        4.16463
19300        4.16463
19350        4.16463
19400        4.16463
19450        4.16463
19500        4.16463
19550        4.16463
19600        4.16463
19650        4.16463
19700        4.16463
19750        4.16463
19800        4.16463
19850        4.16463
19900        4.16463
19950        4.16463
20000        4.16463
20050        4.16463
20100        4.16463
20150        4.16463
20200        4.16463
20250        4.16463
20300        4.16463
20350        4.16463
20400        4.16463
20450        4.16463
20500        4.16463
20550        4.16463
20600        4.16463
20650        4.16463
20700        4.16463
20750        4.16463
20800        4.16463
20850        4.16463
20900        4.16463
20950        4.16463
21000        4.16463
21050        4.16463
21100        4.16463
21150        4.16463
21200        4.16463
21250        4.16463
21300        4.16463
21350        4.16463
21400        4.16463
21450        4.16463
21500        4.16463
21550        4.16463
21600        4.16463
21650        4.16463
21700        4.16463
21750        4.16463
21800        4.16463
21850        4.16463
21900        4.16463
21950        4.16463
22000        4.16463
22050        4.16463
22100        4.16463
22150        4.16463
22200        4.16463
22250        4.16463
22300        4.16463
22350        4.16463
22400        4.16463
22450        4.16463
22500        4.16463
22550        4.16463
22600        4.16463
22650        4.16463
22700        4.16463
22750        4.16463
22800        4.16463
22850        4.16463
22900        4.16463
22950        4.16463
23000        4.16463
23050        4.16463
23100        4.16463
23150        4.16463
23200        4.16463
23250        4.16463
23300        4.16463
23350        4.16463
23400        4.16463
23450        4.16463
23500        4.16463
23550        4.16463
23600        4.16463
23650        4.16463
23700        4.16463
23750        4.16463
23800        4.16463
23850        4.16463
23900        4.16463
23950        4.16463
24000        4.16463
24050        4.16463
24100        4.16463
24150        4.16463
24200        4.16463
24250        4.16463
24300        4.16463
24350        4.16463
24400        4.16463
24450        4.16463
24500        4.16463
24550        4.16463
24600        4.16463
24650        4.16463
24700        4.16463
24750        4.16463
24800        4.16463
24850        4.16463
24900        4.16463
24950        4.16463
25000        4.16463
25050        4.16463
25100        4.16463
25150        4.16463
25200        4.16463
25250        4.16463
25300        4.16463
25350        4.16463
25400        4.16463
25450        4.16463
25500        4.16463
25550        4.16463
25600        4.16463
25650        4.16463
25700        4.16463
25750        4.16463
25800        4.16463
25850        4.16463
25900        4.16463
25950        4.16463
26000        4.16463
26050        4.16463
26100        4.16463
26150        4.16463
26200        4.16463
26250        4.16463
26300        4.16463
26350        4.16463
26400        4.16463
26450        4.16463
26500        4.16463
26550        4.16463
26600        4.16463
26650        4.16463
26700        4.16463
26750        4.16463
26800        4.16463
26850        4.16463
26900        4.16463
26950        4.16463
27000        4.16463
27050        4.16463
27100        4.16463
27150        4.16463
27200        4.16463
27250        4.16463
27300        4.16463
27350        4.16463
27400        4.16463
27450        4.16463
27500        4.16463
27550        4.16463
27600        4.16463
27650        4.16463
27700        4.16463
27750        4.16463
27800        4.16463
27850        4.16463
27900        4.16463
27950        4.16463
28000        4.16463
28050        4.16463
28100        4.16463
28150        4.16463
28200        4.16463
28250        4.16463
28300        4.16463
28350        4.16463
28400        4.16463
28450        4.16463
28500        4.16463
28550        4.16463
28600        4.16463
28650        4.16463
28700        4.16463
28750        4.16463
28800        4.16463
28850        4.16463
28900        4.16463
28950        4.16463
29000        4.16463
29050        4.16463
29100        4.16463
29150        4.16463
29200        4.16463
29250        4.16463
29300        4.16463
29350        4.16463
29400        4.16463
29450        4.16463
29500        4.16463
29550        4.16463
29600        4.16463
29650        4.16463
29700        4.16463
29750        4.16463
29800        4.16463
29850        4.16463
29900        4.16463
29950        4.16463
30000        4.16463
30050        4.16463
30100        4.16463
30150        4.16463
30200        4.16463
30250        4.16463
30300        4.16463
30350        4.16463
30400        4.16463
30450        4.16463
30500        4.16463
30550        4.16463
30600        4.16463
30650        4.16463
30700        4.16463
30750        4.16463
30800        4.16463
30850        4.16463
30900        4.16463
30950        4.16463
31000        4.16463
31050        4.16463
31100        4.16463
31150        4.16463
31200        4.16463
31250        4.16463
31300        4.16463
31350        4.16463
31400        4.16463
31450        4.16463
31500        4.16463
31550        4.16463
