0 14.2043 220.172 0 913.354 0 2244.19
0 14.2035 220.172 2.51152e-29 913.354 0 2244.19
1 14.086 220.294 0.000867139 913.355 0 2244.19
2 13.8806 220.512 0.00346734 913.357 0 2244.17
3 13.6194 220.791 0.00779723 913.36 0 2244.15
4 13.3358 221.099 0.0138515 913.364 0 2244.12
5 13.0628 221.404 0.0216228 913.368 0 2244.08
6 12.8327 221.673 0.0311023 913.372 0 2244.03
7 12.6758 221.876 0.0422796 913.376 0 2243.97
8 12.617 221.988 0.0551429 913.379 0 2243.91
9 12.6695 221.996 0.0696794 913.381 0 2243.84
10 12.8292 221.902 0.0858751 913.382 0 2243.76
11 13.0713 221.732 0.103715 913.383 0 2243.68
12 13.3531 221.528 0.123183 913.383 0 2243.58
13 13.6225 221.345 0.144262 913.384 0 2243.48
14 13.8311 221.23 0.166934 913.384 0 2243.37
15 13.9477 221.215 0.191178 913.386 0 2243.25
16 13.9683 221.304 0.216975 913.388 0 2243.13
17 13.9176 221.473 0.244303 913.39 0 2243
18 13.8413 221.672 0.273138 913.393 0 2242.86
19 13.7922 221.851 0.303455 913.395 0 2242.71
20 13.8133 221.963 0.33523 913.398 0 2242.55
21 13.9242 221.989 0.368435 913.4 0 2242.39
22 14.1162 221.939 0.403044 913.402 0 2242.23
23 14.3564 221.847 0.439028 913.404 0 2242.05
24 14.6002 221.757 0.476358 913.405 0 2241.87
25 14.8073 221.711 0.515005 913.407 0 2241.68
26 14.9557 221.732 0.554937 913.409 0 2241.48
27 15.0479 221.817 0.59612 913.412 0 2241.28
28 15.1085 221.939 0.638518 913.414 0 2241.07
29 15.1734 222.064 0.682094 913.417 0 2240.85
30 15.2745 222.156 0.726808 913.419 0 2240.62
31 15.4279 222.2 0.772621 913.422 0 2240.39
32 15.6269 222.203 0.819492 913.424 0 2240.15
33 15.8453 222.19 0.867382 913.427 0 2239.9
34 16.0476 222.199 0.916252 913.429 0 2239.65
35 16.2032 222.258 0.966063 913.432 0 2239.39
36 16.2989 222.383 1.01677 913.435 0 2239.13
37 16.344 222.562 1.06834 913.438 0 2238.86
38 16.3675 222.766 1.12072 913.441 0 2238.59
39 16.4077 222.955 1.17387 913.445 0 2238.31
40 16.4975 223.095 1.22774 913.448 0 2238.03
41 16.6523 223.17 1.28229 913.451 0 2237.75
42 16.8639 223.188 1.33746 913.454 0 2237.46
43 17.103 223.179 1.39323 913.457 0 2237.17
44 17.3299 223.183 1.44954 913.46 0 2236.88
45 17.5083 223.238 1.50635 913.463 0 2236.58
46 17.6184 223.364 1.56364 913.467 0 2236.28
47 17.6636 223.557 1.62135 913.471 0 2235.97
48 17.669 223.791 1.67944 913.475 0 2235.67
49 17.6724 224.029 1.73787 913.479 0 2235.35
50 17.7109 224.232 1.7966 913.482 0 2235.04
51 17.8078 224.377 1.85557 913.485 0 2234.72
52 17.9654 224.46 1.91476 913.488 0 2234.4
53 18.1655 224.501 1.97412 913.49 0 2234.07
54 18.3768 224.531 2.03362 913.492 0 2233.74
55 18.5676 224.583 2.09322 913.494 0 2233.41
56 18.7178 224.676 2.1529 913.495 0 2233.08
57 18.8266 224.81 2.2126 913.497 0 2232.74
58 18.9122 224.967 2.27229 913.498 0 2232.4
59 19.0052 225.115 2.33193 913.499 0 2232.06
60 19.1364 225.222 2.39149 913.5 0 2231.72
61 19.3247 225.267 2.45091 913.501 0 2231.38
62 19.5689 225.251 2.51017 913.501 0 2231.04
63 19.8462 225.197 2.56924 913.501 0 2230.7
64 20.1188 225.143 2.62808 913.501 0 2230.36
65 20.3454 225.129 2.68669 913.502 0 2230.02
66 20.4944 225.19 2.74503 913.503 0 2229.68
67 20.5541 225.335 2.80307 913.504 0 2229.34
68 20.5366 225.554 2.8608 913.505 0 2229
69 20.4746 225.812 2.91817 913.507 0 2228.66
70 20.4112 226.067 2.97516 913.509 0 2228.32
71 20.3875 226.276 3.03175 913.51 0 2227.98
72 20.4305 226.411 3.08791 913.51 0 2227.65
73 20.5464 226.466 3.14363 913.51 0 2227.31
74 20.7201 226.455 3.19891 913.51 0 2226.98
75 20.921 226.41 3.25373 913.509 0 2226.65
76 21.1129 226.365 3.3081 913.508 0 2226.33
77 21.2647 226.354 3.36202 913.507 0 2226
78 21.3588 226.393 3.41547 913.507 0 2225.68
79 21.3939 226.484 3.46846 913.506 0 2225.36
80 21.3832 226.612 3.52097 913.506 0 2225.04
81 21.348 226.758 3.57297 913.505 0 2224.72
82 21.3098 226.898 3.62446 913.505 0 2224.41
83 21.2833 227.018 3.67543 913.505 0 2224.1
84 21.2729 227.113 3.72585 913.505 0 2223.8
85 21.2727 227.189 3.77571 913.504 0 2223.49
86 21.2706 227.259 3.82501 913.504 0 2223.19
87 21.2542 227.335 3.87372 913.504 0 2222.9
88 21.2158 227.427 3.92184 913.503 0 2222.6
89 21.1555 227.533 3.96934 913.503 0 2222.31
90 21.0809 227.646 4.01619 913.503 0 2222.02
91 21.0038 227.754 4.06239 913.503 0 2221.74
92 20.9356 227.846 4.10791 913.502 0 2221.46
93 20.8824 227.916 4.15275 913.502 0 2221.18
94 20.8424 227.963 4.1969 913.501 0 2220.91
95 20.8069 227.999 4.24038 913.5 0 2220.63
96 20.7624 228.035 4.2832 913.5 0 2220.37
97 20.6965 228.085 4.32538 913.499 0 2220.11
98 20.602 228.155 4.36695 913.499 0 2219.85
99 20.4801 228.246 4.40792 913.499 0 2219.6
100 20.3404 228.347 4.44831 913.498 0 2219.35
101 20.1986 228.443 4.48813 913.498 0 2219.11
102 20.0713 228.516 4.52739 913.498 0 2218.87
103 19.971 228.554 4.56612 913.498 0 2218.64
104 19.9018 228.552 4.60431 913.497 0 2218.42
105 19.8584 228.516 4.64199 913.496 0 2218.2
106 19.8276 228.457 4.67918 913.496 0 2217.98
107 19.7925 228.395 4.7159 913.495 0 2217.78
108 19.738 228.345 4.75215 913.494 0 2217.57
109 19.6559 228.316 4.78797 913.493 0 2217.37
110 19.5474 228.307 4.82334 913.493 0 2217.18
111 19.4234 228.309 4.85828 913.492 0 2216.99
112 19.3005 228.304 4.89277 913.491 0 2216.81
113 19.1962 228.276 4.92683 913.49 0 2216.63
114 19.1229 228.211 4.96044 913.488 0 2216.45
115 19.0835 228.106 4.99361 913.487 0 2216.27
116 19.07 227.968 5.02635 913.485 0 2216.1
117 19.0654 227.816 5.05868 913.483 0 2215.94
118 19.0481 227.671 5.09061 913.481 0 2215.77
119 18.9983 227.553 5.12217 913.479 0 2215.61
120 18.9039 227.475 5.15338 913.478 0 2215.46
121 18.7643 227.438 5.18425 913.476 0 2215.3
122 18.591 227.432 5.21479 913.475 0 2215.16
123 18.4048 227.435 5.24501 913.474 0 2215.01
124 18.2304 227.423 5.27492 913.473 0 2214.87
125 18.0897 227.373 5.30451 913.472 0 2214.74
126 17.9959 227.271 5.33379 913.47 0 2214.61
127 17.9498 227.115 5.36276 913.469 0 2214.48
128 17.9401 226.917 5.39143 913.467 0 2214.36
129 17.9455 226.696 5.41981 913.465 0 2214.25
130 17.941 226.48 5.44791 913.464 0 2214.13
131 17.9038 226.291 5.47573 913.462 0 2214.03
132 17.8193 226.145 5.50328 913.462 0 2213.93
133 17.684 226.047 5.53055 913.461 0 2213.83
134 17.5061 225.99 5.55754 913.461 0 2213.73
135 17.3026 225.958 5.58423 913.461 0 2213.64
136 17.0945 225.929 5.61062 913.462 0 2213.55
137 16.9012 225.885 5.63671 913.462 0 2213.46
138 16.7361 225.813 5.66248 913.463 0 2213.38
139 16.6031 225.706 5.68795 913.463 0 2213.3
140 16.4971 225.572 5.71314 913.464 0 2213.22
141 16.4065 225.421 5.73804 913.464 0 2213.15
142 16.3166 225.268 5.76269 913.465 0 2213.08
143 16.2143 225.128 5.78709 913.466 0 2213.01
144 16.092 225.007 5.81126 913.467 0 2212.94
145 15.9489 224.907 5.8352 913.468 0 2212.88
146 15.7909 224.823 5.85891 913.469 0 2212.81
147 15.6286 224.744 5.8824 913.471 0 2212.75
148 15.4737 224.658 5.90566 913.473 0 2212.7
149 15.3357 224.555 5.92869 913.475 0 2212.64
150 15.2193 224.431 5.95149 913.477 0 2212.59
151 15.1233 224.286 5.97405 913.478 0 2212.54
152 15.0413 224.127 5.99638 913.481 0 2212.49
153 14.9637 223.964 6.01846 913.483 0 2212.45
154 14.8807 223.806 6.04028 913.485 0 2212.4
155 14.7845 223.663 6.06183 913.488 0 2212.36
156 14.6715 223.537 6.0831 913.491 0 2212.32
157 14.5428 223.43 6.10406 913.494 0 2212.28
158 14.4033 223.335 6.12468 913.498 0 2212.25
159 14.26 223.246 6.14495 913.501 0 2212.21
160 14.1199 223.156 6.16485 913.505 0 2212.18
161 13.988 223.061 6.18436 913.509 0 2212.14
162 13.8664 222.958 6.20349 913.514 0 2212.11
163 13.754 222.848 6.22223 913.518 0 2212.08
164 13.6474 222.734 6.24058 913.523 0 2212.05
165 13.5426 222.622 6.25856 913.527 0 2212.02
166 13.4359 222.514 6.27615 913.533 0 2212
167 13.3258 222.412 6.29337 913.538 0 2211.97
168 13.2128 222.316 6.31022 913.543 0 2211.94
169 13.099 222.224 6.3267 913.549 0 2211.92
170 12.9873 222.133 6.34279 913.555 0 2211.89
171 12.8802 222.039 6.35851 913.562 0 2211.87
172 12.7788 221.943 6.37384 913.568 0 2211.85
173 12.682 221.845 6.38879 913.575 0 2211.83
174 12.5876 221.747 6.40335 913.582 0 2211.8
175 12.4921 221.653 6.41753 913.59 0 2211.78
176 12.3925 221.567 6.43133 913.597 0 2211.76
177 12.2872 221.489 6.44475 913.605 0 2211.75
178 12.1766 221.421 6.45778 913.614 0 2211.73
179 12.063 221.359 6.47043 913.622 0 2211.71
180 11.9498 221.301 6.48268 913.631 0 2211.69
181 11.841 221.242 6.49452 913.64 0 2211.67
182 11.7392 221.18 6.50596 913.65 0 2211.65
183 11.6448 221.114 6.51699 913.659 0 2211.63
184 11.5562 221.046 6.52761 913.669 0 2211.61
185 11.4692 220.981 6.53782 913.679 0 2211.59
186 11.3786 220.922 6.54763 913.69 0 2211.57
187 11.2793 220.877 6.55704 913.7 0 2211.55
188 11.1676 220.848 6.56606 913.712 0 2211.53
189 11.0422 220.837 6.57469 913.723 0 2211.51
190 10.9046 220.843 6.58293 913.735 0 2211.49
191 10.7587 220.861 6.59079 913.747 0 2211.47
192 10.61 220.887 6.59825 913.76 0 2211.45
193 10.464 220.915 6.60533 913.773 0 2211.43
194 10.3257 220.939 6.61201 913.786 0 2211.4
195 10.1977 220.956 6.61829 913.799 0 2211.38
196 10.0805 220.967 6.62418 913.813 0 2211.36
197 9.97272 220.973 6.62969 913.826 0 2211.34
198 9.87137 220.975 6.63481 913.84 0 2211.32
199 9.77311 220.978 6.63955 913.854 0 2211.29
200 9.67493 220.985 6.64391 913.868 0 2211.27
201 9.57481 220.998 6.64791 913.883 0 2211.25
202 9.47186 221.017 6.65155 913.898 0 2211.23
203 9.36614 221.043 6.65482 913.912 0 2211.2
204 9.25824 221.075 6.65774 913.928 0 2211.18
205 9.14879 221.111 6.6603 913.943 0 2211.16
206 9.03817 221.153 6.66251 913.958 0 2211.14
207 8.92648 221.199 6.66439 913.974 0 2211.11
208 8.81382 221.25 6.66595 913.99 0 2211.09
209 8.70065 221.305 6.6672 914.006 0 2211.07
210 8.58825 221.362 6.66815 914.021 0 2211.05
211 8.47879 221.42 6.66883 914.037 0 2211.02
212 8.37515 221.475 6.66926 914.053 0 2211
213 8.28033 221.525 6.66944 914.069 0 2210.98
214 8.19659 221.567 6.66939 914.085 0 2210.96
215 8.12461 221.599 6.66912 914.101 0 2210.93
216 8.06292 221.624 6.66865 914.117 0 2210.91
217 8.00784 221.646 6.66799 914.133 0 2210.89
218 7.95401 221.668 6.66714 914.148 0 2210.87
219 7.89549 221.699 6.66611 914.164 0 2210.85
220 7.82712 221.742 6.66491 914.18 0 2210.82
221 7.7459 221.801 6.66355 914.196 0 2210.8
222 7.65188 221.876 6.66203 914.212 0 2210.78
223 7.54844 221.964 6.66035 914.228 0 2210.76
224 7.44169 222.057 6.65852 914.244 0 2210.73
225 7.33924 222.15 6.65655 914.26 0 2210.71
226 7.24851 222.233 6.65443 914.275 0 2210.69
227 7.17502 222.302 6.65218 914.291 0 2210.66
228 7.12114 222.353 6.64979 914.306 0 2210.64
229 7.08557 222.388 6.64728 914.321 0 2210.62
230 7.06372 222.411 6.64466 914.336 0 2210.6
231 7.04883 222.429 6.64195 914.351 0 2210.58
232 7.0336 222.449 6.63917 914.365 0 2210.55
233 7.01189 222.478 6.63633 914.38 0 2210.53
234 6.97997 222.518 6.63344 914.394 0 2210.52
235 6.93711 222.571 6.63054 914.409 0 2210.5
236 6.8853 222.635 6.62762 914.423 0 2210.48
237 6.82833 222.705 6.62472 914.437 0 2210.46
238 6.77038 222.777 6.62184 914.451 0 2210.45
239 6.71469 222.848 6.61899 914.465 0 2210.43
240 6.66267 222.917 6.61619 914.479 0 2210.42
241 6.61367 222.983 6.61345 914.492 0 2210.4
242 6.56553 223.051 6.61079 914.505 0 2210.39
243 6.51562 223.121 6.60822 914.518 0 2210.38
244 6.46211 223.197 6.60575 914.531 0 2210.36
245 6.40506 223.277 6.60338 914.544 0 2210.35
246 6.34684 223.361 6.60113 914.556 0 2210.34
247 6.29174 223.442 6.59899 914.568 0 2210.33
248 6.24498 223.517 6.59699 914.58 0 2210.32
249 6.21113 223.58 6.5951 914.591 0 2210.31
250 6.1926 223.629 6.59336 914.602 0 2210.3
251 6.18855 223.665 6.59175 914.612 0 2210.3
252 6.19468 223.691 6.59029 914.622 0 2210.29
253 6.20393 223.715 6.589 914.632 0 2210.28
254 6.20803 223.745 6.58788 914.642 0 2210.28
255 6.19954 223.789 6.58695 914.651 0 2210.27
256 6.17374 223.85 6.58623 914.66 0 2210.27
257 6.13005 223.929 6.58573 914.669 0 2210.27
258 6.07232 224.023 6.58546 914.677 0 2210.27
259 6.00815 224.122 6.58542 914.685 0 2210.28
260 5.94714 224.218 6.58563 914.693 0 2210.28
261 5.8988 224.301 6.58609 914.7 0 2210.29
262 5.8704 224.362 6.58681 914.707 0 2210.3
263 5.86548 224.4 6.5878 914.713 0 2210.31
264 5.88342 224.415 6.58906 914.718 0 2210.33
265 5.92 224.412 6.59063 914.723 0 2210.34
266 5.96892 224.397 6.59249 914.727 0 2210.36
267 6.02375 224.377 6.59468 914.731 0 2210.38
268 6.07969 224.358 6.59719 914.734 0 2210.4
269 6.13475 224.341 6.60005 914.737 0 2210.42
270 6.18987 224.326 6.60325 914.739 0 2210.44
271 6.24815 224.309 6.60681 914.741 0 2210.47
272 6.31325 224.287 6.61073 914.742 0 2210.49
273 6.38771 224.258 6.61501 914.743 0 2210.52
274 6.47151 224.221 6.61967 914.743 0 2210.54
275 6.56154 224.179 6.62471 914.743 0 2210.57
276 6.652 224.14 6.63014 914.743 0 2210.59
277 6.73582 224.108 6.63599 914.742 0 2210.62
278 6.80656 224.092 6.64226 914.742 0 2210.65
279 6.86028 224.093 6.64897 914.74 0 2210.68
280 6.89684 224.113 6.65614 914.739 0 2210.71
281 6.92013 224.146 6.66377 914.737 0 2210.74
282 6.93728 224.185 6.67187 914.735 0 2210.77
283 6.95683 224.222 6.68044 914.733 0 2210.81
284 6.9866 224.247 6.6895 914.73 0 2210.85
285 7.03171 224.256 6.69904 914.727 0 2210.89
286 7.09344 224.249 6.70906 914.723 0 2210.93
287 7.16917 224.227 6.71958 914.719 0 2210.98
288 7.25351 224.197 6.73058 914.714 0 2211.03
289 7.34019 224.165 6.74209 914.708 0 2211.08
290 7.42417 224.137 6.7541 914.703 0 2211.13
291 7.50328 224.114 6.76662 914.697 0 2211.19
292 7.57894 224.096 6.77964 914.69 0 2211.25
293 7.65561 224.077 6.79318 914.683 0 2211.3
294 7.73919 224.053 6.80722 914.676 0 2211.36
295 7.83481 224.018 6.82176 914.668 0 2211.42
296 7.94481 223.97 6.83681 914.66 0 2211.49
297 8.0674 223.911 6.85236 914.652 0 2211.55
298 8.19667 223.848 6.8684 914.643 0 2211.62
299 8.32391 223.788 6.88495 914.634 0 2211.68
300 8.43996 223.743 6.90199 914.624 0 2211.75
301 8.53798 223.717 6.91953 914.615 0 2211.81
302 8.61573 223.713 6.93756 914.605 0 2211.88
303 8.67673 223.726 6.95609 914.595 0 2211.95
304 8.72975 223.749 6.9751 914.585 0 2212.02
305 8.78687 223.767 6.99459 914.574 0 2212.1
306 8.86039 223.769 7.01455 914.563 0 2212.17
307 8.95951 223.746 7.03497 914.552 0 2212.25
308 9.08774 223.695 7.05583 914.54 0 2212.33
309 9.24169 223.619 7.07715 914.528 0 2212.41
310 9.41176 223.528 7.0989 914.516 0 2212.49
311 9.58442 223.437 7.12108 914.503 0 2212.57
312 9.74573 223.36 7.14368 914.49 0 2212.66
313 9.8849 223.307 7.16671 914.478 0 2212.74
314 9.99704 223.283 7.19014 914.465 0 2212.83
315 10.0844 223.286 7.21396 914.452 0 2212.92
316 10.1555 223.306 7.23817 914.439 0 2213.01
317 10.2228 223.33 7.26274 914.426 0 2213.09
318 10.299 223.347 7.28765 914.413 0 2213.18
319 10.3939 223.345 7.3129 914.399 0 2213.27
320 10.5114 223.323 7.33847 914.385 0 2213.37
321 10.6488 223.282 7.36435 914.371 0 2213.46
322 10.7982 223.231 7.39054 914.357 0 2213.55
323 10.9486 223.183 7.41702 914.343 0 2213.64
324 11.0892 223.146 7.44378 914.328 0 2213.73
325 11.2131 223.128 7.47081 914.313 0 2213.83
326 11.3191 223.13 7.49808 914.299 0 2213.92
327 11.4117 223.146 7.52559 914.284 0 2214.01
328 11.4999 223.167 7.55329 914.27 0 2214.11
329 11.5944 223.183 7.58117 914.255 0 2214.2
330 11.7042 223.184 7.60919 914.24 0 2214.3
331 11.834 223.165 7.63733 914.225 0 2214.4
332 11.9827 223.129 7.66555 914.209 0 2214.49
333 12.1434 223.083 7.69382 914.194 0 2214.59
334 12.3062 223.037 7.72211 914.179 0 2214.69
335 12.4603 223.002 7.75039 914.164 0 2214.79
336 12.5975 222.987 7.77863 914.149 0 2214.89
337 12.7146 222.994 7.80679 914.134 0 2214.98
338 12.8139 223.021 7.83483 914.119 0 2215.08
339 12.9026 223.061 7.86271 914.105 0 2215.17
340 12.9901 223.103 7.8904 914.09 0 2215.27
341 13.0854 223.14 7.91785 914.076 0 2215.36
342 13.1939 223.166 7.94504 914.062 0 2215.45
343 13.3156 223.181 7.97194 914.048 0 2215.54
344 13.4457 223.191 7.99853 914.034 0 2215.63
345 13.5752 223.204 8.02479 914.02 0 2215.71
346 13.6946 223.231 8.05069 914.007 0 2215.79
347 13.7959 223.278 8.07622 913.994 0 2215.87
348 13.876 223.349 8.10136 913.982 0 2215.95
349 13.9371 223.441 8.12609 913.969 0 2216.03
350 13.9865 223.546 8.15038 913.957 0 2216.1
351 14.0341 223.654 8.17421 913.946 0 2216.18
352 14.0894 223.755 8.19757 913.935 0 2216.25
353 14.159 223.843 8.22044 913.923 0 2216.32
354 14.2443 223.916 8.2428 913.912 0 2216.38
355 14.3414 223.98 8.26464 913.901 0 2216.45
356 14.4421 224.042 8.28593 913.891 0 2216.51
357 14.5374 224.112 8.30667 913.88 0 2216.57
358 14.6198 224.197 8.32683 913.87 0 2216.63
359 14.6863 224.301 8.34638 913.861 0 2216.69
360 14.7397 224.42 8.36529 913.851 0 2216.74
361 14.7876 224.547 8.38352 913.842 0 2216.79
362 14.8404 224.672 8.40103 913.833 0 2216.84
363 14.9077 224.785 8.41779 913.824 0 2216.88
364 14.9951 224.88 8.43375 913.815 0 2216.92
365 15.1018 224.959 8.44888 913.806 0 2216.96
366 15.22 225.03 8.46317 913.797 0 2216.99
367 15.3371 225.105 8.47659 913.789 0 2217.02
368 15.4389 225.199 8.48913 913.781 0 2217.05
369 15.5136 225.324 8.50077 913.773 0 2217.07
370 15.556 225.483 8.5115 913.766 0 2217.09
371 15.5697 225.673 8.52132 913.76 0 2217.11
372 15.567 225.881 8.5302 913.753 0 2217.12
373 15.5661 226.088 8.53815 913.747 0 2217.14
374 15.5872 226.273 8.54515 913.741 0 2217.14
375 15.6469 226.421 8.5512 913.735 0 2217.15
376 15.754 226.521 8.55629 913.728 0 2217.16
377 15.9069 226.578 8.56044 913.722 0 2217.16
378 16.0936 226.603 8.56364 913.715 0 2217.16
379 16.2946 226.616 8.56591 913.709 0 2217.16
380 16.4878 226.64 8.56725 913.703 0 2217.16
381 16.6539 226.694 8.56767 913.697 0 2217.16
382 16.7814 226.789 8.56718 913.691 0 2217.15
383 16.8692 226.926 8.56577 913.686 0 2217.14
384 16.9271 227.094 8.56342 913.681 0 2217.13
385 16.9727 227.276 8.56014 913.677 0 2217.11
386 17.0271 227.45 8.55591 913.673 0 2217.09
387 17.1091 227.597 8.55073 913.669 0 2217.07
388 17.2308 227.705 8.5446 913.664 0 2217.05
389 17.3947 227.772 8.53751 913.66 0 2217.02
390 17.5933 227.806 8.52949 913.656 0 2216.99
391 17.8121 227.822 8.52054 913.651 0 2216.96
392 18.0331 227.836 8.51068 913.647 0 2216.93
393 18.2397 227.867 8.49993 913.643 0 2216.89
394 18.4211 227.923 8.48831 913.64 0 2216.85
395 18.574 228.007 8.47582 913.637 0 2216.81
396 18.7031 228.114 8.46249 913.635 0 2216.78
397 18.8182 228.232 8.44831 913.633 0 2216.73
398 18.9314 228.35 8.43332 913.631 0 2216.69
399 19.0532 228.456 8.41754 913.63 0 2216.65
400 19.1893 228.545 8.40097 913.628 0 2216.61
401 19.3398 228.615 8.38366 913.627 0 2216.57
402 19.4997 228.673 8.36562 913.626 0 2216.53
403 19.6614 228.725 8.34689 913.626 0 2216.49
404 19.8178 228.78 8.32747 913.625 0 2216.45
405 19.9644 228.841 8.30738 913.625 0 2216.41
406 20.1012 228.908 8.28662 913.624 0 2216.37
407 20.2321 228.977 8.26518 913.624 0 2216.33
408 20.3632 229.042 8.24307 913.624 0 2216.29
409 20.4994 229.098 8.22026 913.624 0 2216.26
410 20.6421 229.142 8.19675 913.625 0 2216.22
411 20.7876 229.179 8.17256 913.625 0 2216.18
412 20.9266 229.217 8.1477 913.626 0 2216.14
413 21.0469 229.268 8.12219 913.627 0 2216.1
414 21.1372 229.344 8.09606 913.629 0 2216.06
415 21.1905 229.451 8.06936 913.63 0 2216.02
416 21.2079 229.588 8.04211 913.632 0 2215.98
417 21.1996 229.743 8.01434 913.635 0 2215.95
418 21.1836 229.899 7.98607 913.637 0 2215.91
419 21.1816 230.033 7.95732 913.64 0 2215.88
420 21.2145 230.123 7.9281 913.642 0 2215.85
421 21.2961 230.156 7.89842 913.644 0 2215.83
422 21.4297 230.129 7.86829 913.646 0 2215.8
423 21.6067 230.049 7.83773 913.647 0 2215.78
424 21.808 229.935 7.80677 913.648 0 2215.77
425 22.0091 229.814 7.77544 913.65 0 2215.75
426 22.1859 229.707 7.74376 913.651 0 2215.74
427 22.3212 229.635 7.71178 913.653 0 2215.73
428 22.4086 229.601 7.67953 913.654 0 2215.73
429 22.4547 229.6 7.64702 913.656 0 2215.72
430 22.4762 229.615 7.61426 913.658 0 2215.72
431 22.4956 229.623 7.58127 913.66 0 2215.72
432 22.5343 229.602 7.54803 913.662 0 2215.73
433 22.6061 229.538 7.51454 913.664 0 2215.73
434 22.7131 229.429 7.48079 913.665 0 2215.74
435 22.8448 229.286 7.44679 913.666 0 2215.75
436 22.9808 229.128 7.41255 913.668 0 2215.76
437 23.0963 228.981 7.37807 913.669 0 2215.78
438 23.1693 228.867 7.34338 913.671 0 2215.79
439 23.1869 228.798 7.3085 913.674 0 2215.81
440 23.1493 228.776 7.27345 913.677 0 2215.83
441 23.0698 228.785 7.23826 913.68 0 2215.86
442 22.9717 228.803 7.20293 913.683 0 2215.89
443 22.8817 228.803 7.16749 913.686 0 2215.92
444 22.8225 228.761 7.13195 913.69 0 2215.95
445 22.8066 228.664 7.09631 913.693 0 2215.99
446 22.8326 228.514 7.06058 913.696 0 2216.03
447 22.8854 228.327 7.02477 913.699 0 2216.08
448 22.9402 228.126 6.9889 913.703 0 2216.13
449 22.9689 227.942 6.95297 913.706 0 2216.18
450 22.9479 227.799 6.917 913.711 0 2216.23
451 22.864 227.71 6.88101 913.715 0 2216.29
452 22.7176 227.675 6.84499 913.72 0 2216.34
453 22.5224 227.683 6.80896 913.726 0 2216.4
454 22.3011 227.71 6.77291 913.731 0 2216.46
455 22.0795 227.731 6.73687 913.737 0 2216.53
456 21.8791 227.725 6.70082 913.743 0 2216.59
457 21.7124 227.678 6.66478 913.748 0 2216.66
458 21.58 227.591 6.62875 913.754 0 2216.73
459 21.4714 227.474 6.59274 913.759 0 2216.8
460 21.3688 227.345 6.55677 913.764 0 2216.87
461 21.2523 227.225 6.52083 913.77 0 2216.94
462 21.1055 227.13 6.48493 913.776 0 2217.01
463 20.9189 227.071 6.44908 913.781 0 2217.09
464 20.6919 227.048 6.41328 913.788 0 2217.17
465 20.4313 227.056 6.37751 913.794 0 2217.24
466 20.1484 227.083 6.34179 913.801 0 2217.32
467 19.8551 227.118 6.3061 913.807 0 2217.41
468 19.5613 227.152 6.27044 913.814 0 2217.49
469 19.2724 227.179 6.23483 913.82 0 2217.58
470 18.9903 227.198 6.19926 913.826 0 2217.66
471 18.7146 227.209 6.16374 913.832 0 2217.75
472 18.4454 227.215 6.12828 913.838 0 2217.84
473 18.1843 227.213 6.09289 913.844 0 2217.93
474 17.9357 227.199 6.05757 913.849 0 2218.02
475 17.7054 227.167 6.02232 913.854 0 2218.12
476 17.4979 227.114 5.98714 913.858 0 2218.21
477 17.3145 227.037 5.95204 913.863 0 2218.3
478 17.1505 226.942 5.91701 913.866 0 2218.39
479 16.9958 226.838 5.88206 913.87 0 2218.49
480 16.8362 226.741 5.8472 913.874 0 2218.58
481 16.6575 226.664 5.81244 913.877 0 2218.67
482 16.4496 226.619 5.77779 913.88 0 2218.76
483 16.21 226.609 5.74325 913.884 0 2218.85
484 15.9454 226.628 5.70883 913.887 0 2218.95
485 15.6704 226.66 5.67455 913.891 0 2219.04
486 15.4044 226.687 5.64039 913.894 0 2219.13
487 15.1655 226.69 5.60637 913.896 0 2219.22
488 14.9656 226.656 5.57248 913.899 0 2219.31
489 14.8066 226.583 5.53873 913.901 0 2219.4
490 14.6796 226.48 5.50511 913.902 0 2219.5
491 14.5668 226.365 5.47163 913.904 0 2219.59
492 14.447 226.26 5.43831 913.905 0 2219.68
493 14.3013 226.183 5.40514 913.906 0 2219.77
494 14.1189 226.148 5.37214 913.908 0 2219.86
495 13.9002 226.153 5.3393 913.909 0 2219.95
496 13.657 226.188 5.30663 913.91 0 2220.04
497 13.4092 226.233 5.27413 913.912 0 2220.13
498 13.1791 226.266 5.24179 913.913 0 2220.21
499 12.9852 226.266 5.20962 913.914 0 2220.3
500 12.8371 226.225 5.17761 913.914 0 2220.38
501 12.7332 226.144 5.14578 913.914 0 2220.46
502 12.6616 226.034 5.11412 913.914 0 2220.54
503 12.604 225.914 5.08264 913.914 0 2220.62
504 12.5409 225.804 5.05135 913.913 0 2220.7
505 12.4572 225.719 5.02027 913.913 0 2220.77
506 12.3463 225.667 4.98941 913.912 0 2220.84
507 12.2102 225.644 4.95877 913.912 0 2220.91
508 12.0586 225.642 4.92837 913.912 0 2220.98
509 11.9044 225.647 4.89821 913.912 0 2221.05
510 11.7595 225.648 4.8683 913.912 0 2221.11
511 11.6306 225.637 4.83866 913.912 0 2221.18
512 11.5178 225.614 4.80929 913.911 0 2221.24
513 11.4152 225.585 4.78019 913.911 0 2221.3
514 11.3141 225.559 4.75138 913.911 0 2221.36
515 11.2063 225.545 4.72285 913.91 0 2221.41
516 11.0881 225.546 4.69462 913.909 0 2221.47
517 10.9617 225.561 4.66669 913.909 0 2221.52
518 10.8348 225.582 4.63905 913.908 0 2221.57
519 10.7182 225.598 4.61172 913.907 0 2221.61
520 10.6219 225.597 4.58469 913.906 0 2221.66
521 10.5517 225.576 4.55798 913.904 0 2221.7
522 10.5067 225.533 4.53158 913.903 0 2221.74
523 10.4796 225.476 4.50553 913.901 0 2221.78
524 10.4589 225.418 4.47981 913.899 0 2221.81
525 10.4329 225.369 4.45445 913.897 0 2221.85
526 10.3937 225.338 4.42947 913.895 0 2221.88
527 10.3397 225.326 4.40485 913.892 0 2221.91
528 10.2764 225.329 4.38062 913.89 0 2221.93
529 10.2147 225.334 4.35678 913.888 0 2221.96
530 10.1669 225.329 4.33334 913.885 0 2221.98
531 10.1429 225.304 4.31029 913.882 0 2222
532 10.1459 225.256 4.28764 913.879 0 2222.02
533 10.1719 225.187 4.26541 913.876 0 2222.04
534 10.2098 225.11 4.2436 913.873 0 2222.05
535 10.2456 225.039 4.22222 913.87 0 2222.06
536 10.2665 224.987 4.20128 913.866 0 2222.08
537 10.2654 224.961 4.18079 913.863 0 2222.08
538 10.2435 224.96 4.16076 913.86 0 2222.09
539 10.2104 224.975 4.14118 913.857 0 2222.09
540 10.1812 224.991 4.12207 913.853 0 2222.09
541 10.1725 224.989 4.10344 913.85 0 2222.09
542 10.1976 224.957 4.08529 913.846 0 2222.09
543 10.2625 224.889 4.06762 913.841 0 2222.08
544 10.3645 224.787 4.05047 913.837 0 2222.08
545 10.4936 224.661 4.03383 913.832 0 2222.07
546 10.6358 224.525 4.01773 913.827 0 2222.05
547 10.7769 224.393 4.00217 913.822 0 2222.04
548 10.9073 224.276 3.98717 913.817 0 2222.02
549 11.0236 224.176 3.97273 913.812 0 2222
550 11.1282 224.09 3.95886 913.807 0 2221.98
551 11.2277 224.013 3.94556 913.802 0 2221.96
552 11.3286 223.936 3.93282 913.797 0 2221.94
553 11.4344 223.856 3.92066 913.792 0 2221.91
554 11.543 223.776 3.90906 913.787 0 2221.89
555 11.6478 223.701 3.89804 913.782 0 2221.86
556 11.7394 223.642 3.8876 913.778 0 2221.83
557 11.8097 223.606 3.87773 913.774 0 2221.8
558 11.8556 223.598 3.86844 913.77 0 2221.76
559 11.881 223.612 3.85972 913.766 0 2221.73
560 11.8969 223.638 3.85157 913.762 0 2221.69
561 11.9182 223.661 3.84399 913.758 0 2221.66
562 11.9595 223.665 3.83697 913.754 0 2221.62
563 12.0301 223.641 3.8305 913.75 0 2221.58
564 12.1305 223.589 3.82457 913.745 0 2221.54
565 12.2516 223.517 3.81918 913.741 0 2221.5
566 12.3768 223.443 3.81433 913.737 0 2221.46
567 12.4868 223.386 3.81001 913.733 0 2221.41
568 12.5658 223.362 3.80623 913.728 0 2221.37
569 12.6063 223.379 3.80297 913.725 0 2221.32
570 12.6123 223.433 3.80024 913.721 0 2221.27
571 12.5983 223.508 3.79803 913.718 0 2221.23
572 12.5859 223.583 3.79633 913.714 0 2221.18
573 12.5973 223.636 3.79513 913.71 0 2221.13
574 12.6487 223.649 3.79442 913.707 0 2221.07
575 12.7457 223.617 3.7942 913.702 0 2221.02
576 12.8812 223.548 3.79447 913.698 0 2220.97
577 13.0376 223.459 3.7952 913.694 0 2220.92
578 13.1913 223.375 3.79641 913.689 0 2220.86
579 13.3195 223.318 3.79807 913.685 0 2220.8
580 13.4067 223.304 3.80018 913.681 0 2220.75
581 13.4482 223.338 3.80274 913.678 0 2220.69
582 13.4512 223.412 3.80572 913.674 0 2220.63
583 13.4321 223.51 3.80911 913.671 0 2220.57
584 13.4113 223.611 3.81291 913.668 0 2220.5
585 13.4077 223.695 3.8171 913.665 0 2220.44
586 13.4333 223.75 3.82167 913.662 0 2220.37
587 13.4912 223.774 3.82662 913.658 0 2220.31
588 13.5758 223.771 3.83194 913.655 0 2220.24
589 13.6758 223.754 3.83764 913.651 0 2220.18
590 13.7784 223.734 3.84371 913.647 0 2220.11
591 13.8738 223.723 3.85014 913.643 0 2220.04
592 13.9572 223.724 3.85694 913.639 0 2219.98
593 14.0297 223.736 3.86409 913.635 0 2219.91
594 14.0968 223.753 3.87159 913.632 0 2219.85
595 14.1645 223.77 3.87944 913.628 0 2219.78
596 14.2373 223.781 3.88762 913.625 0 2219.71
597 14.3148 223.786 3.89614 913.621 0 2219.65
598 14.3925 223.79 3.90499 913.618 0 2219.58
599 14.4628 223.802 3.91416 913.615 0 2219.52
600 14.5176 223.829 3.92365 913.612 0 2219.45
601 14.5522 223.875 3.93346 913.609 0 2219.38
602 14.5667 223.942 3.94358 913.607 0 2219.32
603 14.567 224.023 3.954 913.604 0 2219.25
604 14.563 224.108 3.96471 913.602 0 2219.19
605 14.5662 224.186 3.97569 913.6 0 2219.12
606 14.5858 224.246 3.98695 913.598 0 2219.05
607 14.6266 224.284 3.99846 913.596 0 2218.99
608 14.6869 224.302 4.01023 913.593 0 2218.92
609 14.7597 224.307 4.02223 913.591 0 2218.85
610 14.8344 224.31 4.03448 913.589 0 2218.79
611 14.8999 224.321 4.04695 913.587 0 2218.72
612 14.9471 224.35 4.05965 913.585 0 2218.66
613 14.9713 224.401 4.07255 913.584 0 2218.59
614 14.972 224.475 4.08566 913.582 0 2218.53
615 14.9519 224.568 4.09897 913.582 0 2218.46
616 14.916 224.676 4.11247 913.581 0 2218.4
617 14.8688 224.794 4.12616 913.581 0 2218.34
618 14.8141 224.919 4.14002 913.58 0 2218.27
619 14.754 225.048 4.15407 913.58 0 2218.21
620 14.6904 225.179 4.16829 913.58 0 2218.15
621 14.6259 225.31 4.18268 913.58 0 2218.09
622 14.5642 225.438 4.19724 913.58 0 2218.02
623 14.5105 225.556 4.21194 913.58 0 2217.96
624 14.4701 225.661 4.22678 913.58 0 2217.9
625 14.4468 225.747 4.24175 913.579 0 2217.85
626 14.4408 225.815 4.25683 913.579 0 2217.79
627 14.4476 225.869 4.27201 913.578 0 2217.73
628 14.4585 225.917 4.28729 913.577 0 2217.68
629 14.4621 225.972 4.30266 913.577 0 2217.62
630 14.4476 226.044 4.31812 913.576 0 2217.57
631 14.408 226.14 4.33367 913.575 0 2217.51
632 14.3434 226.26 4.3493 913.575 0 2217.46
633 14.2612 226.397 4.36501 913.575 0 2217.41
634 14.1752 226.536 4.38079 913.574 0 2217.36
635 14.1021 226.661 4.39663 913.574 0 2217.32
636 14.057 226.756 4.41252 913.573 0 2217.27
637 14.0491 226.813 4.42846 913.572 0 2217.23
638 14.0785 226.83 4.44443 913.571 0 2217.18
639 14.136 226.819 4.46044 913.57 0 2217.14
640 14.2054 226.794 4.47647 913.569 0 2217.1
641 14.2678 226.776 4.49254 913.567 0 2217.06
642 14.3074 226.781 4.50864 913.566 0 2217.02
643 14.3151 226.817 4.52478 913.565 0 2216.98
644 14.2921 226.885 4.54096 913.565 0 2216.94
645 14.2483 226.973 4.55717 913.564 0 2216.9
646 14.1998 227.065 4.57343 913.564 0 2216.87
647 14.1638 227.144 4.58971 913.564 0 2216.83
648 14.153 227.197 4.60603 913.563 0 2216.79
649 14.1722 227.219 4.62237 913.562 0 2216.76
650 14.217 227.214 4.63875 913.562 0 2216.72
651 14.2753 227.194 4.65515 913.561 0 2216.69
652 14.3316 227.175 4.67159 913.56 0 2216.65
653 14.3724 227.171 4.68805 913.559 0 2216.62
654 14.3906 227.189 4.70454 913.558 0 2216.59
655 14.388 227.226 4.72106 913.558 0 2216.57
656 14.3752 227.272 4.7376 913.557 0 2216.54
657 14.3684 227.311 4.75416 913.556 0 2216.51
658 14.3841 227.325 4.77072 913.555 0 2216.49
659 14.4339 227.303 4.78729 913.554 0 2216.47
660 14.5208 227.242 4.80386 913.553 0 2216.45
661 14.6375 227.149 4.82045 913.552 0 2216.43
662 14.7685 227.04 4.83704 913.55 0 2216.42
663 14.8939 226.937 4.85366 913.549 0 2216.4
664 14.9952 226.857 4.87031 913.548 0 2216.39
665 15.0603 226.812 4.88699 913.547 0 2216.37
666 15.0864 226.807 4.9037 913.546 0 2216.36
667 15.0808 226.833 4.92044 913.546 0 2216.34
668 15.058 226.875 4.93722 913.546 0 2216.33
669 15.0358 226.916 4.95402 913.545 0 2216.31
670 15.0302 226.939 4.97086 913.545 0 2216.3
671 15.0512 226.934 4.98772 913.545 0 2216.29
672 15.1007 226.9 5.00462 913.545 0 2216.28
673 15.173 226.841 5.02155 913.544 0 2216.26
674 15.2574 226.769 5.03852 913.543 0 2216.25
675 15.3418 226.695 5.05553 913.543 0 2216.24
676 15.4167 226.63 5.07258 913.542 0 2216.24
677 15.4776 226.578 5.08969 913.542 0 2216.23
678 15.5257 226.536 5.10683 913.542 0 2216.22
679 15.5665 226.5 5.12402 913.541 0 2216.22
680 15.6073 226.463 5.14125 913.541 0 2216.21
681 15.654 226.417 5.15851 913.541 0 2216.21
682 15.7093 226.361 5.1758 913.541 0 2216.21
683 15.7714 226.297 5.19313 913.541 0 2216.21
684 15.8351 226.229 5.21048 913.541 0 2216.21
685 15.8941 226.166 5.22786 913.541 0 2216.21
686 15.9432 226.112 5.24527 913.542 0 2216.2
687 15.9805 226.07 5.26269 913.542 0 2216.2
688 16.0081 226.037 5.28011 913.543 0 2216.2
689 16.0317 226.008 5.29754 913.544 0 2216.2
690 16.0582 225.976 5.31497 913.545 0 2216.19
691 16.0938 225.935 5.33239 913.546 0 2216.19
692 16.1416 225.881 5.34979 913.547 0 2216.18
693 16.2008 225.815 5.3672 913.548 0 2216.17
694 16.2675 225.742 5.3846 913.549 0 2216.16
695 16.3358 225.666 5.40202 913.55 0 2216.15
696 16.4008 225.593 5.41944 913.551 0 2216.14
697 16.4603 225.525 5.43687 913.553 0 2216.14
698 16.5157 225.46 5.45432 913.554 0 2216.13
699 16.5721 225.392 5.47176 913.556 0 2216.12
700 16.6359 225.315 5.48919 913.558 0 2216.11
701 16.7126 225.223 5.5066 913.56 0 2216.1
702 16.8043 225.113 5.52398 913.562 0 2216.09
703 16.9081 224.989 5.54134 913.565 0 2216.08
704 17.0165 224.858 5.55866 913.568 0 2216.07
705 17.1194 224.73 5.57595 913.571 0 2216.07
706 17.2065 224.616 5.59321 913.574 0 2216.06
707 17.2706 224.524 5.61046 913.578 0 2216.05
708 17.31 224.455 5.62769 913.583 0 2216.04
709 17.3288 224.405 5.6449 913.587 0 2216.03
710 17.3359 224.367 5.66209 913.593 0 2216.02
711 17.3419 224.329 5.67925 913.598 0 2216.01
712 17.3563 224.282 5.69636 913.604 0 2216
713 17.3836 224.221 5.71342 913.61 0 2215.98
714 17.4225 224.148 5.73042 913.617 0 2215.97
715 17.4662 224.07 5.74736 913.623 0 2215.95
716 17.5043 223.997 5.76423 913.631 0 2215.92
717 17.5267 223.94 5.78103 913.638 0 2215.9
718 17.5269 223.905 5.79776 913.646 0 2215.87
719 17.5044 223.893 5.81444 913.655 0 2215.85
720 17.4654 223.898 5.83104 913.664 0 2215.82
721 17.4203 223.908 5.84758 913.673 0 2215.78
722 17.381 223.911 5.86405 913.683 0 2215.75
723 17.3564 223.899 5.88044 913.693 0 2215.72
724 17.3492 223.867 5.89674 913.703 0 2215.68
725 17.3543 223.822 5.91296 913.714 0 2215.65
726 17.3599 223.774 5.92909 913.725 0 2215.61
727 17.3509 223.739 5.94513 913.737 0 2215.58
728 17.3129 223.732 5.96109 913.749 0 2215.54
729 17.2374 223.762 5.97698 913.762 0 2215.5
730 17.1245 223.829 5.99278 913.775 0 2215.46
731 16.9836 223.924 6.00851 913.788 0 2215.42
732 16.8311 224.03 6.02415 913.803 0 2215.38
733 16.6863 224.128 6.03971 913.817 0 2215.34
734 16.5655 224.201 6.05518 913.831 0 2215.3
735 16.4778 224.241 6.07054 913.846 0 2215.26
736 16.4221 224.248 6.0858 913.861 0 2215.21
737 16.3866 224.235 6.10095 913.875 0 2215.17
738 16.3529 224.22 6.11599 913.89 0 2215.12
739 16.2998 224.224 6.13092 913.906 0 2215.07
740 16.2102 224.266 6.14574 913.922 0 2215.03
741 16.0754 224.355 6.16045 913.938 0 2214.98
742 15.8977 224.488 6.17505 913.955 0 2214.92
743 15.6907 224.652 6.18954 913.972 0 2214.87
744 15.4752 224.825 6.20391 913.989 0 2214.82
745 15.2745 224.985 6.21815 914.007 0 2214.77
746 15.1088 225.11 6.23228 914.024 0 2214.71
747 14.9898 225.189 6.24628 914.042 0 2214.66
748 14.919 225.22 6.26016 914.059 0 2214.6
749 14.8871 225.212 6.27393 914.076 0 2214.55
750 14.8773 225.183 6.28759 914.093 0 2214.49
751 14.8696 225.153 6.30115 914.11 0 2214.44
752 14.8458 225.139 6.31461 914.127 0 2214.38
753 14.7936 225.155 6.32799 914.144 0 2214.32
754 14.7087 225.205 6.34127 914.162 0 2214.27
755 14.5951 225.286 6.35448 914.179 0 2214.21
756 14.4629 225.386 6.36762 914.197 0 2214.15
757 14.3253 225.493 6.38068 914.216 0 2214.09
758 14.1946 225.595 6.39369 914.234 0 2214.03
759 14.0799 225.681 6.40665 914.252 0 2213.97
760 13.9852 225.749 6.41957 914.269 0 2213.91
761 13.9094 225.799 6.43248 914.287 0 2213.85
762 13.8479 225.835 6.44538 914.305 0 2213.79
763 13.7938 225.864 6.45828 914.322 0 2213.72
764 13.7405 225.894 6.47119 914.339 0 2213.66
765 13.6829 225.929 6.48412 914.357 0 2213.6
766 13.6176 225.972 6.49708 914.374 0 2213.54
767 13.5433 226.025 6.51006 914.391 0 2213.48
768 13.4592 226.088 6.52306 914.408 0 2213.42
769 13.3653 226.162 6.5361 914.425 0 2213.37
770 13.261 226.246 6.54918 914.442 0 2213.31
771 13.1461 226.342 6.5623 914.459 0 2213.25
772 13.0209 226.45 6.57548 914.476 0 2213.19
773 12.8876 226.567 6.58872 914.492 0 2213.14
774 12.7504 226.688 6.60202 914.509 0 2213.08
775 12.6159 226.809 6.6154 914.525 0 2213.02
776 12.4925 226.92 6.62884 914.541 0 2212.97
777 12.3881 227.014 6.64236 914.557 0 2212.91
778 12.3094 227.083 6.65596 914.572 0 2212.86
779 12.2587 227.126 6.66964 914.586 0 2212.8
780 12.234 227.143 6.6834 914.6 0 2212.75
781 12.2279 227.144 6.69725 914.614 0 2212.69
782 12.2292 227.138 6.71121 914.628 0 2212.64
783 12.2245 227.139 6.7253 914.641 0 2212.58
784 12.2012 227.16 6.73951 914.654 0 2212.53
785 12.1498 227.211 6.75387 914.667 0 2212.47
786 12.0658 227.295 6.7684 914.679 0 2212.42
787 11.951 227.412 6.78309 914.692 0 2212.37
788 11.8129 227.552 6.79797 914.705 0 2212.32
789 11.6633 227.705 6.81305 914.717 0 2212.27
790 11.5162 227.856 6.82832 914.728 0 2212.22
791 11.3851 227.991 6.84381 914.739 0 2212.17
792 11.2809 228.099 6.85952 914.75 0 2212.12
793 11.2102 228.174 6.87545 914.759 0 2212.08
794 11.1746 228.213 6.89162 914.768 0 2212.04
795 11.1708 228.22 6.90802 914.776 0 2212
796 11.1918 228.202 6.92467 914.783 0 2211.96
797 11.2282 228.169 6.94155 914.79 0 2211.93
798 11.2698 228.131 6.95867 914.796 0 2211.89
799 11.3076 228.097 6.97603 914.801 0 2211.86
800 11.3347 228.074 6.99362 914.806 0 2211.83
801 11.3473 228.066 7.01146 914.811 0 2211.8
802 11.345 228.073 7.02953 914.815 0 2211.77
803 11.3302 228.094 7.04785 914.819 0 2211.75
804 11.3081 228.122 7.06643 914.823 0 2211.72
805 11.2853 228.151 7.08527 914.825 0 2211.7
806 11.2689 228.174 7.10437 914.828 0 2211.68
807 11.2651 228.184 7.12376 914.83 0 2211.65
808 11.2785 228.177 7.14342 914.831 0 2211.64
809 11.3113 228.151 7.16336 914.831 0 2211.62
810 11.3627 228.105 7.18359 914.831 0 2211.6
811 11.4293 228.044 7.20411 914.83 0 2211.59
812 11.506 227.972 7.22491 914.829 0 2211.58
813 11.5866 227.895 7.24602 914.827 0 2211.57
814 11.665 227.82 7.26744 914.824 0 2211.57
815 11.7365 227.751 7.28918 914.821 0 2211.56
816 11.7983 227.691 7.31124 914.818 0 2211.56
817 11.85 227.641 7.33365 914.814 0 2211.57
818 11.8929 227.598 7.35639 914.809 0 2211.57
819 11.9299 227.56 7.37948 914.805 0 2211.58
820 11.9643 227.524 7.40291 914.799 0 2211.59
821 11.9991 227.487 7.42667 914.794 0 2211.6
822 12.0365 227.446 7.45076 914.787 0 2211.61
823 12.0778 227.401 7.47516 914.781 0 2211.62
824 12.1235 227.352 7.49987 914.773 0 2211.64
825 12.174 227.297 7.52488 914.766 0 2211.66
826 12.2296 227.237 7.5502 914.757 0 2211.68
827 12.2914 227.17 7.57582 914.749 0 2211.7
828 12.3606 227.096 7.60175 914.739 0 2211.72
829 12.4382 227.014 7.628 914.73 0 2211.75
830 12.5244 226.923 7.65455 914.72 0 2211.77
831 12.6179 226.824 7.68142 914.709 0 2211.8
832 12.7152 226.721 7.70858 914.698 0 2211.83
833 12.8108 226.62 7.73603 914.687 0 2211.86
834 12.8984 226.526 7.76376 914.675 0 2211.89
835 12.9715 226.445 7.79174 914.664 0 2211.92
836 13.0252 226.384 7.81998 914.652 0 2211.96
837 13.0579 226.343 7.84844 914.64 0 2212
838 13.0718 226.319 7.87714 914.628 0 2212.04
839 13.0728 226.308 7.90605 914.615 0 2212.08
840 13.0701 226.299 7.93516 914.603 0 2212.12
841 13.074 226.282 7.96447 914.59 0 2212.16
842 13.0936 226.248 7.99396 914.577 0 2212.21
843 13.1352 226.191 8.0236 914.563 0 2212.26
844 13.2004 226.109 8.05338 914.549 0 2212.31
845 13.2857 226.006 8.08326 914.535 0 2212.36
846 13.3834 225.891 8.11323 914.521 0 2212.41
847 13.4831 225.772 8.14325 914.506 0 2212.47
848 13.5743 225.663 8.1733 914.491 0 2212.52
849 13.6485 225.57 8.20336 914.476 0 2212.58
850 13.7014 225.498 8.23341 914.462 0 2212.64
851 13.7336 225.448 8.26343 914.447 0 2212.69
852 13.7502 225.413 8.29341 914.433 0 2212.75
853 13.7596 225.385 8.32335 914.418 0 2212.81
854 13.7709 225.355 8.35321 914.404 0 2212.87
855 13.7918 225.316 8.383 914.389 0 2212.93
856 13.8268 225.262 8.41268 914.374 0 2212.99
857 13.8758 225.193 8.44225 914.359 0 2213.05
858 13.9345 225.116 8.47169 914.344 0 2213.11
859 13.9958 225.035 8.50097 914.329 0 2213.18
860 14.051 224.961 8.53008 914.314 0 2213.24
861 14.093 224.901 8.55899 914.3 0 2213.3
862 14.1172 224.859 8.58769 914.285 0 2213.36
863 14.1233 224.835 8.61615 914.27 0 2213.43
864 14.1151 224.826 8.64436 914.256 0 2213.49
865 14.0996 224.824 8.67228 914.242 0 2213.55
866 14.0852 224.821 8.69989 914.227 0 2213.62
867 14.0802 224.81 8.72717 914.213 0 2213.68
868 14.0909 224.783 8.75408 914.199 0 2213.74
869 14.1203 224.739 8.78058 914.184 0 2213.8
870 14.1676 224.677 8.80665 914.17 0 2213.87
871 14.2291 224.603 8.83226 914.155 0 2213.93
872 14.2985 224.521 8.85738 914.141 0 2213.99
873 14.3687 224.441 8.882 914.127 0 2214.05
874 14.4329 224.368 8.90609 914.113 0 2214.11
875 14.486 224.308 8.92963 914.099 0 2214.16
876 14.5246 224.265 8.9526 914.085 0 2214.22
877 14.5481 224.238 8.97499 914.072 0 2214.28
878 14.5577 224.226 8.99677 914.059 0 2214.33
879 14.5563 224.227 9.01791 914.047 0 2214.38
880 14.5476 224.236 9.0384 914.034 0 2214.44
881 14.5357 224.249 9.05821 914.022 0 2214.49
882 14.5241 224.264 9.07732 914.011 0 2214.54
883 14.5153 224.277 9.09569 913.999 0 2214.58
884 14.5104 224.287 9.11332 913.988 0 2214.63
885 14.509 224.295 9.13019 913.977 0 2214.68
886 14.5091 224.302 9.14629 913.967 0 2214.73
887 14.5069 224.313 9.1616 913.956 0 2214.77
888 14.4981 224.332 9.17612 913.946 0 2214.81
889 14.4777 224.364 9.18982 913.937 0 2214.86
890 14.4416 224.412 9.2027 913.928 0 2214.9
891 14.3876 224.481 9.21472 913.919 0 2214.94
892 14.3155 224.569 9.22588 913.911 0 2214.98
893 14.2285 224.673 9.23615 913.903 0 2215.02
894 14.1325 224.789 9.24551 913.895 0 2215.05
895 14.0352 224.907 9.25394 913.888 0 2215.09
896 13.9452 225.02 9.26142 913.881 0 2215.12
897 13.8703 225.12 9.26796 913.874 0 2215.15
898 13.8156 225.202 9.27355 913.866 0 2215.19
899 13.7826 225.264 9.27817 913.859 0 2215.22
900 13.7689 225.309 9.28184 913.852 0 2215.24
901 13.7683 225.343 9.28455 913.845 0 2215.27
902 13.773 225.374 9.28629 913.838 0 2215.3
903 13.7747 225.411 9.28707 913.831 0 2215.32
904 13.7672 225.46 9.28687 913.824 0 2215.35
905 13.7481 225.523 9.28569 913.818 0 2215.37
906 13.7192 225.598 9.28352 913.812 0 2215.39
907 13.6865 225.68 9.28034 913.805 0 2215.41
908 13.6586 225.759 9.27616 913.799 0 2215.42
909 13.6451 225.826 9.27097 913.793 0 2215.44
910 13.6533 225.874 9.26476 913.786 0 2215.46
911 13.6873 225.898 9.25754 913.78 0 2215.47
912 13.7462 225.9 9.2493 913.774 0 2215.49
913 13.8245 225.885 9.24005 913.767 0 2215.5
914 13.9132 225.863 9.22979 913.761 0 2215.51
915 14.0025 225.843 9.2185 913.755 0 2215.52
916 14.0833 225.834 9.20618 913.749 0 2215.53
917 14.1499 225.844 9.19283 913.743 0 2215.53
918 14.2011 225.871 9.17843 913.737 0 2215.53
919 14.24 225.914 9.163 913.732 0 2215.54
920 14.2733 225.966 9.14651 913.727 0 2215.54
921 14.309 226.017 9.12898 913.722 0 2215.54
922 14.3545 226.061 9.11042 913.717 0 2215.53
923 14.4145 226.092 9.09083 913.713 0 2215.53
924 14.4899 226.11 9.07023 913.708 0 2215.53
925 14.578 226.117 9.04864 913.704 0 2215.52
926 14.673 226.119 9.02608 913.699 0 2215.51
927 14.7684 226.123 9.00257 913.695 0 2215.51
928 14.8584 226.134 8.97812 913.691 0 2215.5
929 14.9399 226.155 8.95276 913.688 0 2215.49
930 15.0132 226.185 8.9265 913.684 0 2215.48
931 15.0818 226.221 8.89937 913.681 0 2215.47
932 15.1518 226.256 8.87138 913.678 0 2215.46
933 15.2295 226.285 8.84255 913.675 0 2215.45
934 15.32 226.301 8.8129 913.673 0 2215.44
935 15.4256 226.302 8.78245 913.67 0 2215.43
936 15.545 226.29 8.75124 913.668 0 2215.42
937 15.6736 226.269 8.71927 913.665 0 2215.41
938 15.8046 226.246 8.68657 913.663 0 2215.39
939 15.9307 226.229 8.65316 913.661 0 2215.38
940 16.0458 226.223 8.61907 913.66 0 2215.37
941 16.1462 226.231 8.58432 913.658 0 2215.36
942 16.2318 226.255 8.54891 913.657 0 2215.34
943 16.3053 226.29 8.51288 913.657 0 2215.33
944 16.3717 226.332 8.47623 913.656 0 2215.32
945 16.4364 226.375 8.43899 913.656 0 2215.31
946 16.5043 226.414 8.40117 913.656 0 2215.29
947 16.5787 226.445 8.36279 913.656 0 2215.28
948 16.6604 226.467 8.32386 913.656 0 2215.27
949 16.7485 226.481 8.28441 913.657 0 2215.25
950 16.8408 226.489 8.24445 913.657 0 2215.24
951 16.9348 226.494 8.20401 913.658 0 2215.23
952 17.0285 226.497 8.1631 913.659 0 2215.22
953 17.1209 226.499 8.12176 913.66 0 2215.21
954 17.2123 226.5 8.08 913.662 0 2215.21
955 17.3036 226.499 8.03785 913.663 0 2215.2
956 17.3957 226.495 7.99532 913.665 0 2215.19
957 17.4894 226.486 7.95245 913.666 0 2215.19
958 17.5848 226.473 7.90924 913.668 0 2215.18
959 17.6811 226.457 7.86572 913.67 0 2215.18
960 17.7774 226.438 7.8219 913.672 0 2215.18
961 17.8728 226.416 7.77778 913.675 0 2215.17
962 17.9671 226.394 7.73339 913.677 0 2215.17
963 18.0607 226.368 7.68874 913.679 0 2215.17
964 18.1547 226.339 7.64384 913.682 0 2215.17
965 18.2503 226.305 7.59871 913.685 0 2215.17
966 18.3483 226.266 7.55338 913.688 0 2215.18
967 18.4483 226.22 7.50785 913.691 0 2215.18
968 18.5486 226.169 7.46215 913.694 0 2215.18
969 18.6465 226.117 7.41632 913.697 0 2215.19
970 18.7388 226.066 7.37036 913.7 0 2215.2
971 18.8228 226.019 7.32432 913.704 0 2215.21
972 18.8974 225.975 7.2782 913.708 0 2215.22
973 18.9636 225.936 7.23203 913.712 0 2215.23
974 19.0244 225.896 7.18583 913.716 0 2215.25
975 19.0841 225.852 7.13962 913.72 0 2215.26
976 19.1472 225.799 7.09342 913.724 0 2215.28
977 19.2165 225.734 7.04726 913.728 0 2215.3
978 19.2918 225.657 7.00115 913.733 0 2215.33
979 19.3694 225.572 6.95511 913.737 0 2215.35
980 19.4419 225.487 6.90918 913.742 0 2215.38
981 19.5001 225.41 6.86336 913.747 0 2215.4
982 19.5345 225.351 6.8177 913.752 0 2215.43
983 19.5379 225.319 6.77219 913.758 0 2215.46
984 19.5078 225.315 6.72686 913.764 0 2215.49
985 19.447 225.337 6.68174 913.77 0 2215.52
986 19.3637 225.377 6.63682 913.776 0 2215.56
987 19.2701 225.423 6.59213 913.782 0 2215.59
988 19.1795 225.461 6.54768 913.789 0 2215.63
989 19.1035 225.479 6.50347 913.795 0 2215.66
990 19.0487 225.472 6.45951 913.801 0 2215.7
991 19.0159 225.437 6.41581 913.807 0 2215.74
992 18.9987 225.382 6.37237 913.813 0 2215.78
993 18.9858 225.317 6.32921 913.819 0 2215.82
994 18.9634 225.257 6.28632 913.826 0 2215.87
995 18.9181 225.215 6.24371 913.832 0 2215.91
996 18.841 225.201 6.20138 913.839 0 2215.96
997 18.729 225.217 6.15933 913.845 0 2216.01
998 18.5861 225.26 6.11757 913.852 0 2216.05
999 18.4222 225.32 6.07609 913.86 0 2216.11
1000 18.2506 225.385 6.0349 913.867 0 2216.16
1050 11.9018 225.959 4.38715 914.031 0 2219.1
1100 13.3163 224.058 3.79724 913.806 0 2219.53
1150 14.1808 225.668 4.45337 913.643 0 2217.46
1200 13.6708 227.875 5.46929 913.679 0 2216.18
1250 17.4215 225.699 6.09192 913.787 0 2216.13
1300 14.9445 227.475 6.35248 914.356 0 2214.95
1350 14.0741 227.94 6.65498 914.602 0 2213.43
1400 14.782 225.049 7.6065 914.132 0 2214.44
1450 13.474 225.279 8.13136 913.854 0 2214.81
1500 16.0109 225.207 7.51843 913.961 0 2213.24
1550 13.9313 226.139 6.68421 914.359 0 2213.57
1600 12.634 226.079 5.8061 914.306 0 2215.54
1650 15.1707 224.796 5.26093 913.937 0 2216.9
1700 13.1687 227.825 5.06597 913.819 0 2217.51
1750 15.2102 227.587 4.76728 913.892 0 2217.97
1800 16.9408 225.982 4.98947 914.068 0 2218.44
1850 14.7856 227.613 5.53775 914.49 0 2216.15
1900 15.9346 226.097 6.48279 914.491 0 2213.12
1950 13.3812 224.725 7.78642 914.286 0 2212.63
2000 12.4799 224.681 7.92753 914.332 0 2212.29
2050 14.4299 224.985 7.21048 914.675 0 2211.83
2100 13.6888 227.353 6.53322 915.091 0 2212.4
2150 15.6963 227.264 6.11577 914.937 0 2213.51
2200 16.2019 227.051 6.32806 914.622 0 2214.21
2250 13.5488 228.79 6.13958 914.662 0 2214.11
2300 14.9862 227.192 5.3775 914.886 0 2214.5
2350 14.7783 226.041 4.994 915.184 0 2215.23
2400 14.8863 226.707 4.99122 915.542 0 2213.13
2450 15.5566 226.003 5.83736 915.573 0 2210.58
2500 12.7959 226.418 7.00039 915.712 0 2209.37
2550 13.2045 226.066 7.5271 916.065 0 2208.31
2600 14.4053 226.643 7.69561 916.757 0 2207.1
2650 14.9701 228.238 7.62589 917.342 0 2206.04
2700 16.6682 228.261 7.43266 917.474 0 2205.41
2750 15.0262 228.69 7.17141 917.59 0 2205.27
2800 13.707 229.258 6.35243 918.054 0 2204.58
2850 14.9232 228.195 5.49982 918.664 0 2203.89
2900 14.391 228.457 5.25087 919.33 0 2203.05
2950 15.0901 228.661 5.6568 919.951 0 2200.56
3000 14.8605 229.289 6.51017 920.557 0 2197.57
3050 14.3186 229.884 7.10154 921.362 0 2194.81
3100 14.5753 230.061 7.30817 922.4 0 2192.22
3150 14.0307 231.168 7.44996 923.704 0 2189.48
3200 14.2624 232.522 7.58595 924.915 0 2186.47
3250 15.9627 232.47 7.88169 925.993 0 2183.43
3300 15.4233 233.346 7.99091 927.235 0 2180.01
3350 14.2832 234.417 7.59284 928.778 0 2176.31
3400 13.7586 235.1 7.07509 930.443 0 2173.01
3450 13.9311 236.232 6.70616 932.193 0 2169.62
3500 15.2786 237.582 6.68177 934.04 0 2165.12
3550 15.9055 239.312 7.01175 936.153 0 2159.33
3600 15.1384 240.955 7.48894 938.499 0 2153.04
3650 14.3469 242.118 8.00839 941.049 0 2146.67
3700 13.8134 243.884 8.5861 943.723 0 2140.09
3750 14.3042 245.893 9.20385 946.481 0 2133.28
3800 15.2177 248.006 9.73486 949.414 0 2126.26
3850 15.4622 250.429 10.0237 952.689 0 2118.74
3900 15.0794 252.903 10.0358 956.26 0 2110.8
3950 14.6541 255.345 9.96373 959.975 0 2102.55
4000 14.383 257.875 10.0883 963.774 0 2094.08
4050 14.5084 260.708 10.4082 967.724 0 2085.12
4100 14.8121 263.817 10.7934 971.964 0 2075.63
4150 14.8945 267.079 11.1902 976.523 0 2065.76
4200 14.7285 270.456 11.6269 981.347 0 2055.53
4250 14.6351 273.834 12.2391 986.377 0 2044.86
4300 14.6504 277.414 13.0578 991.605 0 2033.6
4350 14.7169 281.099 13.9717 997.051 0 2021.9
4400 14.6859 284.904 14.83 1002.73 0 2009.98
4450 14.5059 288.872 15.5598 1008.61 0 1998.03
4500 14.5416 292.768 16.1935 1014.66 0 1986.09
4550 14.6791 296.698 16.8084 1020.89 0 1974.02
4600 14.5472 300.844 17.4759 1027.33 0 1961.77
4650 14.4777 305.005 18.2101 1033.96 0 1949.39
4700 14.5752 309.125 19.0292 1040.8 0 1936.79
4750 14.5619 313.283 19.9831 1047.83 0 1924.04
4800 14.5359 317.434 21.0685 1055.08 0 1911.06
4850 14.3877 321.856 22.2409 1062.56 0 1897.8
4900 14.4248 326.331 23.4606 1070.27 0 1884.28
4950 14.5195 330.826 24.7159 1078.18 0 1870.66
5000 14.3883 335.341 26.0458 1086.23 0 1857.11
5050 14.3732 339.707 27.4136 1094.33 0 1843.7
5100 14.2952 344.089 28.7882 1102.49 0 1830.53
5150 14.2625 348.304 30.1583 1110.71 0 1817.73
5200 14.4759 352.148 31.4948 1118.93 0 1805.37
5250 14.35 355.837 32.8636 1127.18 0 1793.5
5300 14.2264 359.375 34.3005 1135.43 0 1781.91
5350 14.3159 362.925 35.8174 1143.76 0 1770.26
5400 14.1661 366.752 37.4569 1152.13 0 1758.61
5450 14.2609 370.26 39.2305 1160.49 0 1747.19
5500 14.4416 373.4 41.1626 1168.76 0 1736.18
5550 14.1061 376.57 43.2099 1176.89 0 1725.65
5600 14.318 379.638 45.1596 1184.86 0 1715.22
5650 14.4366 382.972 47.0071 1192.66 0 1704.96
5700 13.9311 386.321 48.835 1200.1 0 1695.49
5750 14.1245 389.149 50.5019 1206.97 0 1686.99
5800 14.5255 392.053 51.9138 1213.29 0 1679.24
5850 14.8132 394.706 53.2307 1218.76 0 1672.45
5900 14.9875 396.593 54.4931 1223.04 0 1667.08
5950 14.5555 398.183 55.4562 1225.78 0 1663.71
6000 15.0256 398.389 55.8682 1226.65 0 1662.88
6050 15.4867 397.168 55.8766 1225.68 0 1664.78
6100 15.115 395.471 55.4312 1223.12 0 1668.65
6150 15.2052 393.158 54.5739 1219.33 0 1673.6
6200 14.8766 391.174 53.5497 1214.49 0 1679.39
6250 14.7635 389.152 52.4278 1208.78 0 1685.89
6300 15.1819 386.577 51.2602 1202.25 0 1693.37
6350 15.1773 383.774 49.985 1195.05 0 1701.83
6400 14.82 380.685 48.625 1187.45 0 1711.05
6450 14.7267 377.293 47.0691 1179.57 0 1720.93
6500 14.7145 373.892 45.3337 1171.51 0 1731.33
6550 14.7768 370.4 43.5282 1163.36 0 1742.2
6600 14.8748 366.777 41.6309 1155.19 0 1753.39
6650 14.7252 363.395 39.6737 1147.16 0 1764.53
6700 14.6096 359.88 37.8685 1139.24 0 1775.68
6750 14.4463 356.547 36.2193 1131.47 0 1786.68
6800 14.517 353.142 34.6919 1123.75 0 1797.74
6850 14.7546 349.448 33.287 1116.06 0 1809.04
6900 14.6632 345.737 31.9456 1108.4 0 1820.61
6950 14.531 341.841 30.641 1100.85 0 1832.33
7000 14.5365 337.76 29.3683 1093.42 0 1844.17
7050 14.4269 333.761 28.1376 1086.14 0 1856.09
7100 14.5809 329.533 26.961 1078.98 0 1868.07
7150 14.6152 325.205 25.8413 1071.95 0 1880.15
7200 14.3066 321.062 24.8099 1065.14 0 1892.13
7250 14.3338 316.821 23.8242 1058.55 0 1903.97
7300 14.5436 312.74 22.8155 1052.22 0 1915.51
7350 14.6125 308.897 21.8538 1046.16 0 1926.67
7400 14.4884 305.321 20.9899 1040.45 0 1937.25
7450 14.3735 302.025 20.2268 1035.1 0 1947.16
7500 14.2571 299.147 19.6009 1030.12 0 1956.4
7550 14.4705 296.51 19.0702 1025.46 0 1964.97
7600 14.5881 294.097 18.6142 1021.08 0 1973.11
7650 14.535 291.765 18.1841 1016.97 0 1980.93
7700 14.4418 289.562 17.7244 1013.13 0 1988.38
7750 14.3094 287.453 17.321 1009.54 0 1995.53
7800 14.3326 285.425 16.9978 1006.18 0 2002.38
7850 14.5212 283.535 16.7015 1003.1 0 2008.79
7900 14.6834 281.709 16.4324 1000.31 0 2014.77
7950 14.5178 280.175 16.2361 997.848 0 2020.2
8000 14.5475 278.841 16.0499 995.761 0 2024.8
8050 14.6743 277.777 15.9382 994.059 0 2028.53
8100 14.5993 277.031 15.9708 992.797 0 2031.38
8150 14.5433 276.794 16.0568 992.023 0 2033.09
8200 14.8212 276.707 16.2061 991.732 0 2033.72
8250 14.705 276.956 16.4538 991.87 0 2033.57
8300 14.6283 277.565 16.7126 992.504 0 2032.34
8350 14.7731 278.566 16.9453 993.611 0 2030.01
8400 14.8485 279.865 17.1605 995.232 0 2026.71
8450 14.8219 281.516 17.3562 997.339 0 2022.38
8500 14.7502 283.329 17.5678 999.89 0 2017.17
8550 14.685 285.395 17.8345 1002.8 0 2011.09
8600 14.6282 287.708 18.1797 1006.1 0 2004.21
8650 14.5548 290.353 18.5576 1009.8 0 1996.59
8700 14.6849 293.108 18.955 1013.83 0 1988.41
8750 14.7743 295.859 19.3978 1018.14 0 1979.87
8800 14.7439 298.639 19.8793 1022.67 0 1970.97
8850 14.5925 301.34 20.4187 1027.32 0 1961.97
8900 14.4638 304.108 20.9764 1032.14 0 1952.79
8950 14.4495 306.916 21.5571 1037.18 0 1943.49
9000 14.6431 309.782 22.1388 1042.4 0 1933.97
9050 14.8885 312.618 22.7471 1047.82 0 1924.16
9100 14.4409 315.763 23.4668 1053.44 0 1914.18
9150 14.3335 318.944 24.1709 1059.2 0 1903.93
9200 14.4015 322.302 24.8705 1065.14 0 1893.56
9250 14.5876 325.642 25.555 1071.28 0 1883.17
9300 14.748 328.995 26.2226 1077.55 0 1872.66
9350 14.5011 332.375 27.0167 1083.86 0 1862.18
9400 14.1867 335.798 27.8985 1090.18 0 1851.76
9450 14.3228 339.223 28.826 1096.5 0 1841.33
9500 14.4907 342.629 29.8152 1102.8 0 1831.2
9550 14.5417 345.932 30.8292 1109.1 0 1821.35
9600 14.6408 349.097 31.8308 1115.29 0 1811.7
9650 14.37 352.181 32.9083 1121.28 0 1802.55
9700 14.0619 355.01 34.0653 1126.95 0 1794.16
9750 14.4099 357.345 35.1552 1132.28 0 1786.54
9800 14.689 359.371 36.2536 1137.31 0 1779.72
9850 14.5152 361.314 37.3728 1142.02 0 1773.53
9900 14.3447 363.177 38.4499 1146.38 0 1767.77
9950 14.0491 365.171 39.5337 1150.34 0 1762.64
10000 14.4718 366.832 40.5305 1153.84 0 1758.18
10050 14.8504 368.467 41.5066 1156.89 0 1754.29
10100 14.7693 370.183 42.4536 1159.41 0 1750.84
10150 14.4818 371.572 43.3368 1161.29 0 1748.18
10200 14.329 372.625 44.0386 1162.42 0 1746.57
10250 14.4697 373.396 44.5748 1162.7 0 1746.2
10300 14.9506 373.835 44.9612 1162.2 0 1746.81
10350 14.8369 374.55 45.2017 1160.91 0 1748.18
10400 15.0549 374.738 45.1183 1158.82 0 1750.34
10450 14.919 374.486 44.7011 1155.86 0 1753.8
10500 14.5782 373.544 44.0325 1152.11 0 1758.77
10550 14.4725 371.546 43.2763 1147.51 0 1765.45
10600 14.5101 369.398 42.3906 1142.21 0 1773.16
10650 15.1796 366.682 41.3167 1136.28 0 1781.62
10700 14.9464 363.891 40.2169 1129.91 0 1790.83
10750 14.7317 360.266 39.0035 1123.3 0 1800.8
10800 14.504 356.459 37.6151 1116.64 0 1811.22
10850 14.4784 352.661 36.1897 1110.06 0 1821.63
10900 14.5427 349.091 34.7981 1103.53 0 1831.92
10950 14.8857 345.432 33.4106 1097.09 0 1842.01
11000 14.6706 341.734 32.1157 1090.75 0 1852.29
11050 14.6348 337.825 30.7713 1084.64 0 1862.38
11100 14.4423 334.162 29.4591 1078.83 0 1872.11
11150 14.404 330.756 28.2184 1073.32 0 1881.35
11200 14.6012 327.553 27.052 1068.04 0 1890.13
11250 14.6972 324.465 26.0116 1062.95 0 1898.65
11300 14.7949 321.297 25.0321 1058.06 0 1906.87
11350 14.5471 318.231 24.1238 1053.44 0 1914.83
11400 14.4282 315.213 23.2583 1049.09 0 1922.46
11450 14.4742 312.202 22.467 1044.92 0 1929.95
11500 14.5139 309.337 21.7527 1040.93 0 1937.26
11550 14.6587 306.447 21.126 1037.15 0 1944.25
11600 14.5933 303.733 20.5727 1033.66 0 1950.82
11650 14.4292 301.32 20.0567 1030.51 0 1956.85
11700 14.4636 299.127 19.6144 1027.69 0 1962.25
11750 14.5512 297.24 19.281 1025.15 0 1967.04
11800 14.5245 295.743 19.0494 1022.91 0 1971.21
11850 14.5848 294.484 18.829 1021.02 0 1974.77
11900 14.3838 293.65 18.6387 1019.53 0 1977.74
11950 14.3722 293.16 18.4862 1018.41 0 1979.94
12000 14.4188 293.133 18.4833 1017.65 0 1981.38
12050 14.3706 293.552 18.6639 1017.23 0 1982.12
12100 14.6737 294.203 18.8964 1017.14 0 1982.09
12150 14.6986 295.193 19.1748 1017.44 0 1981.41
12200 14.3237 296.523 19.5267 1018.11 0 1980.15
12250 14.2378 297.95 19.975 1019.09 0 1978.34
12300 14.3991 299.629 20.6165 1020.36 0 1975.9
12350 14.7731 301.38 21.4508 1021.97 0 1972.77
12400 14.8954 303.364 22.355 1023.96 0 1968.96
12450 14.4806 305.488 23.2484 1026.33 0 1964.71
12500 14.5294 307.529 24.0364 1029.1 0 1959.77
12550 14.7129 309.789 24.8773 1032.26 0 1954.08
12600 14.596 312.35 25.8967 1035.79 0 1947.62
12650 14.659 315.055 26.9567 1039.73 0 1940.27
12700 14.737 317.89 27.979 1044.08 0 1932.27
12750 14.8272 320.814 28.9101 1048.76 0 1923.67
12800 14.6086 323.849 29.8719 1053.73 0 1914.66
12850 14.2403 327.052 30.9008 1058.9 0 1905.36
12900 14.6189 330.167 31.8765 1064.29 0 1895.58
12950 15.1244 333.168 32.8235 1069.88 0 1885.52
13000 14.7049 336.168 33.8093 1075.49 0 1875.67
13050 14.3582 338.637 34.724 1080.89 0 1866.43
13100 14.4183 340.802 35.5198 1086.06 0 1857.75
13150 14.6293 342.75 36.2376 1091.04 0 1849.68
13200 15.0213 344.09 36.9707 1095.71 0 1842.21
13250 14.8533 345.161 37.705 1100.07 0 1835.35
13300 14.4198 346.102 38.3094 1104.06 0 1829.18
13350 14.3692 346.699 38.7765 1107.63 0 1823.77
13400 14.5152 347.247 39.0685 1110.86 0 1819.06
13450 14.9048 347.667 39.2011 1113.76 0 1814.79
13500 14.5797 348.135 39.4295 1116.36 0 1811.08
13550 14.367 348.629 39.5966 1118.62 0 1807.66
13600 14.5994 349.144 39.6401 1120.53 0 1804.49
13650 14.6709 349.618 39.727 1122.1 0 1801.87
13700 14.5338 350.033 39.7954 1123.27 0 1799.91
13750 14.7219 350.099 39.7233 1124.02 0 1798.58
13800 14.5443 350.053 39.6904 1124.24 0 1798.11
13850 14.38 349.856 39.6815 1123.96 0 1798.34
13900 14.5809 349.408 39.5696 1123.14 0 1799.36
13950 14.5737 348.698 39.4376 1121.77 0 1801.46
14000 14.5493 347.597 39.2481 1119.94 0 1804.49
14050 14.549 346.274 39.0163 1117.68 0 1808.22
14100 14.4469 344.925 38.8349 1115.01 0 1812.48
14150 14.4592 343.563 38.6462 1112.01 0 1817.13
14200 14.6824 342.087 38.3805 1108.74 0 1822.2
14250 14.7375 340.568 37.993 1105.17 0 1827.79
14300 14.7461 338.836 37.5313 1101.35 0 1833.75
14350 14.4096 337.095 37.1228 1097.33 0 1840.03
14400 14.3317 335.237 36.7104 1093.12 0 1846.57
14450 14.5385 333.17 36.3096 1088.74 0 1853.5
14500 14.5201 331.153 35.9526 1084.24 0 1860.75
14550 14.5615 329.149 35.5001 1079.64 0 1868.19
14600 14.7168 326.992 34.9437 1074.9 0 1875.9
14650 14.3593 324.808 34.39 1070.13 0 1884.02
14700 14.2999 322.47 33.734 1065.35 0 1892.38
14750 14.5687 320.002 33.0078 1060.52 0 1900.99
14800 14.5168 317.6 32.3455 1055.64 0 1909.88
14850 14.7882 314.919 31.6559 1050.73 0 1918.79
14900 14.567 312.198 31.0202 1045.83 0 1927.9
14950 14.4124 309.309 30.4055 1041.03 0 1936.95
15000 14.5967 306.293 29.737 1036.38 0 1945.85
15050 14.7256 303.392 29.0288 1031.86 0 1954.57
15100 14.9428 300.404 28.2951 1027.5 0 1962.95
15150 14.9251 297.411 27.5564 1023.35 0 1970.89
15200 14.5105 294.611 26.8261 1019.55 0 1978.29
15250 14.3588 291.886 26.1234 1016.09 0 1985.08
15300 14.5543 289.484 25.4129 1012.96 0 1991.16
15350 14.8299 287.32 24.6694 1010.2 0 1996.62
15400 14.8872 285.178 23.9852 1007.81 0 2001.53
15450 14.7512 283.377 23.3642 1005.82 0 2005.48
15500 14.4399 281.971 22.9382 1004.2 0 2008.5
15550 14.3765 280.737 22.7205 1002.94 0 2010.76
15600 14.5666 279.722 22.6078 1002.01 0 2012.41
15650 14.7021 278.84 22.5499 1001.38 0 2013.65
15700 14.7954 278.052 22.5468 1001.02 0 2014.4
15750 14.7854 277.438 22.6294 1000.87 0 2014.53
15800 14.549 276.966 22.7974 1000.94 0 2014.25
15850 14.3324 276.825 22.9715 1001.26 0 2013.51
15900 14.3443 276.907 23.1334 1001.81 0 2012.44
15950 14.6731 277.003 23.3383 1002.6 0 2011.04
16000 14.929 277.27 23.6316 1003.6 0 2009.13
16050 14.7669 277.72 24.0646 1004.8 0 2006.66
16100 14.3353 278.41 24.5851 1006.21 0 2003.77
16150 14.1511 279.431 25.1001 1007.9 0 2000.44
16200 14.5307 280.705 25.6498 1009.88 0 1996.52
16250 14.8373 282.205 26.4232 1012.19 0 1991.94
16300 14.6717 284.007 27.421 1014.77 0 1986.74
16350 14.6381 285.875 28.4952 1017.61 0 1980.82
16400 14.3436 287.993 29.6634 1020.72 0 1974.53
16450 14.3608 290.216 30.7732 1024.12 0 1967.92
16500 14.9342 292.447 31.7223 1027.77 0 1960.86
16550 14.7106 294.858 32.8315 1031.66 0 1953.62
16600 14.3109 297.345 34.0418 1035.68 0 1946.06
16650 14.4402 299.924 35.2349 1039.83 0 1938.03
16700 14.4481 302.377 36.6519 1044.16 0 1930.02
16750 14.6424 304.893 38.0118 1048.72 0 1921.71
16800 14.948 307.308 39.2891 1053.44 0 1913.21
16850 14.532 309.847 40.7365 1058.2 0 1904.68
16900 14.3056 312.401 42.2038 1062.95 0 1896.01
16950 14.2412 314.994 43.7384 1067.71 0 1887.44
17000 14.7389 317.265 45.2406 1072.55 0 1878.94
17050 14.779 319.702 46.6921 1077.45 0 1870.52
17100 14.6253 321.872 48.125 1082.27 0 1862.33
17150 14.3908 323.996 49.5607 1086.98 0 1854.3
17200 14.1464 325.982 50.9797 1091.51 0 1846.86
17250 14.4819 327.891 52.2075 1095.94 0 1839.71
17300 14.8602 329.736 53.3486 1100.31 0 1832.82
17350 14.7831 331.482 54.5338 1104.49 0 1826.26
17400 14.2927 333.251 55.7717 1108.31 0 1820.15
17450 14.2543 334.745 56.9468 1111.79 0 1814.57
17500 14.6723 336.19 57.9965 1114.95 0 1809.4
17550 14.9433 337.328 58.9557 1117.73 0 1805.02
17600 14.7468 338.338 59.7143 1120.06 0 1801.44
17650 14.6485 339.005 60.3723 1121.87 0 1798.44
17700 14.5029 339.371 61.0673 1123.08 0 1796.26
17750 14.4877 339.554 61.6812 1123.68 0 1794.91
17800 14.6587 339.223 62.1861 1123.67 0 1794.73
17850 14.6787 338.453 62.6421 1123.06 0 1795.68
17900 14.5968 337.547 62.9767 1121.91 0 1797.39
17950 14.7105 336.465 63.0874 1120.28 0 1799.73
18000 14.694 335.188 63.0011 1118.17 0 1802.91
18050 14.4951 333.735 62.7337 1115.64 0 1806.92
18100 14.4463 332.091 62.3072 1112.78 0 1811.57
18150 14.5848 330.473 61.6871 1109.6 0 1816.71
18200 14.714 328.735 61.0189 1106.05 0 1822.37
18250 14.6085 326.731 60.3565 1102.19 0 1828.67
18300 14.8565 324.54 59.5304 1098.06 0 1835.18
18350 14.7129 322.281 58.7187 1093.75 0 1842.03
18400 14.4851 319.994 57.8915 1089.31 0 1849.04
18450 14.3897 317.659 57.0473 1084.78 0 1856.21
18500 14.2683 315.363 56.2458 1080.2 0 1863.68
18550 14.7545 312.972 55.31 1075.54 0 1871.18
18600 14.7379 310.511 54.4233 1070.82 0 1879.08
18650 14.2698 307.916 53.6236 1066.09 0 1887.31
18700 14.441 305.324 52.6136 1061.41 0 1895.41
18750 14.765 302.602 51.5183 1056.79 0 1903.69
18800 14.8548 299.802 50.3255 1052.27 0 1912.09
18850 14.7967 297.132 49.0559 1047.95 0 1920.01
18900 14.2856 294.712 47.9835 1043.88 0 1927.47
18950 14.045 292.445 47.037 1040.1 0 1934.48
19000 14.5406 290.357 46.007 1036.58 0 1941.03
19050 15.2225 288.27 44.8378 1033.27 0 1947.3
19100 14.7813 286.354 43.731 1030.16 0 1953.47
19150 14.2521 284.495 42.6557 1027.29 0 1959.15
19200 14.3396 282.645 41.6169 1024.62 0 1964.34
19250 14.5975 280.842 40.7324 1022.09 0 1969.35
19300 14.8651 279.058 39.9687 1019.67 0 1974.03
19350 14.6581 277.238 39.4065 1017.4 0 1978.5
19400 14.3719 275.484 38.9613 1015.31 0 1982.61
19450 14.3877 273.92 38.5174 1013.43 0 1986.3
19500 14.3307 272.544 38.2187 1011.73 0 1989.83
19550 14.5771 271.439 37.9399 1010.24 0 1992.88
19600 14.9758 270.547 37.545 1008.97 0 1995.41
19650 14.6933 269.843 37.2081 1007.96 0 1997.58
19700 14.2704 269.365 36.9243 1007.17 0 1999.25
19750 14.3383 269.023 36.7202 1006.6 0 2000.37
19800 14.5829 268.812 36.6782 1006.19 0 2001.14
19850 14.6909 268.816 36.7717 1005.96 0 2001.52
19900 14.5434 268.977 36.9659 1005.89 0 2001.57
19950 14.3858 269.262 37.2438 1005.94 0 2001.32
20000 14.4159 269.637 37.5635 1006.14 0 2000.82
20050 14.5424 270.117 37.8559 1006.51 0 2000.21
20100 14.8345 270.609 38.1032 1007.03 0 1999.36
20150 15.1106 271.09 38.3418 1007.64 0 1998.06
20200 14.4693 271.669 38.7136 1008.33 0 1996.7
20250 14.0669 272.21 39.0845 1009.16 0 1995.11
20300 14.3097 272.88 39.4573 1010.15 0 1993.2
20350 14.5507 273.908 39.9828 1011.28 0 1991.03
20400 15.2449 274.828 40.5544 1012.58 0 1988.25
20450 14.8922 275.924 41.2508 1014.1 0 1985.14
20500 14.2894 277.004 41.9517 1015.78 0 1981.71
20550 14.5023 278.12 42.567 1017.61 0 1977.74
20600 14.4285 279.455 43.4373 1019.6 0 1973.59
20650 14.2613 281.032 44.4252 1021.79 0 1969.22
20700 14.9569 282.601 45.1441 1024.23 0 1964.35
20750 15.1845 284.244 45.7135 1026.85 0 1959.4
20800 14.7297 285.822 46.2635 1029.53 0 1954.36
20850 14.312 287.27 46.8435 1032.15 0 1949.25
20900 14.1423 288.734 47.5477 1034.73 0 1944.2
20950 14.4213 290.177 48.3102 1037.34 0 1939.2
21000 15.018 291.549 48.9481 1040.09 0 1934.11
21050 15.2754 292.755 49.543 1042.94 0 1928.84
21100 14.5188 294.234 50.1923 1045.8 0 1923.43
21150 14.2134 295.605 50.7995 1048.62 0 1917.85
21200 14.0627 297.189 51.5268 1051.41 0 1912.38
21250 14.3717 298.731 52.3544 1054.21 0 1907.06
21300 14.7269 300.374 53.1726 1057.1 0 1901.81
21350 14.9427 302.052 53.9051 1060.06 0 1896.47
21400 14.7231 303.714 54.6012 1062.98 0 1891.18
21450 14.4265 305.186 55.2632 1065.74 0 1886.14
21500 14.2319 306.564 55.8303 1068.42 0 1881.52
21550 14.3774 307.936 56.2736 1071.09 0 1877.16
21600 14.8146 309.394 56.5528 1073.74 0 1872.87
21650 14.7831 310.923 56.8482 1076.37 0 1868.71
21700 14.4663 312.263 57.289 1078.86 0 1864.72
21750 14.2685 313.817 57.6728 1081.19 0 1860.81
21800 14.4339 315.344 57.998 1083.33 0 1857.25
21850 14.5697 316.686 58.4103 1085.3 0 1854.18
21900 14.468 318.081 58.9268 1087.08 0 1851.4
21950 14.7196 319.513 59.3803 1088.71 0 1848.53
22000 14.7904 320.917 59.7854 1090.13 0 1845.95
22050 14.3618 322.264 60.1863 1091.34 0 1843.88
22100 14.3565 323.335 60.4557 1092.28 0 1842.26
22150 14.5534 324.472 60.581 1092.96 0 1841.06
22200 14.6871 325.455 60.7543 1093.43 0 1840.19
22250 14.3569 326.421 61.0208 1093.63 0 1839.86
22300 14.8655 326.863 61.0648 1093.47 0 1839.93
22350 14.7683 327.095 61.0462 1092.92 0 1840.98
22400 14.4004 326.795 61.0028 1091.95 0 1843.02
22450 14.5643 326.167 60.7678 1090.57 0 1845.65
22500 14.9722 325.106 60.4789 1088.79 0 1848.93
22550 15.0018 323.754 60.2132 1086.73 0 1852.64
22600 14.5671 322.475 59.8345 1084.54 0 1856.51
22650 14.3329 321.25 59.2533 1082.32 0 1860.41
22700 14.2271 320.559 58.4904 1080.05 0 1864.29
22750 14.9722 319.618 57.4906 1077.63 0 1868.32
22800 15.1159 318.733 56.4268 1075.07 0 1872.71
22850 15.2285 317.513 55.2245 1072.4 0 1876.92
22900 14.4923 316.294 54.0468 1069.7 0 1881.25
22950 14.1461 314.738 52.8529 1067.01 0 1885.73
23000 14.6744 312.837 51.5475 1064.3 0 1890.3
23050 14.5937 311.022 50.4808 1061.52 0 1895.25
23100 14.7758 308.786 49.4229 1058.76 0 1900.26
23150 14.8301 306.717 48.2285 1056.03 0 1905.09
23200 14.4095 304.605 47.1763 1053.39 0 1909.93
23250 14.0486 302.573 46.2974 1050.89 0 1914.65
23300 14.6204 300.436 45.3992 1048.5 0 1919.11
23350 14.6114 298.663 44.6576 1046.18 0 1923.6
23400 14.7328 296.734 44.0569 1043.9 0 1927.92
23450 14.8206 294.947 43.5159 1041.71 0 1931.74
23500 14.4875 293.348 42.9894 1039.68 0 1935.42
23550 14.3375 291.938 42.3832 1037.82 0 1938.78
23600 14.5793 290.634 41.719 1036.15 0 1941.84
23650 14.645 289.39 41.2198 1034.59 0 1944.78
23700 14.3926 288.422 40.8267 1033.14 0 1947.53
23750 14.5672 287.295 40.4416 1031.71 0 1950.16
23800 14.0479 286.459 40.2423 1030.34 0 1953.14
23850 14.4404 285.527 39.9912 1029 0 1955.95
23900 15.1944 284.415 39.7388 1027.73 0 1958.63
23950 14.4962 283.539 39.7969 1026.49 0 1961.48
24000 13.9387 282.933 39.8638 1025.3 0 1963.93
24050 14.4913 282.437 39.8121 1024.2 0 1965.9
24100 14.6644 282.134 39.9148 1023.17 0 1967.94
24150 14.2762 282.23 40.0935 1022.3 0 1969.83
24200 14.3716 282.355 40.2678 1021.59 0 1971.33
24250 14.6457 282.461 40.4666 1020.96 0 1972.79
24300 14.9585 282.795 40.5898 1020.45 0 1973.78
24350 14.3713 283.235 40.8905 1020.05 0 1974.76
24400 14.4483 283.528 41.0084 1019.74 0 1975.47
24450 14.7261 283.868 41.1186 1019.49 0 1976.03
24500 14.4923 284.175 41.5772 1019.32 0 1976.53
24550 14.5567 284.653 42.1011 1019.27 0 1976.39
24600 14.3656 285.09 42.6821 1019.32 0 1976.39
24650 14.6894 285.247 43.0135 1019.49 0 1976.43
24700 14.7212 285.576 43.1125 1019.79 0 1976.49
24750 14.4541 285.943 43.239 1020.17 0 1976.52
24800 14.8002 286.164 43.2881 1020.61 0 1976.19
24850 15.1009 286.453 43.2324 1021.19 0 1975.48
24900 14.9122 286.893 43.1431 1021.94 0 1974.23
24950 14.4267 287.453 43.1881 1022.73 0 1972.63
25000 14.4534 287.825 43.3611 1023.6 0 1970.77
25050 14.8193 288.218 43.5896 1024.55 0 1968.59
25100 14.7763 288.601 44.0059 1025.54 0 1966.3
25150 14.9661 288.851 44.2943 1026.6 0 1963.64
25200 15.1805 288.89 44.2757 1027.79 0 1960.76
25250 14.4679 289.003 44.1697 1029.02 0 1958.18
25300 14.1747 288.816 43.9969 1030.19 0 1955.89
25350 14.1219 288.742 43.8718 1031.31 0 1953.96
25400 15.0121 288.483 43.6412 1032.42 0 1951.95
25450 15.2847 288.39 43.4999 1033.54 0 1949.75
25500 14.5663 288.619 43.5407 1034.74 0 1947.18
25550 14.304 288.709 43.6721 1036.01 0 1944.27
25600 13.8413 289.335 43.959 1037.32 0 1941.48
25650 14.6013 290.021 44.2378 1038.68 0 1938.27
25700 14.7581 290.861 44.756 1040.1 0 1935.31
25750 14.6474 291.782 45.2871 1041.55 0 1932.3
25800 14.771 292.629 45.6612 1043.03 0 1929.1
25850 14.4536 293.501 46.0653 1044.53 0 1926.1
25900 14.5619 294.429 46.3542 1046.06 0 1922.89
25950 14.3887 295.519 46.6688 1047.58 0 1919.88
26000 14.135 296.489 47.0652 1049.05 0 1917.32
26050 14.281 297.736 47.3905 1050.55 0 1914.69
26100 14.767 299.152 47.7065 1052.1 0 1911.84
26150 14.773 300.555 48.2162 1053.71 0 1908.98
26200 14.3141 302.033 48.9183 1055.33 0 1906.04
26250 14.1456 303.63 49.6676 1057.03 0 1902.83
26300 14.2288 305.433 50.4462 1058.85 0 1899.57
26350 14.8194 307.315 51.1 1060.72 0 1896.18
26400 15.0202 309.397 51.6173 1062.68 0 1892.66
26450 14.3814 311.289 52.2794 1064.68 0 1889.4
26500 13.7867 313.047 53.0032 1066.64 0 1886.41
26550 14.4608 314.888 53.5802 1068.55 0 1883.15
26600 14.8901 316.827 54.4082 1070.46 0 1879.99
26650 15.1844 318.162 55.3944 1072.32 0 1876.83
26700 14.5819 319.343 56.4466 1074.07 0 1873.94
26750 14.1108 320.459 57.3153 1075.7 0 1871.23
26800 14.5034 321.32 57.8849 1077.26 0 1868.75
26850 14.6787 322.188 58.4066 1078.7 0 1866.77
26900 14.7553 322.599 59.0571 1079.91 0 1865.22
26950 14.9499 322.664 59.4776 1080.94 0 1863.98
27000 15.1324 322.39 59.6355 1081.76 0 1862.92
27050 14.5078 322.284 59.7999 1082.39 0 1862.06
27100 14.1064 322.239 59.8661 1082.92 0 1861.32
27150 15.1311 321.719 59.785 1083.35 0 1860.35
27200 14.5926 321.6 59.915 1083.7 0 1859.9
27250 14.5421 321.689 59.7007 1083.92 0 1859.25
27300 15.4338 321.339 59.0514 1084.02 0 1858.59
27350 15.167 320.864 58.3394 1084.02 0 1858.31
27400 14.6413 320.187 57.5044 1083.77 0 1858.15
27450 13.9848 319.194 56.797 1083.22 0 1858.86
27500 14.153 318.026 56.1096 1082.4 0 1860.11
27550 14.6921 316.962 55.3168 1081.36 0 1861.83
27600 14.6926 315.674 54.678 1080.18 0 1864.28
27650 14.5666 314.557 53.9641 1078.87 0 1866.84
27700 14.7722 313.368 53.1682 1077.43 0 1869.32
27750 14.5586 311.978 52.6454 1075.86 0 1872.12
27800 14.2252 311.265 52.0787 1074.21 0 1874.63
27850 14.6666 310.218 51.3934 1072.55 0 1877.2
27900 14.7507 309.181 50.8008 1070.84 0 1880.04
27950 14.4994 308.253 50.3215 1069.05 0 1882.9
28000 14.0454 307.297 50.0323 1067.15 0 1886.13
28050 14.4576 306.288 49.5764 1065.22 0 1889.38
28100 14.8916 305.303 48.9386 1063.26 0 1892.94
28150 14.8135 304.328 48.2684 1061.21 0 1896.71
28200 14.3036 303.339 47.7322 1059.1 0 1900.58
28250 14.1384 302.286 47.2215 1056.95 0 1904.5
28300 14.4173 301.179 46.7032 1054.66 0 1908.72
28350 14.5806 299.994 46.271 1052.26 0 1913.38
28400 14.7669 298.941 45.7976 1049.86 0 1917.85
28450 14.4851 298.091 45.3989 1047.44 0 1922.27
28500 14.3286 297.199 45.0656 1045.1 0 1926.51
28550 14.2884 296.513 44.7005 1042.88 0 1930.6
28600 14.6381 295.763 44.3177 1040.71 0 1934.63
28650 14.9246 294.885 44.0069 1038.58 0 1938.56
28700 14.7355 294.29 43.6258 1036.5 0 1942.21
28750 14.2933 293.574 43.1647 1034.54 0 1945.98
28800 14.4122 292.77 42.5749 1032.63 0 1949.66
28850 14.9247 291.81 41.8912 1030.72 0 1953.36
28900 14.5135 290.771 41.3699 1028.79 0 1957.45
28950 14.7977 289.599 40.7159 1026.96 0 1960.96
29000 14.9566 288.408 39.9604 1025.22 0 1964.33
29050 14.6448 287.024 39.3013 1023.63 0 1967.69
29100 14.5968 285.855 38.6492 1022.22 0 1970.34
29150 14.5182 284.772 38.0698 1020.98 0 1972.69
29200 14.2556 283.862 37.5929 1019.92 0 1974.89
29250 14.3775 282.913 37.2098 1019.05 0 1976.89
29300 14.7433 282.117 36.8972 1018.33 0 1978.53
29350 15.0444 281.446 36.6234 1017.77 0 1979.73
29400 14.7362 280.835 36.429 1017.41 0 1980.61
29450 14.2279 280.455 36.1909 1017.25 0 1981.16
29500 14.3697 280.351 35.903 1017.3 0 1981.04
29550 14.7959 280.605 35.6671 1017.6 0 1980.23
29600 14.6821 281.123 35.5515 1018.07 0 1979.15
29650 14.6484 281.603 35.3971 1018.7 0 1977.82
29700 14.9228 281.978 35.1218 1019.46 0 1976.12
29750 14.1496 282.585 35.0863 1020.25 0 1974.66
29800 14.2719 282.96 35.169 1021.04 0 1972.94
29850 14.6226 283.284 35.4775 1021.85 0 1971.18
29900 14.3945 283.661 35.9428 1022.74 0 1969.76
29950 14.994 284.084 36.1552 1023.73 0 1967.74
30000 14.8484 284.512 36.5473 1024.83 0 1965.67
30050 14.2462 284.964 37.0824 1026.1 0 1963.44
30100 14.1966 285.859 37.6895 1027.58 0 1960.35
30150 13.9658 287.311 38.6832 1029.31 0 1956.84
30200 14.7036 288.682 39.712 1031.33 0 1952.81
30250 15.5343 290.45 40.5075 1033.66 0 1948.04
30300 14.9394 292.339 41.2581 1036.16 0 1943.21
30350 14.2538 293.873 41.9319 1038.71 0 1938.31
30400 13.9471 295.619 42.5533 1041.33 0 1933.28
30450 14.368 297.179 43.2447 1044.03 0 1928.31
30500 14.482 299.128 44.0341 1046.89 0 1923.3
30550 14.8295 301.242 44.7238 1049.97 0 1917.82
30600 15.0426 303.235 45.4331 1053.18 0 1912.06
30650 14.3552 305.084 46.4098 1056.4 0 1906.51
30700 14.0227 306.714 47.4941 1059.55 0 1901.06
30750 14.3052 308.482 48.5384 1062.7 0 1895.65
30800 15.217 310.041 49.6346 1065.86 0 1890.03
30850 14.9194 311.682 51.0328 1069.01 0 1884.48
30900 14.5923 313.11 52.2146 1072.15 0 1878.94
30950 14.6371 314.487 53.0408 1075.21 0 1873.44
31000 14.1907 315.846 53.8745 1078.19 0 1868.55
31050 14.4072 317.312 54.4639 1081.13 0 1863.64
31100 15.0116 318.71 54.9379 1083.98 0 1858.79
31150 14.5351 319.811 55.7426 1086.7 0 1854.58
31200 14.0177 320.95 56.463 1089.18 0 1850.77
31250 15.0671 321.55 56.8704 1091.44 0 1847.03
31300 14.8866 322.218 57.3836 1093.46 0 1844.05
31350 14.542 322.739 57.7062 1095.18 0 1841.47
31400 14.5227 323.452 57.8287 1096.69 0 1838.89
31450 14.4524 324.012 58.0205 1098 0 1836.75
31500 14.4533 324.588 58.2197 1099.04 0 1834.86
31550 14.59 325.319 58.3358 1099.76 0 1833.25
