1      0.0096612
2     0.00952028
3     0.00934115
4     0.00914665
5     0.00895939
6     0.00880155
7     0.00869397
8     0.00865363
9     0.00868965
10     0.00879916
11     0.00896523
12     0.00915854
13     0.00934331
14     0.00948632
15      0.0095663
16     0.00958046
17     0.00954567
18     0.00949336
19      0.0094597
20     0.00947412
21     0.00955018
22     0.00968188
23     0.00984662
24      0.0100138
25      0.0101559
26      0.0102577
27      0.0103209
28      0.0103625
29       0.010407
30      0.0104764
31      0.0105816
32      0.0107181
33      0.0108678
34      0.0110066
35      0.0111133
36      0.0111789
37      0.0112099
38       0.011226
39      0.0112536
40      0.0113152
41      0.0114214
42      0.0115664
43      0.0117304
44      0.0118861
45      0.0120085
46       0.012084
47      0.0121149
48      0.0121186
49       0.012121
50      0.0121474
51      0.0122138
52       0.012322
53      0.0124592
54      0.0126041
55       0.012735
56       0.012838
57      0.0129126
58      0.0129713
59      0.0130351
60      0.0131251
61      0.0132543
62      0.0134217
63      0.0136119
64      0.0137989
65      0.0139543
66      0.0140565
67      0.0140974
68      0.0140855
69      0.0140429
70      0.0139995
71      0.0139832
72      0.0140127
73      0.0140922
74      0.0142113
75      0.0143491
76      0.0144807
77      0.0145849
78      0.0146494
79      0.0146735
80      0.0146661
81      0.0146419
82      0.0146157
83      0.0145976
84      0.0145905
85      0.0145903
86      0.0145889
87      0.0145777
88      0.0145513
89      0.0145099
90      0.0144588
91      0.0144059
92      0.0143591
93      0.0143226
94      0.0142952
95      0.0142708
96      0.0142403
97      0.0141952
98      0.0141303
99      0.0140467
100      0.0139509
101      0.0138536
102      0.0137664
103      0.0136975
104      0.0136501
105      0.0136203
106      0.0135992
107      0.0135751
108      0.0135377
109      0.0134814
110       0.013407
111      0.0133219
112      0.0132377
113      0.0131661
114      0.0131158
115      0.0130888
116      0.0130796
117      0.0130764
118      0.0130645
119      0.0130304
120      0.0129656
121      0.0128699
122       0.012751
123      0.0126233
124      0.0125037
125      0.0124072
126      0.0123428
127      0.0123113
128      0.0123046
129      0.0123083
130      0.0123052
131      0.0122797
132      0.0122218
133       0.012129
134      0.0120069
135      0.0118673
136      0.0117246
137      0.0115921
138      0.0114788
139      0.0113876
140      0.0113149
141      0.0112528
142      0.0111911
143      0.0111209
144       0.011037
145      0.0109389
146      0.0108305
147      0.0107192
148       0.010613
149      0.0105183
150      0.0104385
151      0.0103726
152      0.0103164
153      0.0102632
154      0.0102062
155      0.0101402
156      0.0100627
157     0.00997447
158     0.00987878
159      0.0097805
160     0.00968442
161     0.00959399
162      0.0095106
163     0.00943349
164     0.00936039
165     0.00928845
166     0.00921531
167     0.00913981
168     0.00906228
169     0.00898421
170     0.00890762
171     0.00883417
172     0.00876458
173     0.00869824
174     0.00863346
175     0.00856795
176     0.00849965
177     0.00842745
178     0.00835158
179     0.00827363
180     0.00819605
181     0.00812141
182     0.00805155
183     0.00798685
184     0.00792606
185     0.00786639
186     0.00780427
187     0.00773617
188     0.00765955
189     0.00757353
190     0.00747914
191     0.00737908
192     0.00727706
193     0.00717699
194     0.00708209
195     0.00699428
196     0.00691393
197        0.00684
198     0.00677049
199     0.00670309
200     0.00663576
201     0.00656709
202     0.00649648
203     0.00642397
204     0.00634996
205     0.00627489
206     0.00619902
207     0.00612241
208     0.00604514
209     0.00596753
210     0.00589043
211     0.00581535
212     0.00574427
213     0.00567924
214      0.0056218
215     0.00557243
216     0.00553012
217     0.00549235
218     0.00545543
219     0.00541529
220      0.0053684
221     0.00531269
222      0.0052482
223     0.00517725
224     0.00510404
225     0.00503377
226     0.00497154
227     0.00492114
228     0.00488418
229     0.00485979
230      0.0048448
231     0.00483459
232     0.00482414
233     0.00480925
234     0.00478736
235     0.00475796
236     0.00472243
237     0.00468336
238     0.00464361
239     0.00460541
240     0.00456973
241     0.00453613
242     0.00450311
243     0.00446887
244     0.00443217
245     0.00439305
246     0.00435311
247     0.00431532
248     0.00428325
249     0.00426004
250     0.00424732
251     0.00424455
252     0.00424875
253      0.0042551
254     0.00425791
255     0.00425208
256     0.00423439
257     0.00420442
258     0.00416483
259     0.00412081
260     0.00407897
261     0.00404582
262     0.00402634
263     0.00402297
264     0.00403527
265     0.00406036
266     0.00409391
267     0.00413151
268     0.00416988
269     0.00420765
270     0.00424546
271     0.00428543
272     0.00433008
273     0.00438114
274     0.00443862
275     0.00450037
276     0.00456241
277     0.00461991
278     0.00466843
279     0.00470527
280     0.00473034
281     0.00474632
282     0.00475808
283     0.00477149
284     0.00479191
285     0.00482285
286     0.00486519
287     0.00491713
288     0.00497497
289     0.00503443
290     0.00509202
291     0.00514628
292     0.00519818
293     0.00525076
294     0.00530808
295     0.00537367
296     0.00544911
297      0.0055332
298     0.00562186
299     0.00570913
300     0.00578872
301     0.00585595
302     0.00590928
303     0.00595112
304     0.00598748
305     0.00602666
306     0.00607708
307     0.00614507
308     0.00623302
309     0.00633861
310     0.00645525
311     0.00657368
312     0.00668432
313     0.00677976
314     0.00685668
315     0.00691658
316     0.00696535
317      0.0070115
318     0.00706379
319     0.00712887
320     0.00720943
321     0.00730373
322     0.00740621
323     0.00750929
324     0.00760574
325     0.00769077
326     0.00776346
327     0.00782695
328     0.00788745
329     0.00795227
330      0.0080276
331     0.00811663
332     0.00821856
333     0.00832883
334     0.00844048
335     0.00854615
336     0.00864026
337     0.00872057
338     0.00878869
339     0.00884952
340     0.00890957
341     0.00897492
342     0.00904928
343      0.0091328
344       0.009222
345     0.00931087
346      0.0093927
347      0.0094622
348     0.00951714
349     0.00955908
350     0.00959295
351     0.00962555
352     0.00966351
353     0.00971126
354     0.00976978
355     0.00983633
356     0.00990545
357     0.00997079
358      0.0100273
359      0.0100729
360      0.0101095
361      0.0101424
362      0.0101786
363      0.0102248
364      0.0102847
365      0.0103579
366      0.0104389
367      0.0105193
368      0.0105891
369      0.0106403
370      0.0106694
371      0.0106788
372      0.0106769
373      0.0106763
374      0.0106908
375      0.0107317
376      0.0108052
377      0.0109101
378      0.0110381
379       0.011176
380      0.0113085
381      0.0114225
382      0.0115099
383      0.0115701
384      0.0116098
385      0.0116411
386      0.0116784
387      0.0117346
388      0.0118181
389      0.0119305
390      0.0120668
391      0.0122168
392      0.0123684
393      0.0125101
394      0.0126345
395      0.0127394
396      0.0128279
397      0.0129068
398      0.0129845
399      0.0130681
400      0.0131614
401      0.0132646
402      0.0133743
403      0.0134852
404      0.0135925
405       0.013693
406      0.0137868
407      0.0138766
408      0.0139665
409      0.0140599
410      0.0141579
411      0.0142576
412      0.0143529
413      0.0144355
414      0.0144974
415      0.0145339
416      0.0145459
417      0.0145402
418      0.0145292
419      0.0145279
420      0.0145504
421      0.0146064
422       0.014698
423      0.0148194
424      0.0149575
425      0.0150954
426      0.0152167
427      0.0153095
428      0.0153694
429       0.015401
430      0.0154158
431      0.0154291
432      0.0154556
433      0.0155048
434      0.0155782
435      0.0156686
436      0.0157619
437      0.0158411
438      0.0158911
439      0.0159032
440      0.0158774
441      0.0158229
442      0.0157556
443      0.0156939
444      0.0156533
445      0.0156424
446      0.0156602
447      0.0156965
448       0.015734
449      0.0157537
450      0.0157393
451      0.0156818
452      0.0155813
453      0.0154474
454      0.0152957
455      0.0151437
456      0.0150062
457      0.0148919
458      0.0148011
459      0.0147266
460      0.0146563
461      0.0145764
462      0.0144756
463      0.0143477
464       0.014192
465      0.0140132
466      0.0138192
467      0.0136181
468      0.0134165
469      0.0132184
470      0.0130249
471      0.0128358
472      0.0126511
473      0.0124721
474      0.0123016
475      0.0121436
476      0.0120013
477      0.0118755
478       0.011763
479      0.0116569
480      0.0115474
481      0.0114249
482      0.0112823
483       0.011118
484      0.0109365
485      0.0107479
486      0.0105654
487      0.0104016
488      0.0102644
489      0.0101554
490      0.0100683
491     0.00999097
492     0.00990881
493     0.00980888
494     0.00968374
495     0.00953372
496     0.00936694
497     0.00919699
498     0.00903918
499     0.00890618
500     0.00880459
501     0.00873334
502     0.00868424
503      0.0086447
504     0.00860141
505     0.00854406
506     0.00846794
507      0.0083746
508     0.00827062
509      0.0081649
510      0.0080655
511     0.00797707
512     0.00789969
513     0.00782937
514     0.00776002
515     0.00768611
516     0.00760503
517     0.00751829
518     0.00743124
519     0.00735128
520     0.00728528
521     0.00723713
522     0.00720625
523     0.00718763
524     0.00717344
525     0.00715566
526     0.00712876
527      0.0070917
528     0.00704828
529     0.00700595
530      0.0069732
531     0.00695671
532     0.00695881
533      0.0069766
534      0.0070026
535     0.00702714
536     0.00704147
537     0.00704074
538     0.00702575
539     0.00700301
540     0.00698298
541     0.00697705
542     0.00699425
543     0.00703873
544      0.0071087
545     0.00719729
546     0.00729476
547     0.00739158
548     0.00748104
549     0.00756073
550      0.0076325
551     0.00770074
552     0.00776998
553      0.0078425
554     0.00791703
555      0.0079889
556     0.00805171
557     0.00809993
558     0.00813139
559     0.00814883
560     0.00815971
561     0.00817432
562     0.00820266
563     0.00825109
564     0.00831996
565     0.00840301
566     0.00848886
567     0.00856433
568     0.00861851
569     0.00864631
570     0.00865039
571     0.00864082
572     0.00863232
573      0.0086401
574     0.00867536
575     0.00874189
576     0.00883487
577     0.00894212
578     0.00904751
579     0.00913547
580     0.00919525
581     0.00922371
582     0.00922577
583     0.00921267
584     0.00919844
585     0.00919595
586      0.0092135
587      0.0092532
588     0.00931121
589      0.0093798
590     0.00945023
591     0.00951563
592     0.00957282
593     0.00962259
594     0.00966856
595     0.00971505
596     0.00976492
597     0.00981812
598     0.00987143
599     0.00991959
600     0.00995722
601     0.00998093
602     0.00999088
603     0.00999106
604     0.00998834
605     0.00999051
606       0.010004
607      0.0100319
608      0.0100733
609      0.0101232
610      0.0101745
611      0.0102194
612      0.0102518
613      0.0102684
614      0.0102688
615      0.0102551
616      0.0102305
617      0.0101981
618      0.0101605
619      0.0101193
620      0.0100758
621      0.0100315
622      0.0099892
623     0.00995235
624     0.00992464
625     0.00990864
626      0.0099045
627     0.00990919
628     0.00991667
629     0.00991913
630     0.00990916
631     0.00988206
632     0.00983775
633     0.00978135
634     0.00972233
635      0.0096722
636     0.00964131
637     0.00963589
638     0.00965605
639     0.00969548
640     0.00974305
641     0.00978589
642       0.009813
643     0.00981835
644     0.00980253
645     0.00977249
646     0.00973925
647     0.00971452
648     0.00970711
649     0.00972031
650     0.00975102
651       0.009791
652     0.00982964
653     0.00985762
654     0.00987007
655     0.00986828
656     0.00985955
657     0.00985488
658     0.00986564
659     0.00989983
660     0.00995942
661      0.0100395
662      0.0101293
663      0.0102153
664      0.0102848
665      0.0103294
666      0.0103473
667      0.0103435
668      0.0103278
669      0.0103126
670      0.0103088
671      0.0103232
672      0.0103571
673      0.0104067
674      0.0104646
675      0.0105225
676      0.0105739
677      0.0106157
678      0.0106487
679      0.0106766
680      0.0107046
681      0.0107367
682      0.0107746
683      0.0108171
684      0.0108608
685      0.0109013
686       0.010935
687      0.0109606
688      0.0109795
689      0.0109957
690      0.0110139
691      0.0110383
692       0.011071
693      0.0111117
694      0.0111574
695      0.0112043
696      0.0112489
697      0.0112896
698      0.0113277
699      0.0113663
700      0.0114101
701      0.0114627
702      0.0115256
703      0.0115967
704      0.0116711
705      0.0117417
706      0.0118014
707      0.0118454
708      0.0118725
709      0.0118853
710      0.0118902
711      0.0118943
712      0.0119042
713      0.0119229
714      0.0119496
715      0.0119796
716      0.0120057
717       0.012021
718      0.0120212
719      0.0120058
720       0.011979
721      0.0119481
722      0.0119211
723      0.0119043
724      0.0118993
725      0.0119028
726      0.0119067
727      0.0119005
728      0.0118744
729      0.0118226
730      0.0117452
731      0.0116486
732       0.011544
733      0.0114446
734      0.0113618
735      0.0113017
736      0.0112634
737      0.0112391
738       0.011216
739      0.0111796
740      0.0111181
741      0.0110256
742      0.0109038
743      0.0107618
744       0.010614
745      0.0104763
746      0.0103627
747      0.0102811
748      0.0102325
749      0.0102107
750      0.0102039
751      0.0101987
752      0.0101823
753      0.0101465
754      0.0100883
755      0.0100104
756     0.00991972
757      0.0098253
758     0.00973566
759     0.00965698
760     0.00959201
761     0.00954007
762     0.00949784
763     0.00946074
764     0.00942422
765     0.00938469
766     0.00933995
767     0.00928894
768     0.00923131
769     0.00916687
770     0.00909535
771     0.00901653
772     0.00893068
773     0.00883923
774     0.00874512
775     0.00865291
776     0.00856821
777     0.00849667
778     0.00844263
779      0.0084079
780     0.00839095
781     0.00838678
782     0.00838765
783     0.00838444
784     0.00836845
785     0.00833316
786     0.00827557
787     0.00819685
788     0.00810214
789     0.00799954
790     0.00789862
791     0.00780869
792     0.00773722
793     0.00768873
794     0.00766432
795     0.00766175
796     0.00767616
797     0.00770109
798     0.00772963
799     0.00775556
800     0.00777416
801     0.00778282
802     0.00778118
803     0.00777104
804     0.00775589
805     0.00774026
806     0.00772898
807     0.00772639
808     0.00773562
809     0.00775809
810     0.00779332
811     0.00783904
812     0.00789165
813     0.00794689
814     0.00800066
815      0.0080497
816     0.00809211
817     0.00812754
818     0.00815699
819     0.00818237
820     0.00820596
821     0.00822982
822     0.00825548
823     0.00828379
824     0.00831516
825     0.00834976
826     0.00838794
827     0.00843032
828     0.00847775
829     0.00853098
830     0.00859013
831     0.00865425
832     0.00872096
833     0.00878659
834     0.00884666
835     0.00889677
836     0.00893363
837     0.00895605
838     0.00896554
839     0.00896627
840     0.00896444
841     0.00896708
842     0.00898055
843     0.00900908
844     0.00905377
845     0.00911227
846     0.00917927
847     0.00924766
848     0.00931019
849     0.00936109
850     0.00939739
851     0.00941948
852     0.00943089
853     0.00943731
854     0.00944504
855     0.00945939
856     0.00948337
857     0.00951698
858      0.0095573
859      0.0095993
860      0.0096372
861     0.00966596
862     0.00968258
863     0.00968679
864     0.00968117
865     0.00967049
866     0.00966062
867     0.00965722
868     0.00966456
869      0.0096847
870     0.00971718
871     0.00975934
872     0.00980694
873     0.00985508
874     0.00989914
875      0.0099355
876       0.009962
877      0.0099781
878     0.00998468
879     0.00998372
880      0.0099778
881     0.00996964
882     0.00996166
883     0.00995561
884     0.00995227
885     0.00995133
886     0.00995135
887     0.00994989
888      0.0099438
889     0.00992981
890      0.0099051
891     0.00986801
892      0.0098186
893     0.00975895
894     0.00969305
895     0.00962632
896     0.00956463
897     0.00951325
898     0.00947573
899      0.0094531
900     0.00944366
901      0.0094433
902     0.00944649
903     0.00944765
904     0.00944255
905     0.00942943
906      0.0094096
907     0.00938715
908     0.00936807
909     0.00935876
910     0.00936443
911     0.00938775
912     0.00942812
913      0.0094818
914     0.00954269
915      0.0096039
916     0.00965931
917     0.00970499
918     0.00974009
919      0.0097668
920     0.00978964
921     0.00981415
922     0.00984536
923      0.0098865
924     0.00993822
925      0.0099986
926      0.0100638
927      0.0101292
928       0.010191
929      0.0102468
930      0.0102971
931      0.0103442
932      0.0103922
933      0.0104454
934      0.0105075
935        0.01058
936      0.0106619
937      0.0107501
938      0.0108399
939      0.0109264
940      0.0110053
941      0.0110742
942      0.0111329
943      0.0111834
944      0.0112289
945      0.0112732
946      0.0113198
947      0.0113708
948      0.0114269
949      0.0114873
950      0.0115506
951      0.0116151
952      0.0116793
953      0.0117428
954      0.0118054
955       0.011868
956      0.0119312
957      0.0119955
958      0.0120609
959       0.012127
960       0.012193
961      0.0122584
962      0.0123231
963      0.0123873
964      0.0124518
965      0.0125174
966      0.0125846
967      0.0126532
968       0.012722
969      0.0127891
970      0.0128524
971        0.01291
972      0.0129612
973      0.0130066
974      0.0130483
975      0.0130893
976      0.0131325
977        0.01318
978      0.0132317
979      0.0132849
980      0.0133347
981      0.0133746
982      0.0133981
983      0.0134005
984      0.0133798
985      0.0133381
986       0.013281
987      0.0132168
988      0.0131547
989      0.0131025
990       0.013065
991      0.0130424
992      0.0130306
993      0.0130218
994      0.0130064
995      0.0129754
996      0.0129225
997      0.0128457
998      0.0127476
999      0.0126352
1000      0.0125175
1050      0.0081631
1100     0.00913327
1150     0.00972619
1200     0.00937642
1250      0.0119489
1300        0.01025
1350     0.00965305
1400      0.0101386
1450      0.0092414
1500      0.0109814
1550     0.00955509
1600      0.0086653
1650      0.0104052
1700     0.00903201
1750      0.0104322
1800      0.0116192
1850       0.010141
1900      0.0109291
1950     0.00917774
2000     0.00855962
2050     0.00989706
2100     0.00938877
2150      0.0107656
2200      0.0111124
2250     0.00929271
2300      0.0102786
2350       0.010136
2400      0.0102101
2450      0.0106698
2500     0.00877637
2550     0.00905656
2600     0.00988021
2650      0.0102676
2700      0.0114322
2750       0.010306
2800     0.00940126
2850      0.0102354
2900     0.00987039
2950      0.0103499
3000      0.0101924
3050     0.00982072
3100     0.00999681
3150     0.00962328
3200     0.00978217
3250      0.0109484
3300      0.0105784
3350     0.00979643
3400     0.00943663
3450     0.00955491
3500      0.0104791
3550      0.0109091
3600       0.010383
3650     0.00984011
3700     0.00947419
3750     0.00981083
3800      0.0104374
3850      0.0106051
3900      0.0103425
3950      0.0100508
4000     0.00986489
4050     0.00995092
4100      0.0101592
4150      0.0102157
4200      0.0101018
4250      0.0100378
4300      0.0100483
4350      0.0100939
4400      0.0100726
4450     0.00994921
4500     0.00997365
4550       0.010068
4600     0.00997747
4650     0.00992984
4700     0.00999669
4750      0.0099876
4800     0.00996977
4850      0.0098681
4900     0.00989356
4950     0.00995854
5000     0.00986853
5050     0.00985815
5100     0.00980463
5150     0.00978221
5200     0.00992862
5250     0.00984225
5300     0.00975745
5350     0.00981886
5400     0.00971611
5450     0.00978116
5500     0.00990507
5550     0.00967498
5600      0.0098203
5650     0.00990162
5700     0.00955491
5750     0.00968757
5800     0.00996262
5850      0.0101599
5900      0.0102795
5950     0.00998318
6000      0.0103056
6050      0.0106219
6100      0.0103669
6150      0.0104288
6200      0.0102034
6250      0.0101258
6300      0.0104128
6350      0.0104097
6400      0.0101646
6450      0.0101006
6500      0.0100922
6550       0.010135
6600      0.0102022
6650      0.0100996
6700      0.0100203
6750     0.00990833
6800     0.00995677
6850      0.0101197
6900      0.0100571
6950     0.00996643
7000     0.00997015
7050     0.00989502
7100      0.0100006
7150      0.0100241
7200     0.00981251
7250     0.00983113
7300     0.00997504
7350      0.0100223
7400     0.00993718
7450     0.00985834
7500     0.00977854
7550     0.00992489
7600      0.0100055
7650     0.00996913
7700     0.00990522
7750     0.00981442
7800     0.00983034
7850     0.00995968
7900      0.0100709
7950     0.00995736
8000     0.00997768
8050      0.0100647
8100      0.0100132
8150     0.00997486
8200      0.0101654
8250      0.0100858
8300      0.0100331
8350      0.0101324
8400      0.0101842
8450      0.0101659
8500      0.0101167
8550       0.010072
8600       0.010033
8650     0.00998269
8700      0.0100719
8750      0.0101332
8800      0.0101124
8850      0.0100086
8900     0.00992029
8950     0.00991047
9000      0.0100432
9050      0.0102116
9100     0.00990457
9150     0.00983095
9200     0.00987759
9250      0.0100052
9300      0.0101152
9350      0.0099459
9400     0.00973023
9450     0.00982357
9500     0.00993875
9550     0.00997374
9600      0.0100417
9650     0.00985595
9700     0.00964468
9750     0.00988331
9800      0.0100748
9850     0.00995559
9900     0.00983864
9950     0.00963589
10000     0.00992576
10050      0.0101855
10100      0.0101298
10150     0.00993267
10200     0.00982782
10250     0.00992436
10300      0.0102542
10350      0.0101762
10400      0.0103257
10450      0.0102325
10500     0.00999875
10550     0.00992628
10600     0.00995205
10650      0.0104112
10700      0.0102513
10750      0.0101041
10800      0.0099479
10850     0.00993033
10900     0.00997439
10950      0.0102097
11000      0.0100621
11050      0.0100376
11100     0.00990556
11150     0.00987931
11200      0.0100145
11250      0.0100804
11300      0.0101474
11350     0.00997741
11400     0.00989586
11450     0.00992746
11500     0.00995467
11550       0.010054
11600      0.0100091
11650     0.00989659
11700     0.00992015
11750     0.00998028
11800     0.00996193
11850      0.0100033
11900     0.00986541
11950     0.00985745
12000     0.00988943
12050     0.00985637
12100      0.0100643
12150      0.0100814
12200     0.00982422
12250     0.00976531
12300     0.00987594
12350      0.0101324
12400      0.0102163
12450     0.00993185
12500     0.00996529
12550      0.0100912
12600       0.010011
12650      0.0100542
12700      0.0101077
12750      0.0101695
12800      0.0100196
12850     0.00976704
12900      0.0100267
12950      0.0103734
13000      0.0100857
13050     0.00984784
13100     0.00988907
13150      0.0100338
13200      0.0103027
13250      0.0101875
13300     0.00989012
13350     0.00985543
13400     0.00995556
13450      0.0102228
13500     0.00999981
13550     0.00985394
13600      0.0100133
13650      0.0100624
13700     0.00996834
13750      0.0100973
13800     0.00997551
13850     0.00986284
13900      0.0100006
13950     0.00999567
14000     0.00997897
14050     0.00997874
14100     0.00990868
14150     0.00991712
14200      0.0100703
14250       0.010108
14300      0.0101139
14350     0.00988313
14400     0.00982972
14450     0.00997152
14500     0.00995893
14550     0.00998728
14600      0.0100938
14650     0.00984861
14700      0.0098079
14750     0.00999223
14800     0.00995666
14850      0.0101428
14900     0.00999111
14950     0.00988505
15000      0.0100114
15050      0.0100999
15100      0.0102488
15150      0.0102367
15200     0.00995235
15250     0.00984829
15300     0.00998236
15350      0.0101714
15400      0.0102107
15450      0.0101174
15500     0.00990393
15550      0.0098604
15600     0.00999078
15650      0.0100837
15700      0.0101478
15750      0.0101409
15800      0.0099787
15850     0.00983021
15900     0.00983831
15950      0.0100638
16000      0.0102394
16050      0.0101282
16100     0.00983214
16150     0.00970585
16200     0.00996622
16250      0.0101765
16300      0.0100629
16350      0.0100399
16400     0.00983787
16450     0.00984963
16500      0.0102429
16550      0.0100896
16600     0.00981545
16650     0.00990411
16700     0.00990953
16750      0.0100428
16800      0.0102524
16850     0.00996709
16900     0.00981177
16950      0.0097676
17000       0.010109
17050      0.0101365
17100      0.0100311
17150     0.00987025
17200     0.00970258
17250     0.00993272
17300      0.0101922
17350      0.0101393
17400     0.00980298
17450     0.00977662
17500      0.0100633
17550      0.0102492
17600      0.0101144
17650       0.010047
17700     0.00994715
17750     0.00993667
17800       0.010054
17850      0.0100677
17900      0.0100115
17950      0.0100895
18000      0.0100782
18050     0.00994179
18100      0.0099083
18150      0.0100033
18200      0.0100919
18250      0.0100195
18300      0.0101896
18350      0.0100911
18400     0.00993493
18450     0.00986947
18500     0.00978622
18550      0.0101197
18600      0.0101083
18650     0.00978724
18700     0.00990466
18750      0.0101269
18800      0.0101885
18850      0.0101486
18900     0.00979808
18950     0.00963305
19000     0.00997297
19050      0.0104406
19100       0.010138
19150     0.00977511
19200     0.00983509
19250       0.010012
19300      0.0101955
19350      0.0100536
19400     0.00985729
19450      0.0098681
19500     0.00982901
19550     0.00999803
19600      0.0102715
19650      0.0100777
19700     0.00978763
19750     0.00983422
19800       0.010002
19850      0.0100761
19900     0.00997492
19950     0.00986681
20000     0.00988744
20050     0.00997424
20100      0.0101745
20150      0.0103639
20200     0.00992404
20250     0.00964809
20300     0.00981463
20350     0.00997993
20400       0.010456
20450      0.0102141
20500     0.00980065
20550     0.00994669
20600     0.00989606
20650     0.00978139
20700      0.0102585
20750      0.0104146
20800      0.0101027
20850     0.00981617
20900     0.00969982
20950     0.00989118
21000      0.0103004
21050      0.0104769
21100     0.00995805
21150     0.00974854
21200     0.00964522
21250     0.00985712
21300      0.0101008
21350      0.0102488
21400      0.0100981
21450     0.00989473
21500     0.00976123
21550     0.00986105
21600      0.0101609
21650      0.0101393
21700     0.00992204
21750     0.00978636
21800     0.00989979
21850     0.00999292
21900     0.00992321
21950      0.0100957
22000      0.0101443
22050     0.00985033
22100     0.00984669
22150     0.00998178
22200      0.0100735
22250     0.00984698
22300      0.0101958
22350      0.0101292
22400     0.00987682
22450     0.00998925
22500       0.010269
22550      0.0102893
22600     0.00999112
22650      0.0098305
22700     0.00975796
22750       0.010269
22800      0.0103675
22850      0.0104448
22900     0.00993986
22950     0.00970237
23000      0.0100648
23050      0.0100094
23100      0.0101343
23150      0.0101715
23200     0.00988308
23250     0.00963552
23300      0.0100277
23350      0.0100216
23400      0.0101048
23450       0.010165
23500     0.00993656
23550      0.0098337
23600     0.00999949
23650      0.0100446
23700     0.00987147
23750     0.00999119
23800     0.00963503
23850     0.00990423
23900      0.0104214
23950     0.00994253
24000     0.00956016
24050     0.00993917
24100      0.0100579
24150     0.00979162
24200     0.00985704
24250      0.0100451
24300      0.0102596
24350     0.00985684
24400     0.00990965
24450      0.0101002
24500     0.00993983
24550     0.00998402
24600     0.00985294
24650       0.010075
24700      0.0100968
24750     0.00991365
24800       0.010151
24850      0.0103573
24900      0.0102278
24950     0.00989488
25000     0.00991318
25050      0.0101641
25100      0.0101347
25150      0.0102648
25200      0.0104119
25250      0.0099231
25300     0.00972198
25350     0.00968577
25400      0.0102964
25450      0.0104833
25500      0.0099906
25550     0.00981069
25600     0.00949334
25650      0.0100146
25700      0.0101222
25750      0.0100462
25800       0.010131
25850     0.00991333
25900      0.0099876
25950     0.00986881
26000     0.00969478
26050     0.00979489
26100      0.0101283
26150      0.0101324
26200     0.00981764
26250     0.00970203
26300      0.0097591
26350      0.0101642
26400      0.0103019
26450     0.00986381
26500     0.00945587
26550     0.00991822
26600      0.0102127
26650      0.0104145
26700      0.0100013
26750     0.00967821
26800     0.00994749
26850      0.0100677
26900      0.0101202
26950      0.0102537
27000      0.0103789
27050     0.00995049
27100     0.00967519
27150       0.010378
27200      0.0100086
27250     0.00997399
27300      0.0105856
27350      0.0104026
27400       0.010042
27450     0.00959177
27500     0.00970716
27550      0.0100769
27600      0.0100772
27650     0.00999081
27700      0.0101318
27750     0.00998533
27800     0.00975663
27850      0.0100594
27900      0.0101171
27950     0.00994473
28000     0.00963336
28050     0.00991603
28100      0.0102137
28150      0.0101602
28200     0.00981041
28250     0.00969711
28300     0.00988839
28350      0.0100004
28400      0.0101282
28450     0.00993489
28500     0.00982757
28550     0.00979997
28600      0.0100399
28650      0.0102364
28700      0.0101067
28750     0.00980336
28800     0.00988491
28850      0.0102364
28900     0.00995439
28950      0.0101493
29000      0.0102583
29050      0.0100444
29100      0.0100115
29150     0.00995761
29200     0.00977752
29250     0.00986114
29300       0.010112
29350      0.0103185
29400      0.0101071
29450     0.00975848
29500     0.00985578
29550      0.0101481
29600      0.0100701
29650      0.0100469
29700      0.0102351
29750     0.00970483
29800     0.00978867
29850      0.0100292
29900     0.00987274
29950       0.010284
30000      0.0101841
30050     0.00977108
30100     0.00973703
30150     0.00957875
30200      0.0100847
30250      0.0106545
30300      0.0102465
30350     0.00977624
30400     0.00956589
30450      0.0098546
30500     0.00993281
30550      0.0101711
30600      0.0103173
30650      0.0098458
30700     0.00961778
30750     0.00981154
30800      0.0104369
30850      0.0102328
30900      0.0100085
30950      0.0100392
31000     0.00973298
31050      0.0098815
31100       0.010296
31150     0.00996923
31200     0.00961434
31250      0.0103341
31300      0.0102103
31350     0.00997396
31400     0.00996069
31450     0.00991247
31500     0.00991307
31550      0.0100069
