1        12.4621
2        12.4625
3        12.4632
4        12.4642
5        12.4653
6        12.4667
7        12.4683
8          12.47
9        12.4719
10        12.4738
11        12.4757
12        12.4776
13        12.4795
14        12.4812
15        12.4828
16        12.4842
17        12.4854
18        12.4864
19        12.4872
20        12.4876
21        12.4879
22        12.4878
23        12.4875
24         12.487
25        12.4863
26        12.4853
27        12.4841
28        12.4828
29        12.4814
30        12.4798
31        12.4782
32        12.4766
33         12.475
34        12.4734
35        12.4719
36        12.4705
37        12.4692
38        12.4681
39        12.4672
40        12.4665
41        12.4659
42        12.4656
43        12.4655
44        12.4656
45        12.4659
46        12.4664
47         12.467
48        12.4678
49        12.4688
50        12.4698
51         12.471
52        12.4723
53        12.4736
54        12.4749
55        12.4762
56        12.4775
57        12.4787
58        12.4798
59        12.4809
60        12.4817
61        12.4825
62        12.4831
63        12.4835
64        12.4838
65        12.4839
66        12.4838
67        12.4836
68        12.4832
69        12.4827
70        12.4821
71        12.4813
72        12.4804
73        12.4795
74        12.4785
75        12.4774
76        12.4764
77        12.4753
78        12.4743
79        12.4733
80        12.4724
81        12.4716
82        12.4708
83        12.4702
84        12.4697
85        12.4694
86        12.4691
87        12.4691
88        12.4691
89        12.4693
90        12.4696
91          12.47
92        12.4706
93        12.4712
94        12.4719
95        12.4726
96        12.4734
97        12.4743
98        12.4751
99        12.4759
100        12.4767
101        12.4775
102        12.4782
103        12.4788
104        12.4793
105        12.4798
106        12.4801
107        12.4803
108        12.4805
109        12.4805
110        12.4804
111        12.4802
112        12.4799
113        12.4795
114        12.4791
115        12.4786
116         12.478
117        12.4774
118        12.4767
119        12.4761
120        12.4755
121        12.4748
122        12.4742
123        12.4736
124        12.4731
125        12.4727
126        12.4723
127         12.472
128        12.4717
129        12.4716
130        12.4715
131        12.4715
132        12.4716
133        12.4718
134         12.472
135        12.4724
136        12.4727
137        12.4732
138        12.4736
139        12.4741
140        12.4747
141        12.4752
142        12.4757
143        12.4763
144        12.4768
145        12.4773
146        12.4777
147        12.4782
148        12.4785
149        12.4788
150        12.4791
151        12.4793
152        12.4794
153        12.4795
154        12.4795
155        12.4794
156        12.4793
157        12.4791
158        12.4788
159        12.4785
160        12.4782
161        12.4778
162        12.4774
163         12.477
164        12.4766
165        12.4762
166        12.4758
167        12.4754
168         12.475
169        12.4747
170        12.4744
171        12.4741
172        12.4739
173        12.4738
174        12.4737
175        12.4736
176        12.4736
177        12.4737
178        12.4739
179         12.474
180        12.4743
181        12.4746
182        12.4749
183        12.4752
184        12.4756
185         12.476
186        12.4764
187        12.4768
188        12.4772
189        12.4776
190         12.478
191        12.4783
192        12.4786
193        12.4788
194         12.479
195        12.4792
196        12.4793
197        12.4793
198        12.4793
199        12.4793
200        12.4792
201         12.479
202        12.4788
203        12.4785
204        12.4782
205        12.4779
206        12.4776
207        12.4772
208        12.4769
209        12.4765
210        12.4762
211        12.4759
212        12.4756
213        12.4753
214         12.475
215        12.4748
216        12.4747
217        12.4746
218        12.4745
219        12.4745
220        12.4746
221        12.4746
222        12.4748
223         12.475
224        12.4752
225        12.4754
226        12.4757
227         12.476
228        12.4763
229        12.4767
230         12.477
231        12.4773
232        12.4777
233         12.478
234        12.4782
235        12.4785
236        12.4787
237        12.4789
238        12.4791
239        12.4792
240        12.4793
241        12.4793
242        12.4793
243        12.4792
244        12.4792
245         12.479
246        12.4789
247        12.4787
248        12.4785
249        12.4782
250         12.478
251        12.4777
252        12.4775
253        12.4772
254         12.477
255        12.4767
256        12.4765
257        12.4763
258        12.4762
259         12.476
260        12.4759
261        12.4759
262        12.4758
263        12.4758
264        12.4759
265         12.476
266        12.4761
267        12.4762
268        12.4764
269        12.4766
270        12.4769
271        12.4771
272        12.4774
273        12.4777
274         12.478
275        12.4783
276        12.4786
277        12.4789
278        12.4792
279        12.4794
280        12.4797
281        12.4799
282          12.48
283        12.4802
284        12.4803
285        12.4803
286        12.4803
287        12.4803
288        12.4803
289        12.4802
290          12.48
291        12.4799
292        12.4797
293        12.4795
294        12.4792
295         12.479
296        12.4787
297        12.4785
298        12.4782
299         12.478
300        12.4777
301        12.4775
302        12.4773
303        12.4772
304         12.477
305        12.4769
306        12.4769
307        12.4769
308        12.4769
309        12.4769
310        12.4771
311        12.4772
312        12.4774
313        12.4776
314        12.4778
315        12.4781
316        12.4784
317        12.4786
318        12.4789
319        12.4792
320        12.4795
321        12.4798
322          12.48
323        12.4803
324        12.4805
325        12.4806
326        12.4808
327        12.4809
328        12.4809
329        12.4809
330        12.4809
331        12.4808
332        12.4807
333        12.4805
334        12.4803
335        12.4801
336        12.4798
337        12.4795
338        12.4792
339        12.4789
340        12.4786
341        12.4783
342         12.478
343        12.4777
344        12.4775
345        12.4772
346         12.477
347        12.4769
348        12.4767
349        12.4766
350        12.4766
351        12.4766
352        12.4766
353        12.4767
354        12.4768
355         12.477
356        12.4771
357        12.4773
358        12.4776
359        12.4778
360        12.4781
361        12.4783
362        12.4786
363        12.4789
364        12.4791
365        12.4794
366        12.4796
367        12.4798
368          12.48
369        12.4801
370        12.4802
371        12.4803
372        12.4803
373        12.4803
374        12.4802
375        12.4801
376          12.48
377        12.4798
378        12.4796
379        12.4794
380        12.4791
381        12.4788
382        12.4785
383        12.4782
384        12.4779
385        12.4776
386        12.4774
387        12.4771
388        12.4768
389        12.4766
390        12.4764
391        12.4762
392        12.4761
393         12.476
394         12.476
395         12.476
396         12.476
397        12.4761
398        12.4762
399        12.4764
400        12.4766
401        12.4768
402         12.477
403        12.4773
404        12.4776
405        12.4779
406        12.4782
407        12.4785
408        12.4788
409        12.4791
410        12.4794
411        12.4796
412        12.4798
413          12.48
414        12.4801
415        12.4802
416        12.4803
417        12.4803
418        12.4803
419        12.4802
420          12.48
421        12.4799
422        12.4797
423        12.4794
424        12.4791
425        12.4788
426        12.4785
427        12.4782
428        12.4779
429        12.4776
430        12.4772
431        12.4769
432        12.4767
433        12.4764
434        12.4762
435         12.476
436        12.4759
437        12.4758
438        12.4758
439        12.4758
440        12.4759
441         12.476
442        12.4761
443        12.4763
444        12.4766
445        12.4768
446        12.4771
447        12.4774
448        12.4778
449        12.4781
450        12.4784
451        12.4788
452        12.4791
453        12.4794
454        12.4796
455        12.4799
456        12.4801
457        12.4802
458        12.4803
459        12.4804
460        12.4804
461        12.4803
462        12.4803
463        12.4801
464        12.4799
465        12.4797
466        12.4795
467        12.4792
468        12.4789
469        12.4786
470        12.4782
471        12.4779
472        12.4775
473        12.4772
474        12.4769
475        12.4766
476        12.4763
477        12.4761
478        12.4759
479        12.4757
480        12.4756
481        12.4755
482        12.4755
483        12.4755
484        12.4756
485        12.4757
486        12.4758
487         12.476
488        12.4762
489        12.4765
490        12.4767
491         12.477
492        12.4773
493        12.4776
494        12.4779
495        12.4782
496        12.4784
497        12.4787
498        12.4789
499        12.4791
500        12.4793
501        12.4794
502        12.4795
503        12.4796
504        12.4796
505        12.4795
506        12.4795
507        12.4793
508        12.4792
509         12.479
510        12.4787
511        12.4785
512        12.4782
513        12.4779
514        12.4776
515        12.4773
516        12.4769
517        12.4766
518        12.4763
519         12.476
520        12.4758
521        12.4755
522        12.4753
523        12.4752
524        12.4751
525         12.475
526        12.4749
527         12.475
528         12.475
529        12.4751
530        12.4753
531        12.4755
532        12.4757
533         12.476
534        12.4762
535        12.4766
536        12.4769
537        12.4772
538        12.4775
539        12.4779
540        12.4782
541        12.4785
542        12.4787
543         12.479
544        12.4792
545        12.4793
546        12.4795
547        12.4795
548        12.4796
549        12.4795
550        12.4795
551        12.4793
552        12.4792
553         12.479
554        12.4787
555        12.4785
556        12.4782
557        12.4779
558        12.4776
559        12.4772
560        12.4769
561        12.4766
562        12.4763
563         12.476
564        12.4758
565        12.4756
566        12.4754
567        12.4752
568        12.4752
569        12.4751
570        12.4751
571        12.4752
572        12.4753
573        12.4755
574        12.4757
575        12.4759
576        12.4762
577        12.4765
578        12.4768
579        12.4771
580        12.4775
581        12.4778
582        12.4782
583        12.4785
584        12.4789
585        12.4792
586        12.4794
587        12.4797
588        12.4799
589          12.48
590        12.4801
591        12.4802
592        12.4802
593        12.4802
594        12.4801
595          12.48
596        12.4798
597        12.4796
598        12.4794
599        12.4791
600        12.4788
601        12.4785
602        12.4782
603        12.4779
604        12.4776
605        12.4773
606         12.477
607        12.4767
608        12.4765
609        12.4763
610        12.4761
611         12.476
612        12.4759
613        12.4759
614        12.4759
615        12.4759
616         12.476
617        12.4762
618        12.4764
619        12.4766
620        12.4769
621        12.4772
622        12.4775
623        12.4778
624        12.4782
625        12.4786
626        12.4789
627        12.4793
628        12.4796
629        12.4799
630        12.4802
631        12.4804
632        12.4807
633        12.4808
634        12.4809
635         12.481
636         12.481
637         12.481
638        12.4809
639        12.4808
640        12.4806
641        12.4804
642        12.4801
643        12.4798
644        12.4795
645        12.4792
646        12.4788
647        12.4785
648        12.4781
649        12.4778
650        12.4774
651        12.4771
652        12.4769
653        12.4766
654        12.4764
655        12.4763
656        12.4762
657        12.4761
658        12.4761
659        12.4762
660        12.4763
661        12.4765
662        12.4767
663        12.4769
664        12.4772
665        12.4776
666        12.4779
667        12.4783
668        12.4787
669        12.4791
670        12.4795
671        12.4798
672        12.4802
673        12.4805
674        12.4808
675        12.4811
676        12.4813
677        12.4815
678        12.4816
679        12.4816
680        12.4816
681        12.4816
682        12.4815
683        12.4813
684        12.4811
685        12.4809
686        12.4806
687        12.4803
688          12.48
689        12.4796
690        12.4793
691        12.4789
692        12.4786
693        12.4783
694         12.478
695        12.4777
696        12.4775
697        12.4773
698        12.4771
699         12.477
700         12.477
701         12.477
702         12.477
703        12.4771
704        12.4773
705        12.4775
706        12.4777
707         12.478
708        12.4784
709        12.4787
710        12.4791
711        12.4795
712        12.4799
713        12.4803
714        12.4807
715        12.4811
716        12.4814
717        12.4818
718        12.4821
719        12.4823
720        12.4825
721        12.4827
722        12.4828
723        12.4829
724         12.483
725        12.4829
726        12.4829
727        12.4827
728        12.4826
729        12.4824
730        12.4822
731        12.4819
732        12.4816
733        12.4813
734         12.481
735        12.4807
736        12.4804
737        12.4801
738        12.4799
739        12.4796
740        12.4794
741        12.4793
742        12.4791
743         12.479
744         12.479
745         12.479
746        12.4791
747        12.4792
748        12.4794
749        12.4796
750        12.4798
751        12.4801
752        12.4804
753        12.4808
754        12.4811
755        12.4815
756        12.4819
757        12.4823
758        12.4827
759        12.4831
760        12.4834
761        12.4837
762         12.484
763        12.4843
764        12.4845
765        12.4846
766        12.4847
767        12.4848
768        12.4848
769        12.4848
770        12.4847
771        12.4845
772        12.4843
773        12.4841
774        12.4838
775        12.4835
776        12.4832
777        12.4829
778        12.4826
779        12.4822
780        12.4819
781        12.4816
782        12.4813
783         12.481
784        12.4808
785        12.4806
786        12.4804
787        12.4803
788        12.4803
789        12.4803
790        12.4803
791        12.4804
792        12.4805
793        12.4807
794        12.4809
795        12.4812
796        12.4815
797        12.4818
798        12.4821
799        12.4825
800        12.4828
801        12.4832
802        12.4835
803        12.4838
804        12.4841
805        12.4843
806        12.4846
807        12.4847
808        12.4849
809         12.485
810         12.485
811         12.485
812        12.4849
813        12.4848
814        12.4847
815        12.4845
816        12.4842
817         12.484
818        12.4837
819        12.4833
820         12.483
821        12.4826
822        12.4823
823         12.482
824        12.4816
825        12.4813
826         12.481
827        12.4808
828        12.4805
829        12.4804
830        12.4802
831        12.4801
832        12.4801
833        12.4801
834        12.4802
835        12.4803
836        12.4804
837        12.4806
838        12.4808
839        12.4811
840        12.4814
841        12.4817
842         12.482
843        12.4824
844        12.4827
845         12.483
846        12.4834
847        12.4837
848        12.4839
849        12.4842
850        12.4844
851        12.4846
852        12.4847
853        12.4848
854        12.4848
855        12.4848
856        12.4848
857        12.4847
858        12.4845
859        12.4843
860        12.4841
861        12.4839
862        12.4836
863        12.4833
864        12.4829
865        12.4826
866        12.4823
867         12.482
868        12.4816
869        12.4813
870        12.4811
871        12.4808
872        12.4806
873        12.4805
874        12.4803
875        12.4803
876        12.4802
877        12.4803
878        12.4803
879        12.4805
880        12.4806
881        12.4809
882        12.4811
883        12.4814
884        12.4817
885        12.4821
886        12.4824
887        12.4828
888        12.4831
889        12.4835
890        12.4838
891        12.4842
892        12.4845
893        12.4847
894        12.4849
895        12.4851
896        12.4853
897        12.4854
898        12.4854
899        12.4854
900        12.4853
901        12.4852
902         12.485
903        12.4848
904        12.4845
905        12.4843
906        12.4839
907        12.4836
908        12.4832
909        12.4829
910        12.4825
911        12.4821
912        12.4818
913        12.4815
914        12.4812
915        12.4809
916        12.4807
917        12.4805
918        12.4804
919        12.4803
920        12.4803
921        12.4803
922        12.4803
923        12.4805
924        12.4806
925        12.4808
926        12.4811
927        12.4814
928        12.4817
929         12.482
930        12.4823
931        12.4827
932         12.483
933        12.4833
934        12.4837
935        12.4839
936        12.4842
937        12.4844
938        12.4846
939        12.4848
940        12.4849
941        12.4849
942        12.4849
943        12.4848
944        12.4847
945        12.4845
946        12.4843
947        12.4841
948        12.4838
949        12.4835
950        12.4831
951        12.4827
952        12.4824
953         12.482
954        12.4816
955        12.4812
956        12.4808
957        12.4805
958        12.4802
959        12.4799
960        12.4797
961        12.4795
962        12.4794
963        12.4793
964        12.4792
965        12.4792
966        12.4793
967        12.4794
968        12.4795
969        12.4797
970          12.48
971        12.4802
972        12.4805
973        12.4808
974        12.4812
975        12.4815
976        12.4818
977        12.4822
978        12.4825
979        12.4828
980         12.483
981        12.4833
982        12.4834
983        12.4836
984        12.4837
985        12.4837
986        12.4837
987        12.4837
988        12.4836
989        12.4834
990        12.4832
991         12.483
992        12.4827
993        12.4824
994         12.482
995        12.4817
996        12.4813
997        12.4809
998        12.4805
999        12.4802
1000        12.4798
2000        12.4898
3000        12.5606
4000        12.7327
5000        13.0054
6000        13.3674
7000        13.7978
8000        14.2645
9000        14.6706
10000        14.7727
11000        14.7575
12000        14.8005
13000        14.7974
14000        14.7683
15000        14.8663
16000        15.0255
17000        15.1796
18000        15.3808
19000        15.5686
20000        15.6298
21000        15.6292
22000        15.6362
23000        15.6416
24000        15.6911
25000        15.6928
