1     9.7096e-05
2    0.000374692
3    0.000793927
4     0.00129708
5       0.001817
6     0.00228809
7     0.00265706
8     0.00289153
9     0.00298489
10     0.00295659
11      0.0028477
12     0.00271274
13      0.0026093
14     0.00258737
15     0.00268038
16     0.00289953
17     0.00323231
18     0.00364538
19     0.00409123
20     0.00451736
21     0.00487613
22     0.00513359
23     0.00527543
24     0.00530918
25     0.00526212
26     0.00517548
27     0.00509628
28     0.00506824
29     0.00512365
30     0.00527762
31      0.0055257
32     0.00584516
33     0.00619969
34     0.00654646
35     0.00684427
36     0.00706122
37     0.00718048
38       0.007203
39     0.00714689
40     0.00704343
41     0.00693076
42     0.00684642
43     0.00682016
44     0.00686844
45     0.00699146
46     0.00717328
47     0.00738493
48     0.00758971
49     0.00774992
50     0.00783355
51     0.00781982
52     0.00770265
53      0.0074914
54     0.00720892
55     0.00688739
56     0.00656272
57     0.00626869
58     0.00603165
59     0.00586678
60      0.0057764
61      0.0057504
62     0.00576869
63     0.00580509
64     0.00583198
65     0.00582499
66      0.0057668
67     0.00564968
68      0.0054763
69      0.0052588
70     0.00501641
71     0.00477207
72     0.00454864
73      0.0043654
74     0.00423527
75     0.00416316
76     0.00414576
77     0.00417246
78     0.00422741
79     0.00429219
80     0.00434876
81     0.00438207
82     0.00438212
83     0.00434507
84     0.00427329
85     0.00417453
86     0.00406023
87     0.00394345
88     0.00383664
89     0.00374973
90     0.00368867
91      0.0036548
92     0.00364493
93     0.00365215
94     0.00366716
95     0.00368002
96     0.00368177
97     0.00366592
98     0.00362943
99      0.0035731
100     0.00350126
101     0.00342101
102     0.00334094
103     0.00326971
104     0.00321463
105     0.00318052
106     0.00316902
107     0.00317839
108     0.00320386
109     0.00323848
110     0.00327421
111     0.00330322
112     0.00331908
113     0.00331767
114     0.00329775
115       0.003261
116     0.00321164
117     0.00315565
118     0.00309972
119     0.00305018
120     0.00301194
121      0.0029878
122       0.002978
123     0.00298026
124     0.00299025
125     0.00300225
126     0.00301013
127     0.00300837
128     0.00299287
129     0.00296161
130     0.00291497
131     0.00285561
132     0.00278808
133     0.00271807
134     0.00265159
135     0.00259404
136     0.00254946
137     0.00251998
138     0.00250555
139     0.00250409
140      0.0025118
141     0.00252384
142     0.00253507
143     0.00254085
144     0.00253764
145     0.00252355
146     0.00249847
147     0.00246404
148     0.00242329
149      0.0023801
150     0.00233859
151     0.00230245
152     0.00227439
153     0.00225577
154     0.00224649
155     0.00224499
156     0.00224862
157     0.00225406
158     0.00225786
159     0.00225697
160     0.00224919
161     0.00223348
162     0.00221004
163     0.00218022
164     0.00214628
165     0.00211098
166     0.00207714
167     0.00204717
168     0.00202276
169     0.00200462
170     0.00199245
171     0.00198503
172     0.00198045
173     0.00197649
174     0.00197098
175     0.00196215
176     0.00194893
177     0.00193107
178      0.0019092
179     0.00188465
180     0.00185925
181     0.00183498
182     0.00181365
183      0.0017966
184     0.00178447
185     0.00177711
186     0.00177355
187     0.00177222
188     0.00177113
189     0.00176822
190     0.00176164
191     0.00175003
192     0.00173272
193     0.00170984
194     0.00168225
195     0.00165142
196     0.00161919
197     0.00158751
198      0.0015581
199     0.00153227
200     0.00151067
201     0.00149328
202     0.00147938
203     0.00146772
204     0.00145675
205     0.00144482
206      0.0014305
207     0.00141277
208     0.00139119
209     0.00136599
210     0.00133799
211     0.00130852
212     0.00127919
213     0.00125165
214     0.00122737
215     0.00120738
216     0.00119217
217     0.00118158
218     0.00117485
219     0.00117071
220      0.0011676
221     0.00116384
222     0.00115791
223     0.00114866
224      0.0011354
225     0.00111807
226     0.00109716
227     0.00107364
228     0.00104883
229     0.00102417
230     0.00100104
231    0.000980529
232    0.000963337
233    0.000949666
234    0.000939221
235    0.000931282
236    0.000924833
237    0.000918725
238    0.000911862
239    0.000903366
240    0.000892706
241    0.000879767
242    0.000864856
243    0.000848643
244     0.00083205
245    0.000816096
246    0.000801744
247    0.000789749
248    0.000780546
249    0.000774188
250    0.000770339
251    0.000768338
252    0.000767291
253    0.000766216
254    0.000764184
255    0.000760455
256    0.000754579
257    0.000746456
258    0.000736332
259    0.000724752
260    0.000712462
261    0.000700285
262    0.000688985
263    0.000679145
264    0.000671076
265    0.000664769
266    0.000659896
267    0.000655862
268    0.000651904
269    0.000647208
270    0.000641039
271    0.000632857
272    0.000622409
273    0.000609768
274     0.00059533
275    0.000579764
276    0.000563914
277     0.00054868
278    0.000534891
279    0.000523185
280     0.00051392
281    0.000507131
282     0.00050252
283    0.000499514
284    0.000497347
285    0.000495177
286    0.000492211
287    0.000487824
288    0.000481643
289    0.000473603
290    0.000463951
291    0.000453202
292    0.000442056
293    0.000431292
294    0.000421642
295    0.000413682
296    0.000407738
297    0.000403838
298    0.000401703
299    0.000400786
300    0.000400354
301    0.000399593
302    0.000397731
303    0.000394151
304     0.00038849
305    0.000380688
306    0.000371011
307    0.000360012
308    0.000348464
309     0.00033725
310    0.000327253
311    0.000319231
312    0.000313722
313    0.000310978
314    0.000310935
315    0.000313234
316     0.00031728
317    0.000322329
318    0.000327596
319    0.000332368
320    0.000336097
321    0.000338471
322    0.000339442
323    0.000339226
324    0.000338247
325    0.000337068
326    0.000336294
327    0.000336469
328    0.000337999
329    0.000341077
330    0.000345662
331    0.000351484
332    0.000358085
333    0.000364891
334      0.0003713
335    0.000376774
336    0.000380917
337    0.000383537
338    0.000384672
339    0.000384578
340    0.000383693
341    0.000382566
342    0.000381773
343    0.000381831
344    0.000383121
345    0.000385833
346    0.000389945
347    0.000395227
348    0.000401286
349    0.000407632
350    0.000413756
351    0.000419218
352    0.000423715
353    0.000427134
354    0.000429573
355    0.000431323
356    0.000432828
357    0.000434611
358    0.000437196
359    0.000441017
360    0.000446347
361    0.000453248
362    0.000461555
363    0.000470888
364    0.000480702
365    0.000490366
366    0.000499249
367    0.000506815
368    0.000512702
369    0.000516777
370    0.000519162
371    0.000520217
372    0.000520495
373    0.000520661
374    0.000521401
375    0.000523323
376    0.000526871
377     0.00053226
378    0.000539447
379    0.000548144
380    0.000557857
381    0.000567967
382    0.000577823
383    0.000586849
384     0.00059463
385    0.000600989
386    0.000606015
387    0.000610064
388    0.000613713
389    0.000617686
390    0.000622746
391    0.000629595
392    0.000638762
393     0.00065053
394    0.000664881
395    0.000681495
396    0.000699783
397    0.000718957
398    0.000738131
399    0.000756437
400    0.000773131
401    0.000787688
402    0.000799865
403    0.000809721
404    0.000817603
405    0.000824083
406    0.000829872
407    0.000835719
408    0.000842299
409    0.000850121
410    0.000859465
411    0.000870349
412    0.000882537
413    0.000895587
414    0.000908925
415     0.00092194
416    0.000934079
417    0.000944935
418    0.000954307
419     0.00096223
420    0.000968963
421     0.00097495
422    0.000980745
423    0.000986923
424    0.000993988
425     0.00100229
426     0.00101198
427     0.00102295
428     0.00103489
429     0.00104729
430     0.00105954
431       0.001071
432     0.00108111
433     0.00108943
434     0.00109574
435     0.00110006
436     0.00110261
437     0.00110379
438     0.00110412
439     0.00110413
440     0.00110431
441       0.001105
442     0.00110636
443     0.00110837
444     0.00111079
445     0.00111327
446     0.00111535
447     0.00111661
448      0.0011167
449     0.00111543
450     0.00111282
451     0.00110909
452     0.00110463
453     0.00109997
454      0.0010957
455     0.00109237
456     0.00109041
457     0.00109005
458     0.00109133
459     0.00109402
460     0.00109769
461      0.0011018
462     0.00110571
463     0.00110883
464     0.00111071
465     0.00111106
466     0.00110985
467     0.00110727
468     0.00110374
469     0.00109981
470      0.0010961
471     0.00109316
472     0.00109143
473     0.00109115
474     0.00109228
475     0.00109455
476     0.00109745
477     0.00110033
478     0.00110245
479     0.00110313
480     0.00110183
481     0.00109822
482     0.00109226
483     0.00108418
484     0.00107449
485     0.00106387
486     0.00105313
487     0.00104307
488     0.00103439
489     0.00102758
490     0.00102291
491     0.00102034
492     0.00101958
493     0.00102013
494     0.00102133
495     0.00102251
496     0.00102301
497     0.00102231
498     0.00102011
499     0.00101627
500     0.00101093
501     0.00100434
502    0.000996894
503    0.000989027
504    0.000981121
505    0.000973457
506    0.000966169
507    0.000959219
508    0.000952417
509    0.000945457
510    0.000937972
511    0.000929604
512    0.000920071
513    0.000909218
514    0.000897049
515    0.000883739
516    0.000869606
517    0.000855074
518    0.000840614
519    0.000826676
520    0.000813633
521    0.000801731
522    0.000791069
523    0.000781592
524     0.00077312
525    0.000765387
526    0.000758101
527    0.000750996
528    0.000743889
529    0.000736709
530     0.00072951
531    0.000722464
532    0.000715823
533    0.000709872
534    0.000704871
535    0.000700997
536    0.000698306
537    0.000696703
538    0.000695945
539    0.000695666
540    0.000695426
541    0.000694771
542    0.000693305
543    0.000690751
544    0.000686998
545    0.000682129
546    0.000676412
547    0.000670273
548    0.000664236
549    0.000658856
550    0.000654637
551    0.000651965
552    0.000651048
553    0.000651893
554    0.000654301
555    0.000657901
556    0.000662203
557    0.000666673
558    0.000670813
559    0.000674237
560    0.000676725
561    0.000678266
562    0.000679049
563    0.000679447
564    0.000679959
565    0.000681133
566    0.000683494
567    0.000687457
568    0.000693271
569    0.000700975
570    0.000710392
571    0.000721143
572    0.000732697
573    0.000744439
574    0.000755741
575    0.000766041
576     0.00077491
577    0.000782088
578    0.000787513
579    0.000791304
580    0.000793736
581    0.000795191
582    0.000796093
583    0.000796851
584     0.00079781
585    0.000799212
586    0.000801176
587    0.000803711
588    0.000806729
589    0.000810088
590    0.000813627
591    0.000817213
592    0.000820773
593     0.00082431
594    0.000827912
595    0.000831739
596    0.000835997
597    0.000840907
598    0.000846667
599    0.000853426
600    0.000861255
601    0.000870143
602    0.000879997
603    0.000890658
604    0.000901929
605    0.000913602
606    0.000925486
607    0.000937429
608    0.000949333
609    0.000961148
610    0.000972872
611    0.000984524
612    0.000996128
613     0.00100769
614     0.00101918
615     0.00103054
616     0.00104165
617     0.00105241
618     0.00106268
619     0.00107239
620      0.0010815
621     0.00109007
622     0.00109823
623     0.00110622
624     0.00111434
625     0.00112295
626     0.00113239
627       0.001143
628     0.00115502
629     0.00116858
630     0.00118371
631     0.00120027
632     0.00121805
633     0.00123669
634     0.00125581
635     0.00127501
636     0.00129393
637     0.00131225
638     0.00132976
639     0.00134637
640     0.00136205
641      0.0013769
642     0.00139104
643     0.00140462
644     0.00141778
645     0.00143063
646      0.0014432
647     0.00145546
648     0.00146731
649     0.00147861
650     0.00148919
651     0.00149884
652     0.00150743
653     0.00151481
654     0.00152093
655     0.00152577
656     0.00152937
657     0.00153184
658     0.00153329
659     0.00153387
660     0.00153373
661     0.00153299
662      0.0015318
663     0.00153025
664     0.00152845
665     0.00152649
666     0.00152448
667     0.00152249
668     0.00152064
669       0.001519
670     0.00151764
671      0.0015166
672     0.00151588
673     0.00151542
674     0.00151508
675      0.0015147
676     0.00151406
677     0.00151292
678     0.00151103
679     0.00150818
680     0.00150422
681     0.00149907
682     0.00149275
683     0.00148535
684     0.00147704
685     0.00146805
686     0.00145862
687     0.00144898
688     0.00143933
689     0.00142977
690     0.00142035
691       0.001411
692     0.00140162
693     0.00139204
694     0.00138208
695      0.0013716
696     0.00136054
697     0.00134889
698     0.00133678
699     0.00132444
700     0.00131219
701      0.0013004
702     0.00128945
703      0.0012797
704      0.0012714
705     0.00126471
706     0.00125962
707     0.00125597
708     0.00125347
709     0.00125169
710     0.00125015
711     0.00124833
712     0.00124577
713     0.00124206
714     0.00123691
715     0.00123017
716     0.00122183
717     0.00121201
718     0.00120091
719      0.0011888
720     0.00117597
721     0.00116271
722     0.00114922
723     0.00113568
724     0.00112217
725      0.0011087
726     0.00109525
727     0.00108175
728     0.00106817
729     0.00105446
730     0.00104065
731     0.00102678
732     0.00101295
733    0.000999294
734    0.000985929
735    0.000972968
736    0.000960481
737    0.000948477
738    0.000936903
739    0.000925643
740    0.000914536
741      0.0009034
742    0.000892058
743     0.00088037
744    0.000868257
745    0.000855714
746    0.000842816
747    0.000829706
748    0.000816575
749    0.000803628
750    0.000791054
751    0.000778988
752    0.000767486
753     0.00075651
754     0.00074593
755    0.000735534
756    0.000725065
757    0.000714253
758    0.000702862
759    0.000690732
760    0.000677811
761    0.000664175
762    0.000650032
763    0.000635702
764    0.000621586
765    0.000608122
766    0.000595733
767    0.000584772
768    0.000575484
769    0.000567974
770    0.000562199
771    0.000557976
772    0.000555011
773    0.000552948
774    0.000551412
775    0.000550071
776    0.000548679
777    0.000547108
778    0.000545361
779     0.00054357
780    0.000541961
781     0.00054082
782    0.000540435
783    0.000541043
784    0.000542783
785    0.000545663
786    0.000549541
787     0.00055414
788    0.000559068
789    0.000563869
790    0.000568077
791    0.000571278
792    0.000573165
793    0.000573579
794    0.000572532
795    0.000570209
796    0.000566942
797    0.000563175
798    0.000559404
799    0.000556118
800     0.00055374
801    0.000552581
802     0.00055281
803    0.000554441
804    0.000557349
805    0.000561297
806    0.000565984
807     0.00057109
808    0.000576331
809    0.000581495
810    0.000586467
811    0.000591236
812     0.00059588
813     0.00060054
814    0.000605378
815    0.000610531
816    0.000616079
817    0.000622008
818    0.000628203
819    0.000634454
820    0.000640479
821    0.000645969
822     0.00065063
823    0.000654237
824    0.000656675
825    0.000657964
826    0.000658272
827    0.000657898
828    0.000657238
829    0.000656737
830    0.000656828
831    0.000657877
832    0.000660131
833    0.000663684
834    0.000668472
835    0.000674281
836     0.00068079
837    0.000687621
838    0.000694409
839    0.000700864
840    0.000706826
841      0.0007123
842    0.000717469
843    0.000722669
844    0.000728355
845    0.000735027
846    0.000743163
847    0.000753136
848    0.000765153
849    0.000779211
850    0.000795084
851    0.000812336
852     0.00083037
853      0.0008485
854    0.000866034
855    0.000882362
856    0.000897036
857    0.000909823
858    0.000920733
859     0.00093001
860    0.000938091
861    0.000945538
862    0.000952955
863    0.000960891
864    0.000969767
865     0.00097981
866    0.000991021
867     0.00100318
868     0.00101589
869     0.00102863
870     0.00104083
871     0.00105202
872     0.00106182
873     0.00107008
874     0.00107686
875     0.00108247
876     0.00108736
877     0.00109214
878     0.00109743
879     0.00110376
880     0.00111154
881     0.00112096
882     0.00113195
883     0.00114419
884     0.00115719
885     0.00117028
886     0.00118278
887     0.00119403
888     0.00120351
889      0.0012109
890     0.00121607
891     0.00121915
892     0.00122045
893     0.00122036
894     0.00121936
895     0.00121785
896     0.00121613
897     0.00121433
898      0.0012124
899     0.00121014
900     0.00120722
901     0.00120326
902     0.00119795
903     0.00119109
904     0.00118266
905     0.00117288
906     0.00116218
907     0.00115115
908     0.00114052
909     0.00113099
910      0.0011232
911     0.00111758
912      0.0011143
913     0.00111325
914     0.00111404
915     0.00111603
916     0.00111844
917     0.00112048
918     0.00112142
919     0.00112072
920     0.00111813
921     0.00111368
922      0.0011077
923     0.00110075
924     0.00109353
925     0.00108678
926     0.00108112
927     0.00107695
928      0.0010744
929     0.00107327
930     0.00107308
931     0.00107308
932     0.00107245
933     0.00107035
934     0.00106609
935     0.00105925
936     0.00104974
937     0.00103786
938     0.00102425
939     0.00100981
940    0.000995571
941     0.00098258
942    0.000971712
943    0.000963567
944    0.000958368
945    0.000955938
946    0.000955719
947    0.000956859
948    0.000958339
949    0.000959119
950    0.000958301
951    0.000955251
952    0.000949698
953    0.000941759
954    0.000931919
955    0.000920942
956    0.000909746
957    0.000899251
958    0.000890223
959    0.000883153
960    0.000878166
961    0.000874997
962    0.000873027
963    0.000871367
964    0.000868998
965    0.000864924
966    0.000858322
967    0.000848671
968    0.000835834
969    0.000820075
970    0.000802026
971    0.000782588
972      0.0007628
973    0.000743683
974    0.000726096
975    0.000710613
976    0.000697456
977    0.000686477
978    0.000677208
979    0.000668959
980    0.000660947
981    0.000652449
982    0.000642928
983    0.000632144
984    0.000620201
985    0.000607538
986    0.000594867
987    0.000583056
988    0.000572982
989    0.000565386
990    0.000560735
991    0.000559131
992    0.000560272
993    0.000563483
994    0.000567796
995    0.000572092
996    0.000575259
997    0.000576363
998    0.000574784
999    0.000570318
1000    0.000563207
2000      0.0009377
3000     0.00127729
4000     0.00150087
5000     0.00162047
6000     0.00157404
7000      0.0013879
8000     0.00116233
9000     0.00107126
10000     0.00106324
11000     0.00102873
12000     0.00100487
13000     0.00100862
14000     0.00101588
15000     0.00101165
16000     0.00100725
17000     0.00100574
18000     0.00100379
19000      0.0009986
20000    0.000992534
21000    0.000990911
22000     0.00100564
23000     0.00100495
24000    0.000993894
25000    0.000990247
