1        4.12634
2        4.12655
3         4.1269
4        4.12737
5        4.12797
6        4.12866
7        4.12945
8         4.1303
9        4.13121
10        4.13215
11         4.1331
12        4.13404
13        4.13494
14         4.1358
15        4.13658
16        4.13728
17        4.13788
18        4.13837
19        4.13873
20        4.13897
21        4.13907
22        4.13905
23        4.13889
24        4.13861
25        4.13822
26        4.13772
27        4.13712
28        4.13645
29        4.13572
30        4.13493
31        4.13412
32         4.1333
33        4.13249
34        4.13169
35        4.13094
36        4.13024
37        4.12961
38        4.12906
39         4.1286
40        4.12824
41        4.12798
42        4.12782
43        4.12777
44        4.12782
45        4.12798
46        4.12823
47        4.12857
48        4.12899
49        4.12948
50        4.13002
51        4.13061
52        4.13124
53        4.13188
54        4.13253
55        4.13317
56         4.1338
57        4.13438
58        4.13493
59        4.13542
60        4.13586
61        4.13622
62        4.13651
63        4.13672
64        4.13685
65         4.1369
66        4.13687
67        4.13676
68        4.13658
69        4.13633
70        4.13602
71        4.13566
72        4.13525
73         4.1348
74        4.13433
75        4.13384
76        4.13335
77        4.13286
78        4.13238
79        4.13193
80        4.13151
81        4.13113
82         4.1308
83        4.13052
84        4.13029
85        4.13013
86        4.13003
87        4.12999
88        4.13002
89         4.1301
90        4.13024
91        4.13044
92        4.13068
93        4.13097
94        4.13129
95        4.13163
96          4.132
97        4.13238
98        4.13276
99        4.13314
100         4.1335
101        4.13385
102        4.13416
103        4.13445
104        4.13469
105        4.13489
106        4.13505
107        4.13516
108        4.13522
109        4.13522
110        4.13519
111         4.1351
112        4.13497
113         4.1348
114        4.13459
115        4.13435
116        4.13409
117        4.13381
118        4.13352
119        4.13321
120        4.13291
121        4.13262
122        4.13233
123        4.13207
124        4.13182
125        4.13161
126        4.13142
127        4.13127
128        4.13115
129        4.13106
130        4.13102
131        4.13101
132        4.13104
133        4.13111
134        4.13121
135        4.13134
136        4.13149
137        4.13167
138        4.13187
139        4.13208
140         4.1323
141        4.13253
142        4.13276
143        4.13299
144        4.13321
145        4.13341
146         4.1336
147        4.13377
148        4.13392
149        4.13405
150        4.13415
151        4.13422
152        4.13426
153        4.13427
154        4.13426
155        4.13422
156        4.13415
157        4.13405
158        4.13393
159         4.1338
160        4.13364
161        4.13347
162        4.13329
163        4.13311
164        4.13292
165        4.13273
166        4.13255
167        4.13238
168        4.13221
169        4.13206
170        4.13193
171        4.13182
172        4.13173
173        4.13166
174        4.13162
175         4.1316
176         4.1316
177        4.13163
178        4.13169
179        4.13176
180        4.13186
181        4.13197
182         4.1321
183        4.13225
184         4.1324
185        4.13256
186        4.13272
187        4.13289
188        4.13305
189         4.1332
190        4.13335
191        4.13348
192         4.1336
193         4.1337
194        4.13378
195        4.13384
196        4.13388
197         4.1339
198        4.13389
199        4.13387
200        4.13382
201        4.13375
202        4.13367
203        4.13356
204        4.13345
205        4.13332
206        4.13319
207        4.13304
208         4.1329
209        4.13276
210        4.13262
211        4.13249
212        4.13236
213        4.13225
214        4.13215
215        4.13207
216          4.132
217        4.13195
218        4.13192
219        4.13192
220        4.13192
221        4.13195
222          4.132
223        4.13206
224        4.13214
225        4.13223
226        4.13233
227        4.13244
228        4.13256
229        4.13268
230        4.13281
231        4.13293
232        4.13305
233        4.13316
234        4.13326
235        4.13336
236        4.13344
237        4.13351
238        4.13356
239         4.1336
240        4.13362
241        4.13363
242        4.13362
243        4.13359
244        4.13355
245        4.13349
246        4.13342
247        4.13334
248        4.13325
249        4.13315
250        4.13305
251        4.13294
252        4.13283
253        4.13273
254        4.13262
255        4.13252
256        4.13243
257        4.13235
258        4.13227
259        4.13221
260        4.13216
261        4.13213
262         4.1321
263         4.1321
264        4.13211
265        4.13213
266        4.13216
267        4.13221
268        4.13227
269        4.13234
270        4.13242
271        4.13251
272         4.1326
273        4.13269
274        4.13279
275        4.13289
276        4.13298
277        4.13308
278        4.13316
279        4.13324
280        4.13331
281        4.13337
282        4.13341
283        4.13345
284        4.13347
285        4.13348
286        4.13347
287        4.13345
288        4.13342
289        4.13337
290        4.13331
291        4.13325
292        4.13317
293        4.13309
294          4.133
295        4.13291
296        4.13281
297        4.13272
298        4.13262
299        4.13254
300        4.13245
301        4.13238
302        4.13231
303        4.13225
304        4.13221
305        4.13217
306        4.13215
307        4.13215
308        4.13215
309        4.13217
310         4.1322
311        4.13225
312         4.1323
313        4.13237
314        4.13244
315        4.13253
316        4.13261
317         4.1327
318        4.13279
319        4.13288
320        4.13297
321        4.13306
322        4.13314
323        4.13321
324        4.13327
325        4.13332
326        4.13336
327        4.13339
328        4.13341
329        4.13341
330         4.1334
331        4.13338
332        4.13334
333         4.1333
334        4.13324
335        4.13317
336         4.1331
337        4.13302
338        4.13294
339        4.13285
340        4.13276
341        4.13267
342        4.13259
343        4.13251
344        4.13244
345        4.13237
346        4.13231
347        4.13227
348        4.13223
349        4.13221
350         4.1322
351         4.1322
352        4.13221
353        4.13223
354        4.13227
355        4.13232
356        4.13238
357        4.13244
358        4.13252
359        4.13259
360        4.13268
361        4.13276
362        4.13284
363        4.13293
364        4.13301
365        4.13308
366        4.13315
367        4.13321
368        4.13327
369        4.13331
370        4.13334
371        4.13336
372        4.13337
373        4.13337
374        4.13335
375        4.13332
376        4.13329
377        4.13324
378        4.13318
379        4.13312
380        4.13304
381        4.13297
382        4.13289
383        4.13281
384        4.13272
385        4.13264
386        4.13257
387        4.13249
388        4.13243
389        4.13237
390        4.13232
391        4.13228
392        4.13225
393        4.13223
394        4.13222
395        4.13223
396        4.13224
397        4.13227
398        4.13231
399        4.13236
400        4.13241
401        4.13247
402        4.13254
403        4.13262
404         4.1327
405        4.13278
406        4.13286
407        4.13293
408        4.13301
409        4.13308
410        4.13314
411         4.1332
412        4.13325
413        4.13329
414        4.13331
415        4.13333
416        4.13334
417        4.13333
418        4.13332
419        4.13329
420        4.13325
421        4.13321
422        4.13315
423        4.13309
424        4.13302
425        4.13294
426        4.13287
427        4.13279
428        4.13271
429        4.13263
430        4.13256
431        4.13249
432        4.13243
433        4.13237
434        4.13232
435        4.13228
436        4.13225
437        4.13224
438        4.13223
439        4.13223
440        4.13225
441        4.13228
442        4.13231
443        4.13236
444        4.13241
445        4.13248
446        4.13254
447        4.13262
448        4.13269
449        4.13277
450        4.13285
451        4.13293
452          4.133
453        4.13307
454        4.13313
455        4.13319
456        4.13323
457        4.13327
458         4.1333
459        4.13331
460        4.13332
461        4.13331
462        4.13329
463        4.13326
464        4.13323
465        4.13318
466        4.13312
467        4.13306
468        4.13299
469        4.13291
470        4.13283
471        4.13275
472        4.13268
473         4.1326
474        4.13253
475        4.13246
476         4.1324
477        4.13234
478         4.1323
479        4.13227
480        4.13224
481        4.13223
482        4.13223
483        4.13224
484        4.13226
485        4.13229
486        4.13234
487        4.13239
488        4.13245
489        4.13252
490        4.13259
491        4.13266
492        4.13274
493        4.13282
494         4.1329
495        4.13298
496        4.13305
497        4.13311
498        4.13317
499        4.13322
500        4.13327
501         4.1333
502        4.13332
503        4.13333
504        4.13332
505        4.13331
506        4.13329
507        4.13325
508        4.13321
509        4.13316
510         4.1331
511        4.13303
512        4.13296
513        4.13288
514        4.13281
515        4.13273
516        4.13266
517        4.13258
518        4.13252
519        4.13245
520         4.1324
521        4.13235
522        4.13231
523        4.13229
524        4.13227
525        4.13226
526        4.13226
527        4.13228
528         4.1323
529        4.13234
530        4.13238
531        4.13244
532         4.1325
533        4.13256
534        4.13263
535        4.13271
536        4.13278
537        4.13286
538        4.13293
539        4.13301
540        4.13307
541        4.13314
542        4.13319
543        4.13324
544        4.13328
545        4.13331
546        4.13333
547        4.13334
548        4.13333
549        4.13332
550         4.1333
551        4.13326
552        4.13322
553        4.13317
554        4.13311
555        4.13304
556        4.13297
557         4.1329
558        4.13282
559        4.13274
560        4.13267
561        4.13259
562        4.13252
563        4.13246
564         4.1324
565        4.13235
566        4.13231
567        4.13228
568        4.13226
569        4.13225
570        4.13225
571        4.13227
572        4.13229
573        4.13233
574        4.13237
575        4.13243
576        4.13249
577        4.13256
578        4.13263
579        4.13271
580        4.13279
581        4.13288
582        4.13296
583        4.13303
584        4.13311
585        4.13318
586        4.13324
587        4.13329
588        4.13333
589        4.13336
590        4.13338
591        4.13338
592        4.13338
593        4.13336
594        4.13333
595        4.13329
596        4.13324
597        4.13318
598        4.13311
599        4.13303
600        4.13295
601        4.13286
602        4.13278
603        4.13269
604        4.13261
605        4.13252
606        4.13245
607        4.13238
608        4.13232
609        4.13227
610        4.13223
611         4.1322
612        4.13219
613        4.13218
614        4.13219
615        4.13222
616        4.13225
617         4.1323
618        4.13236
619        4.13242
620         4.1325
621        4.13258
622        4.13266
623        4.13275
624        4.13284
625        4.13293
626        4.13302
627         4.1331
628        4.13318
629        4.13325
630        4.13331
631        4.13336
632        4.13339
633        4.13342
634        4.13343
635        4.13343
636        4.13342
637         4.1334
638        4.13336
639        4.13331
640        4.13325
641        4.13318
642        4.13311
643        4.13303
644        4.13294
645        4.13285
646        4.13276
647        4.13267
648        4.13258
649         4.1325
650        4.13242
651        4.13235
652        4.13229
653        4.13224
654         4.1322
655        4.13218
656        4.13216
657        4.13216
658        4.13217
659         4.1322
660        4.13224
661        4.13229
662        4.13235
663        4.13242
664        4.13249
665        4.13258
666        4.13267
667        4.13276
668        4.13286
669        4.13295
670        4.13304
671        4.13313
672        4.13321
673        4.13329
674        4.13335
675        4.13341
676        4.13345
677        4.13348
678         4.1335
679         4.1335
680        4.13349
681        4.13347
682        4.13343
683        4.13338
684        4.13332
685        4.13325
686        4.13316
687        4.13308
688        4.13298
689        4.13288
690        4.13278
691        4.13268
692        4.13258
693        4.13249
694         4.1324
695        4.13232
696        4.13225
697        4.13219
698        4.13214
699        4.13211
700        4.13209
701        4.13209
702         4.1321
703        4.13213
704        4.13217
705        4.13222
706        4.13229
707        4.13237
708        4.13246
709        4.13256
710        4.13266
711        4.13277
712        4.13287
713        4.13298
714        4.13309
715        4.13319
716        4.13328
717        4.13336
718        4.13343
719        4.13349
720        4.13354
721        4.13357
722        4.13358
723        4.13358
724        4.13356
725        4.13353
726        4.13348
727        4.13341
728        4.13334
729        4.13325
730        4.13315
731        4.13305
732        4.13294
733        4.13283
734        4.13271
735         4.1326
736        4.13249
737        4.13239
738         4.1323
739        4.13222
740        4.13215
741        4.13209
742        4.13205
743        4.13202
744        4.13201
745        4.13202
746        4.13204
747        4.13208
748        4.13213
749         4.1322
750        4.13228
751        4.13237
752        4.13247
753        4.13257
754        4.13268
755         4.1328
756        4.13291
757        4.13302
758        4.13312
759        4.13322
760        4.13331
761        4.13339
762        4.13345
763        4.13351
764        4.13355
765        4.13357
766        4.13357
767        4.13357
768        4.13354
769         4.1335
770        4.13345
771        4.13338
772         4.1333
773        4.13321
774        4.13312
775        4.13301
776        4.13291
777         4.1328
778        4.13269
779        4.13258
780        4.13248
781        4.13239
782         4.1323
783        4.13222
784        4.13216
785        4.13211
786        4.13207
787        4.13205
788        4.13204
789        4.13205
790        4.13207
791        4.13211
792        4.13217
793        4.13223
794        4.13231
795        4.13239
796        4.13249
797        4.13259
798         4.1327
799         4.1328
800        4.13291
801        4.13302
802        4.13312
803        4.13321
804         4.1333
805        4.13338
806        4.13344
807        4.13349
808        4.13353
809        4.13355
810        4.13356
811        4.13355
812        4.13353
813        4.13349
814        4.13344
815        4.13337
816        4.13329
817        4.13321
818        4.13311
819        4.13301
820         4.1329
821        4.13279
822        4.13269
823        4.13258
824        4.13248
825        4.13239
826         4.1323
827        4.13223
828        4.13216
829        4.13211
830        4.13208
831        4.13206
832        4.13206
833        4.13207
834         4.1321
835        4.13214
836         4.1322
837        4.13227
838        4.13235
839        4.13244
840        4.13254
841        4.13264
842        4.13275
843        4.13286
844        4.13297
845        4.13307
846        4.13317
847        4.13326
848        4.13334
849        4.13341
850        4.13347
851        4.13351
852        4.13354
853        4.13355
854        4.13355
855        4.13353
856         4.1335
857        4.13345
858        4.13339
859        4.13332
860        4.13323
861        4.13314
862        4.13304
863        4.13294
864        4.13283
865        4.13273
866        4.13262
867        4.13252
868        4.13243
869        4.13234
870        4.13227
871         4.1322
872        4.13215
873        4.13212
874        4.13209
875        4.13209
876        4.13209
877        4.13211
878        4.13215
879         4.1322
880        4.13226
881        4.13233
882        4.13241
883         4.1325
884        4.13259
885        4.13269
886        4.13279
887        4.13289
888        4.13299
889        4.13308
890        4.13316
891        4.13324
892        4.13331
893        4.13337
894        4.13341
895        4.13345
896        4.13346
897        4.13347
898        4.13346
899        4.13344
900         4.1334
901        4.13335
902         4.1333
903        4.13323
904        4.13315
905        4.13306
906        4.13297
907        4.13288
908        4.13279
909        4.13269
910         4.1326
911        4.13251
912        4.13243
913        4.13236
914        4.13229
915        4.13223
916        4.13219
917        4.13216
918        4.13214
919        4.13213
920        4.13214
921        4.13216
922        4.13219
923        4.13224
924        4.13229
925        4.13236
926        4.13243
927        4.13252
928         4.1326
929        4.13269
930        4.13279
931        4.13288
932        4.13297
933        4.13306
934        4.13314
935        4.13321
936        4.13328
937        4.13333
938        4.13337
939        4.13341
940        4.13343
941        4.13343
942        4.13342
943         4.1334
944        4.13337
945        4.13332
946        4.13327
947         4.1332
948        4.13313
949        4.13304
950        4.13296
951        4.13286
952        4.13277
953        4.13268
954        4.13259
955         4.1325
956        4.13242
957        4.13234
958        4.13228
959        4.13222
960        4.13218
961        4.13215
962        4.13213
963        4.13213
964        4.13214
965        4.13216
966         4.1322
967        4.13225
968        4.13231
969        4.13238
970        4.13245
971        4.13254
972        4.13263
973        4.13273
974        4.13282
975        4.13292
976        4.13301
977         4.1331
978        4.13318
979        4.13326
980        4.13332
981        4.13337
982        4.13342
983        4.13344
984        4.13346
985        4.13346
986        4.13345
987        4.13342
988        4.13339
989        4.13334
990        4.13327
991         4.1332
992        4.13312
993        4.13303
994        4.13294
995        4.13285
996        4.13275
997        4.13266
998        4.13256
999        4.13248
1000         4.1324
2000        4.13298
3000        4.13301
4000        4.13263
5000        4.13237
6000         4.1321
7000        4.13182
8000        4.13156
9000        4.13136
10000        4.13121
11000        4.13109
12000        4.13101
13000        4.13094
14000        4.13089
15000        4.13082
16000        4.13077
17000        4.13074
18000        4.13073
19000        4.13073
20000        4.13076
21000        4.13079
22000        4.13076
23000        4.13074
24000        4.13075
25000        4.13078
