0        12.5575
1        12.5575
2        12.5575
500        12.6526
1000        12.7911
1500        12.9342
2000        13.0488
2500        13.1008
3000        13.0637
3500        12.9553
4000        12.8314
4500        12.7941
5000        12.9183
5500        13.0486
6000        13.1061
6500        13.0861
7000        13.0212
7500        12.9679
8000        12.9905
8500        13.0716
9000        13.1334
9500        13.1344
10000         13.071
10500        12.9907
11000        12.9811
11500         13.058
12000        13.1419
12500        13.1713
13000        13.1417
13500        13.0803
14000        13.0445
14500        13.0781
15000        13.1313
15500        13.1501
16000        13.1405
16500        13.1213
17000        13.1116
17500         13.122
18000        13.1347
18500        13.1306
19000        13.1238
19500        13.1235
20000        13.1288
20500        13.1302
21000        13.1165
21500        13.0902
22000        13.0777
22500         13.107
23000        13.1625
23500        13.1823
24000        13.1344
24500        13.0621
25000        13.0226
25500        13.0512
26000        13.1164
26500        13.1485
27000        13.1172
27500        13.0544
28000        13.0159
28500        13.0315
29000        13.0865
29500        13.1271
30000        13.1098
30500        13.0491
31000        12.9957
31500        13.0014
32000        13.0637
32500         13.116
33000        13.1087
33500        13.0553
34000        13.0019
34500        12.9951
35000        13.0471
35500        13.1062
36000        13.1149
36500         13.072
37000        13.0231
37500        13.0156
38000        13.0647
38500        13.1295
39000        13.1476
39500        13.1026
40000        13.0374
40500        13.0018
41000        13.0241
41500        13.0798
42000        13.1174
42500        13.1107
43000        13.0687
43500        13.0341
44000        13.0354
44500         13.064
45000        13.0818
45500        13.0689
46000        13.0319
46500        13.0127
47000        13.0279
47500        13.0602
48000          13.08
48500        13.0683
49000        13.0383
49500        13.0146
50000        13.0136
50500        13.0288
51000        13.0354
51500        13.0172
52000        12.9977
52500        13.0019
53000        13.0325
53500        13.0652
54000        13.0647
54500        13.0324
55000        13.0078
55500        13.0167
56000        13.0482
56500        13.0699
57000        13.0549
57500        13.0216
58000        13.0147
58500        13.0487
59000        13.0989
59500        13.1224
60000         13.102
60500        13.0596
61000        13.0414
61500        13.0732
62000        13.1398
62500         13.181
63000        13.1542
63500        13.0976
64000         13.071
64500        13.1053
65000         13.177
65500         13.227
66000         13.201
66500        13.1287
67000        13.0856
67500        13.1126
68000        13.1879
68500        13.2445
69000        13.2235
69500        13.1518
70000        13.0983
70500        13.1032
71000        13.1569
71500        13.2131
72000        13.2109
72500        13.1494
73000        13.0908
73500        13.0725
74000        13.1012
74500        13.1457
75000        13.1591
75500        13.1198
76000        13.0732
76500        13.0531
77000        13.0572
77500        13.0724
78000        13.0816
78500        13.0772
79000        13.0611
79500        13.0445
80000        13.0367
80500        13.0336
81000        13.0281
81500        13.0254
82000        13.0297
82500        13.0381
83000        13.0416
83500         13.034
84000         13.021
84500         13.016
85000        13.0258
85500        13.0412
86000        13.0451
86500        13.0289
87000        13.0059
87500        13.0055
88000        13.0374
88500        13.0766
89000        13.0826
89500        13.0506
90000        13.0151
90500        13.0111
91000        13.0457
91500        13.0913
92000        13.1036
92500        13.0673
93000         13.019
93500        13.0154
94000        13.0636
94500        13.1223
95000        13.1347
95500        13.0825
96000        13.0045
96500        12.9735
97000          13.02
97500        13.1005
98000        13.1519
98500        13.1232
99000        13.0438
99500        12.9832
100000        12.9977
100500        13.0642
101000        13.1184
101500        13.1115
102000        13.0511
102500        13.0007
103000        12.9987
103500        13.0395
104000         13.083
104500        13.0955
105000        13.0655
105500         13.021
106000        13.0079
106500        13.0338
107000        13.0667
107500        13.0763
108000        13.0603
108500        13.0384
109000        13.0346
109500         13.053
110000        13.0744
110500        13.0793
111000        13.0649
111500        13.0462
112000        13.0446
112500        13.0611
113000        13.0782
113500        13.0833
114000        13.0774
114500        13.0699
115000        13.0733
115500        13.0866
116000        13.0958
116500        13.0908
117000        13.0763
117500        13.0682
118000        13.0778
118500        13.0979
119000        13.1095
119500        13.1027
120000        13.0896
120500        13.0875
121000        13.0965
121500        13.1057
122000        13.1035
122500        13.0864
123000         13.067
123500        13.0693
124000        13.0917
124500        13.1103
125000        13.1061
125500        13.0783
126000        13.0487
126500        13.0472
127000         13.072
127500        13.0931
128000        13.0905
128500        13.0607
129000         13.026
129500        13.0193
130000        13.0454
130500        13.0746
131000        13.0787
131500        13.0494
132000        13.0082
132500        12.9926
133000         13.015
133500        13.0499
134000        13.0665
134500        13.0497
135000        13.0109
135500        12.9857
136000        13.0003
136500        13.0398
137000        13.0656
137500        13.0535
138000        13.0181
138500        12.9926
139000        12.9999
139500        13.0312
140000        13.0561
140500         13.055
141000        13.0293
141500         13.005
142000        13.0077
142500        13.0366
143000        13.0633
143500         13.064
144000        13.0442
144500        13.0257
145000        13.0304
145500        13.0546
146000        13.0773
146500        13.0775
147000        13.0592
147500        13.0431
148000        13.0446
148500        13.0643
149000        13.0859
149500        13.0905
150000        13.0776
150500        13.0657
151000        13.0651
151500         13.073
152000        13.0789
152500        13.0767
153000        13.0723
153500        13.0734
154000        13.0796
154500        13.0831
155000        13.0777
155500        13.0672
156000        13.0621
156500        13.0678
157000        13.0773
157500        13.0778
158000        13.0665
158500        13.0538
159000        13.0535
159500        13.0666
160000        13.0812
160500        13.0801
161000        13.0617
161500        13.0414
162000        13.0366
162500        13.0537
163000        13.0777
163500        13.0815
164000        13.0606
164500        13.0375
165000        13.0316
165500        13.0486
166000        13.0757
166500        13.0826
167000        13.0609
167500         13.031
168000        13.0213
168500        13.0422
169000        13.0771
169500        13.0898
170000        13.0699
170500        13.0382
171000        13.0232
171500        13.0392
172000        13.0732
172500        13.0926
173000        13.0781
173500        13.0466
174000        13.0264
174500        13.0401
175000        13.0763
175500        13.1007
176000        13.0903
176500        13.0575
177000        13.0313
177500        13.0335
178000         13.061
178500        13.0877
179000          13.09
179500        13.0672
180000        13.0426
180500        13.0369
181000        13.0533
181500        13.0704
182000        13.0715
182500        13.0568
183000        13.0401
183500        13.0338
184000        13.0414
184500         13.053
185000        13.0559
185500        13.0483
186000         13.037
186500        13.0322
187000        13.0362
187500        13.0408
188000        13.0398
188500        13.0371
189000         13.036
189500        13.0372
190000        13.0395
190500        13.0395
191000        13.0365
191500        13.0337
192000        13.0339
192500        13.0371
193000        13.0397
193500        13.0383
194000        13.0352
194500        13.0381
195000        13.0477
195500        13.0568
196000        13.0577
196500        13.0503
197000        13.0436
197500        13.0459
198000        13.0576
198500        13.0713
199000        13.0749
199500        13.0648
200000        13.0534
200500        13.0554
201000        13.0713
201500        13.0877
202000          13.09
202500        13.0772
203000        13.0633
203500          13.06
204000        13.0706
204500        13.0852
205000        13.0907
205500        13.0828
206000        13.0683
206500        13.0591
207000        13.0633
207500        13.0756
208000        13.0825
208500        13.0772
209000        13.0646
209500        13.0541
210000        13.0545
210500        13.0646
211000        13.0724
211500        13.0696
212000        13.0581
212500        13.0471
213000        13.0456
213500        13.0529
214000        13.0595
214500        13.0587
215000        13.0513
215500        13.0437
216000        13.0411
216500         13.045
217000        13.0499
217500        13.0491
218000        13.0428
218500         13.038
219000        13.0388
219500        13.0441
220000        13.0486
220500        13.0473
221000        13.0429
221500        13.0399
222000        13.0407
222500        13.0443
223000        13.0474
223500        13.0463
224000         13.043
224500        13.0424
225000        13.0464
225500        13.0517
226000        13.0534
226500        13.0502
227000        13.0466
227500        13.0475
228000        13.0527
228500        13.0582
229000        13.0595
229500         13.055
230000        13.0502
230500        13.0516
231000        13.0587
231500         13.065
232000        13.0641
232500        13.0554
233000         13.047
233500        13.0478
234000        13.0561
234500        13.0648
235000        13.0669
235500        13.0595
236000        13.0491
236500        13.0465
237000        13.0536
237500        13.0626
238000        13.0641
238500        13.0559
239000        13.0456
239500        13.0429
240000        13.0498
240500        13.0604
241000        13.0645
241500         13.057
242000        13.0445
242500        13.0379
243000        13.0442
243500        13.0576
244000        13.0661
244500        13.0612
245000        13.0485
245500        13.0404
246000         13.045
246500        13.0581
247000        13.0682
247500        13.0663
248000        13.0551
248500        13.0464
249000        13.0484
249500        13.0599
250000        13.0714
