0              0        666.087        666.087        666.087              0              0
1      0.0295464        666.057        666.087        666.087    0.000417382   -0.000421661
2        0.11716        665.969        666.087        666.086     0.00163585    -0.00167806
500        3.40225        640.016        643.418         666.08        6.62674        16.0352
1000        3.25774        625.483         628.74         666.08        8.77427        28.5649
1500        3.02557        617.967        620.993         666.08        9.33817        35.7487
2000        2.92747         614.38        617.307        666.079        9.42307        39.3493
2500        2.89489        613.234        616.129        666.079        9.41908        40.5313
3000        2.87898        613.344        616.223        666.079        9.41372        40.4428
3500        2.82285         614.81        617.633        666.079        9.43736        39.0092
4000        2.81883        618.551         621.37         666.08        9.55648        35.1528
4500        3.02129        621.197        624.218         666.08        9.57506        32.2866
5000        2.98022        618.162        621.143        666.079        9.67502        35.2619
5500        2.92688        614.816        617.743        666.079        9.72525        38.6115
6000         2.9031        613.244        616.147        666.079        9.72561        40.2065
6500        2.87579        613.041        615.917        666.079        9.71945        40.4429
7000        2.86861        614.195        617.063        666.079        9.72732        39.2887
7500         2.8943        615.985        618.879        666.079        9.73774        37.4628
8000        2.94644        616.677        619.624        666.079         9.7305        36.7252
8500        2.92454        615.325        618.249        666.079        9.74034        38.0898
9000        2.89868        613.939        616.837        666.079        9.73831        39.5038
9500        2.88057        613.715        616.596        666.079        9.73184         39.752
10000        2.88591         614.68        617.565        666.079        9.73385        38.7802
10500        2.90928        615.812        618.721        666.079        9.73067        37.6279
11000         2.9243        616.012        618.936        666.079        9.72434        37.4189
11500        2.92077        615.144        618.065        666.079        9.72455        38.2897
12000        2.90558        613.977        616.882        666.079        9.72273        39.4747
12500        2.88113        613.476        616.357        666.079        9.71593        40.0068
13000        2.86917        614.423        617.293        666.079        9.72108        39.0657
13500        2.89405        616.393        619.287        666.079        9.73153        37.0609
14000        2.91514        617.764        620.679        666.079        9.72632        35.6743
14500        2.94931        617.556        620.506        666.079        9.72451        35.8492
15000        2.93104         615.47        618.401        666.079        9.74584        37.9329
15500        2.89633        613.454         616.35        666.079        9.74837         39.981
16000        2.86901        613.142        616.011        666.079        9.74131        40.3271
16500        2.88376        614.497        617.381        666.079        9.74927        38.9491
17000        2.88448          616.1        618.984        666.079        9.75276        37.3422
17500        2.90342        617.648        620.552        666.079        9.75625        35.7714
18000        2.96918        617.728        620.697        666.079        9.75455        35.6275
18500        2.92831        615.186        618.115        666.079        9.78983        38.1751
19000        2.87961        613.342        616.221        666.079        9.78547        40.0729
19500         2.8796        613.662        616.542        666.079         9.7827        39.7548
20000        2.90067        614.772        617.673        666.079        9.78157        38.6249
20500        2.90413        615.441        618.345        666.079        9.77582        37.9589
21000        2.91035        615.674        618.585        666.079        9.76963         37.725
21500        2.91948        615.378        618.297        666.079        9.76508        38.0174
22000        2.89721        614.673        617.571        666.079        9.76065        38.7483
22500        2.88479        614.707        617.592        666.079        9.75527        38.7322
23000         2.9048        615.515         618.42        666.079        9.75218        37.9075
23500        2.92716        615.804        618.732        666.079        9.74568        37.6023
24000         2.9087         614.94        617.849        666.079        9.74503        38.4859
24500        2.88774        614.308        617.196        666.079        9.73786        39.1461
25000        2.89283        614.715        617.608        666.079        9.73392         38.738
25500          2.904        615.471        618.375        666.079        9.72956        37.9752
26000        2.91235        615.878         618.79        666.079        9.72323        37.5661
26500        2.90839        615.724        618.632        666.079         9.7177        37.7293
27000        2.91157        615.287        618.199        666.079        9.71292        38.1678
27500         2.8981        614.773        617.671        666.079        9.70732        38.7013
28000        2.89818        614.737        617.635        666.079        9.70142        38.7433
28500        2.90528        614.969        617.875        666.079        9.69574        38.5092
29000        2.91255        615.012        617.924        666.079        9.68995        38.4652
29500        2.90935        614.616        617.526        666.079        9.68529        38.8687
30000        2.89446         614.18        617.075        666.079        9.67935        39.3253
30500         2.8901        614.414        617.304        666.079         9.6747        39.1006
31000         2.9055        615.235        618.141        666.079        9.67129        38.2673
31500        2.91923        615.627        618.546        666.079        9.66447        37.8687
32000        2.90667        615.184        618.091        666.079        9.66001        38.3285
32500        2.91417         614.61        617.524        666.079         9.6552        38.9001
33000        2.90422        613.794        616.698        666.079        9.65166        39.7293
33500         2.8834        613.377         616.26        666.079        9.64493        40.1746
34000        2.88637        614.185        617.071        666.079         9.6453        39.3629
34500        2.90718        615.529        618.436        666.079        9.64277        38.0008
35000        2.91642        616.181        619.097        666.079        9.63533        37.3469
35500        2.92026        615.868        618.788        666.079        9.63126        37.6601
36000        2.91485        614.787        617.701        666.079        9.63116        38.7469
36500        2.88808        613.743        616.631        666.079        9.62523        39.8236
37000        2.88406        613.917        616.801        666.079         9.6208        39.6577
37500        2.90295        614.977         617.88        666.079        9.61931        38.5806
38000        2.90833        615.708        618.616        666.079        9.61272        37.8506
38500         2.9147        615.796        618.711        666.079        9.60686        37.7615
39000        2.91474         615.29        618.205        666.079        9.60285        38.2719
39500        2.89759        614.508        617.405        666.079        9.59853        39.0755
40000        2.87785        614.478        617.356        666.079        9.59332        39.1299
40500        2.90432        615.617        618.521        666.079        9.59372        37.9646
41000        2.92817        616.107        619.035        666.079        9.58596        37.4588
41500        2.89662         615.41        618.307        666.079        9.58217        38.1904
42000        2.89686        615.235        618.132        666.079         9.5758        38.3718
42500        2.92325        615.317         618.24        666.079        9.57026         38.269
43000        2.89853        614.636        617.534        666.079        9.56692        38.9785
43500        2.88412        614.475        617.359        666.079        9.56074        39.1598
44000        2.90596        615.308        618.214        666.079        9.55854        38.3066
44500        2.91495        615.655         618.57        666.079        9.55145        37.9576
45000        2.88897          615.5        618.389        666.079        9.54577        38.1448
45500        2.90331        616.093        618.997        666.079        9.54271          37.54
46000        2.94845        616.031         618.98        666.079        9.54047        37.5594
46500        2.89248        614.244        617.136        666.079        9.54505         39.398
47000        2.87659        613.686        616.563        666.079        9.53567         39.981
47500        2.89604         614.69        617.586        666.079        9.53671         38.957
48000        2.90963        615.581        618.491        666.079        9.52977        38.0588
48500        2.90031        615.868        618.768        666.079          9.524        37.7872
49000         2.9255        616.091        619.016        666.079        9.51827        37.5451
49500        2.91644        615.127        618.044        666.079        9.52155        38.5141
50000        2.88798        614.019        616.907        666.079        9.51433        39.6583
50500        2.82622        614.224         617.05        665.092         9.3984        38.6432
51000        2.78693        615.076        617.863        664.139        9.28427        36.9915
51500        2.72958        614.962        617.691        663.214        9.17127        36.3517
52000        2.65151        614.385        617.036        662.297        9.05915        36.2011
52500        2.59238        614.301        616.893        661.389        8.94756        35.5486
53000        2.53094        614.546        617.077        660.501        8.83835        34.5861
53500          2.496        614.986        617.482        659.639        8.73011         33.427
54000        2.43689        614.855        617.292        658.799        8.62384         32.883
54500        2.38301        614.305        616.688        657.966        8.52036        32.7579
55000        2.32072        613.706        616.026        657.135        8.41665        32.6924
55500        2.30925        613.498        615.807        657.135        8.41151        32.9167
56000        2.30902        613.874        616.183        657.135        8.40943        32.5427
56500        2.32589        614.818        617.144        657.135         8.4094        31.5825
57000        2.34463        615.184        617.529        657.135        8.40328        31.2031
57500         2.3259        614.446        616.772        657.135        8.40254        31.9612
58000        2.31368        613.894        616.208        657.135        8.39705        32.5302
58500        2.32097        613.994        616.315        657.135        8.39268        32.4281
59000        2.32828        614.133        616.461        657.135        8.38802        32.2862
59500        2.31859        614.065        616.384        657.135         8.3835        32.3684
60000        2.32961        614.163        616.493        657.135        8.37902        32.2634
60500        2.32711        613.973          616.3        657.135        8.37516        32.4601
61000        2.31285        613.725        616.038        657.135        8.37038        32.7275
61500        2.30563        614.118        616.424        657.135        8.36862        32.3433
62000        2.32934        615.083        617.412        657.135        8.36766        31.3555
62500        2.34867        615.303        617.652        657.135        8.36217        31.1213
63000        2.31899        614.477        616.796        657.135        8.36126        31.9779
63500        2.32293        613.946        616.269        657.135        8.35608          32.51
64000        2.31944        613.736        616.056        657.135        8.35129        32.7287
64500         2.3119        613.806        616.118        657.135        8.34696        32.6704
65000        2.30495        614.428        616.733        657.135        8.34704        32.0555
65500        2.33902        615.476        617.815        657.135        8.34506        30.9755
66000        2.33848        615.415        617.754        657.135        8.34109        31.0409
66500        2.32242        614.707        617.029        657.135        8.33765        31.7688
67000        2.31919        614.261         616.58        657.135        8.33314         32.222
67500        2.31642        614.229        616.545        657.135        8.32854        32.2616
68000        2.31119        614.623        616.934        657.135        8.32554        31.8754
68500        2.34133         615.22        617.562        657.135        8.32153        31.2523
69000         2.3346        614.891        617.225        657.135        8.31946        31.5909
69500        2.31464        614.239        616.554        657.135         8.3149        32.2669
70000        2.32338        614.122        616.445        657.135        8.31001        32.3802
70500        2.31252        614.177        616.489        657.135        8.30565        32.3404
71000        2.30203        614.772        617.074        657.135        8.30569        31.7558
71500        2.33688        616.015        618.352        657.135        8.30766        30.4755
72000        2.36521        615.941        618.306        657.135        8.30671        30.5224
72500        2.32641        614.205        616.532        657.135        8.31865         32.285
73000        2.30433        613.203        615.507        657.135        8.31044        33.3182
73500        2.31308        613.456         615.77        657.135        8.30737        33.0585
74000        2.30855        614.112        616.421        657.135        8.30534        32.4095
74500        2.31123        615.082        617.394        657.135        8.30728        31.4346
75000        2.34573        616.038        618.384        657.135        8.30416        30.4475
75500        2.36044        615.417        617.778        657.135        8.31083         31.047
76000         2.3187        613.684        616.002        657.135        8.31962        32.8135
76500        2.29793         613.14        615.438        657.135        8.31166         33.386
77000        2.31624        613.804        616.121        657.135        8.31139        32.7034
77500        2.32539        614.386        616.712        657.135        8.30682        32.1169
78000         2.3197        614.601         616.92        657.135        8.30214        31.9131
78500        2.33862         614.74        617.079        657.135         8.2976         31.759
79000        2.33079        614.278        616.609        657.135        8.29569        32.2307
79500        2.30433        613.818        616.122        657.135        8.29069        32.7223
80000        2.32066        614.205        616.525        657.135        8.28802         32.322
80500        2.33666        614.521        616.858        657.135        8.28293        31.9945
81000        2.32176        614.183        616.505        657.135        8.27959        32.3511
81500        2.32013        613.988        616.308        657.135        8.27461        32.5525
82000        2.32437         613.96        616.284        657.135        8.27012         32.581
82500        2.31566        613.981        616.297        657.135        8.26569        32.5727
83000        2.31675        614.424        616.741        657.135        8.26331        32.1314
83500        2.34066        614.777        617.118        657.135        8.25806        31.7596
84000        2.32396        614.387        616.711        657.135         8.2548        32.1694
84500        2.31308        614.159        616.472        657.135        8.24987        32.4131
85000        2.33028        614.308        616.638        657.135        8.24544        32.2518
85500        2.32218        614.195        616.517        657.135         8.2411        32.3774
86000        2.32086        614.098        616.419        657.135        8.23653        32.4798
86500        2.32557         614.15        616.475        657.135        8.23208        32.4283
87000        2.31732        614.136        616.454        657.135        8.22758        32.4541
87500        2.31771        614.316        616.634        657.135        8.22352        32.2778
88000        2.32166         614.75        617.072        657.135         8.2202        31.8437
88500        2.33374        614.961        617.295        657.135        8.21518        31.6252
89000        2.32882        614.656        616.985        657.135        8.21143         31.939
89500        2.32341        614.231        616.554        657.135        8.20749        32.3736
90000        2.31841        613.919        616.237        657.135         8.2029        32.6956
90500        2.31447        613.973        616.287        657.135        8.19871        32.6497
91000        2.32157        614.386        616.708        657.135        8.19502        32.2328
91500        2.32379        614.754        617.078        657.135        8.19059        31.8669
92000        2.32159        615.063        617.385        657.135        8.18659         31.564
92500        2.33232        615.308         617.64        657.135        8.18186        31.3136
93000        2.33402        614.947        617.281        657.135        8.17975        31.6744
93500        2.32093        614.213        616.534        657.135        8.17625         32.425
94000        2.31008        613.942        616.252        657.135        8.17091        32.7124
94500        2.32588         614.26        616.585        657.135        8.16703         32.383
95000        2.32074        614.457        616.777        657.135        8.16242        32.1956
95500        2.31056        614.844        617.155        657.135        8.16018        31.8208
96000        2.33727        615.513         617.85        657.135        8.15575        31.1293
96500        2.34587        615.133        617.479        657.135        8.15621        31.5005
97000        2.30575        614.042        616.348        657.135        8.15287        32.6351
97500        2.31521        614.069        616.384        657.135        8.14821        32.6034
98000        2.32978        614.478        616.808        657.135        8.14346        32.1844
98500        2.32531        614.358        616.683        657.135        8.13947        32.3126
99000        2.31142        614.299        616.611        657.135        8.13504        32.3898
99500        2.33766        614.664        617.001        657.135        8.13085        32.0032
100000        2.33285        614.198         616.53        657.135        8.13049        32.4746
100500         2.1651        613.598        615.763        654.782        7.97859        31.0401
101000        2.01139        613.922        615.933        652.561        7.83121        28.7964
101500        1.90523        614.338        616.243        650.505        7.68614        26.5761
102000        1.75956        613.909        615.668         648.57        7.54727         25.354
102500         1.6383        613.569        615.207        646.718        7.40731        24.1033
103000        1.55457        613.487        615.042        644.964        7.27104        22.6515
103500         1.4305        613.051        614.481        643.298        7.14099        21.6759
104000        1.32373        612.814        614.138        641.703        7.00797        20.5575
104500         1.2377        613.038        614.276        640.202        6.87993        19.0464
105000        1.17152        613.417        614.589        638.813        6.75409        17.4702
105500        1.16532        613.451        614.617        638.813        6.75193        17.4447
106000        1.15875        613.287        614.445        638.813        6.74997        17.6178
106500        1.16694        613.115        614.282        638.813        6.74839        17.7824
107000        1.14873        612.888        614.037        638.813        6.74631        18.0298
107500        1.15638         612.91        614.066        638.813        6.74396        18.0031
108000         1.1531        613.072        614.225        638.813        6.74246        17.8452
108500        1.16706        613.314        614.481        638.813        6.74069        17.5914
109000        1.16555        613.356        614.522        638.813        6.73827        17.5532
109500        1.16678        613.287        614.454        638.813         6.7361        17.6229
110000          1.158        613.127        614.285        638.813        6.73454        17.7938
110500        1.15367        613.181        614.335        638.813        6.73303        17.7453
111000        1.16861        613.371         614.54        638.813        6.73042        17.5428
111500        1.16554        613.296        614.461        638.813        6.72863        17.6231
112000        1.16429        613.143        614.307        638.813        6.72652        17.7793
112500        1.15805         613.07        614.228        638.813        6.72416        17.8613
113000         1.1674          613.1        614.267        638.813        6.72196         17.824
113500        1.14997        613.077        614.227        638.813        6.71978        17.8667
114000        1.16401        613.365        614.529        638.813        6.72055        17.5636
114500        1.17172        613.551        614.723        638.813        6.71692        17.3735
115000        1.16896         613.35        614.519        638.813        6.71641        17.5775
115500        1.15396          613.1        614.254        638.813        6.71375        17.8451
116000        1.16729         613.08        614.247        638.813         6.7114        17.8548
116500        1.16276            613        614.162        638.813        6.70941        17.9414
117000        1.15021        613.014        614.164        638.813         6.7076        17.9411
117500        1.16681         613.27        614.437        638.813        6.70626        17.6697
118000        1.16492        613.335          614.5        638.813        6.70352          17.61
118500        1.15286        613.228        614.381        638.813        6.70148        17.7305
119000        1.16074        613.322        614.483        638.813        6.69995        17.6302
119500        1.17446        613.395         614.57        638.813        6.69741        17.5461
120000         1.1569        613.143          614.3        638.813        6.69678         17.816
120500        1.16281        613.078        614.241        638.813        6.69384        17.8784
121000        1.17099        613.076        614.247        638.813         6.6918         17.874
121500        1.15627        612.964         614.12        638.813        6.68957        18.0034
122000        1.15174        613.143        614.295        638.813        6.68942         17.829
122500         1.1663        613.653        614.819        638.813        6.69162        17.3023
123000        1.18027         613.85         615.03        638.813        6.68724         17.096
123500        1.17354         613.47        614.643        638.813        6.68937        17.4805
124000        1.15986        613.009        614.169        638.813        6.68754        17.9567
124500        1.15422        612.817        613.971        638.813        6.68462        18.1575
125000         1.1538        612.918        614.072        638.813        6.68316        18.0578
125500         1.1502        613.236        614.386        638.813        6.68339        17.7439
126000        1.17126        613.646        614.817        638.813        6.68219        17.3136
126500        1.18217        613.593        614.775        638.813        6.68134        17.3564
127000        1.15938        613.039        614.198        638.813         6.6847          17.93
127500        1.14982        612.736        613.886        638.813        6.68038        18.2467
128000        1.15047        612.889         614.04        638.813        6.67973        18.0937
128500        1.15954        613.257        614.417        638.813        6.67949        17.7168
129000        1.17216         613.54        614.712        638.813        6.67728        17.4236
129500        1.17179         613.38        614.552        638.813        6.67704         17.584
130000        1.16251        612.933        614.095        638.813        6.67765        18.0402
130500        1.14783        612.682         613.83        638.813        6.67447        18.3084
131000        1.14927        612.852        614.001        638.813        6.67395        18.1382
131500        1.15904        613.262        614.421        638.813         6.6749        17.7169
132000        1.16641        613.593         614.76        638.813        6.67257         17.381
132500        1.17266        613.566        614.739        638.813        6.67067        17.4039
133000         1.1686        613.214        614.382        638.813        6.67118        17.7597
133500        1.15101        612.893        614.044        638.813        6.66886        18.1002
134000        1.16025        612.888        614.049        638.813        6.66641        18.0981
134500        1.15292        613.068        614.221        638.813        6.66568        17.9266
135000        1.16575        613.371        614.536        638.813        6.66411        17.6126
135500        1.16699        613.492        614.659        638.813        6.66156        17.4923
136000        1.16081         613.39        614.551        638.813        6.65993        17.6023
136500        1.15325        613.278        614.431        638.813         6.6575        17.7249
137000        1.16774        613.328        614.495        638.813        6.65533        17.6624
137500        1.16061        613.215        614.376        638.813        6.65379        17.7835
138000        1.15486        613.132        614.287        638.813        6.65127        17.8747
138500        1.15358        613.193        614.346        638.813        6.64915        17.8178
139000        1.16822        613.323        614.491        638.813        6.64717        17.6748
139500        1.16073        613.232        614.393        638.813        6.64558        17.7746
140000        1.14914        613.169        614.318        638.813        6.64312        17.8523
140500        1.16801        613.323        614.491        638.813        6.64119        17.6813
141000        1.15964        613.284        614.443        638.813        6.63911        17.7307
141500        1.16238        613.176        614.338        638.813        6.63709         17.838
142000        1.14833        613.177        614.325        638.813        6.63519         17.853
142500        1.17819        613.357        614.535        638.813        6.63303        17.6452
143000        1.16529        613.139        614.304        638.813        6.63274        17.8764
143500        1.15489        612.916         614.07        638.813        6.62985        18.1129
144000        1.15761        612.995        614.153        638.813         6.6283         18.032
144500        1.16421        613.139        614.304        638.813        6.62586        17.8838
145000        1.15196        613.138         614.29        638.813         6.6236        17.8995
145500        1.15501        613.311        614.466        638.813        6.62283        17.7239
146000        1.17874        613.532         614.71        638.813        6.62017        17.4826
146500        1.17517        613.319        614.494        638.813         6.6203        17.6991
147000         1.1564        612.943          614.1        638.813        6.61855         18.095
147500        1.15883        612.855        614.014        638.813        6.61575        18.1834
148000        1.16151        612.971        614.132        638.813        6.61402        18.0667
148500         1.1562        613.123        614.279        638.813        6.61196        17.9222
149000        1.15981        613.414        614.574        638.813        6.61212        17.6268
149500        1.16329        613.647         614.81        638.813        6.60891        17.3938
150000        1.17571        613.505        614.681        638.813        6.60951        17.5227
150500        1.09644        613.152        614.249        637.504        6.48898        16.7666
151000        1.00518        612.844        613.849         636.25         6.3714        16.0299
151500       0.948516        612.776        613.725        635.056        6.25378        15.0772
152000       0.873135         612.79        613.663         633.93        6.13915        14.1283
152500       0.816626        612.886        613.703        632.875        6.02671        13.1454
153000       0.776235        612.969        613.745        631.888        5.91637        12.2261
153500        0.71536        612.902        613.617        630.958        5.80896        11.5318
154000        0.67257        612.759        613.432        630.075        5.70488         10.939
154500       0.622809        612.608        613.231        629.232        5.60069        10.4004
155000       0.584903        612.506        613.091         628.43        5.49919        9.83998
155500       0.579943        612.441        613.021         628.43        5.49749        9.91159
156000       0.577632        612.533        613.111         628.43        5.49831         9.8211
156500       0.583227        612.658        613.241         628.43        5.49659        9.69259
157000       0.581747        612.676        613.257         628.43        5.49534        9.67715
157500       0.580362        612.587        613.167         628.43        5.49554        9.76727
158000       0.585416        612.537        613.123         628.43        5.49374        9.81347
158500       0.575662        612.492        613.067         628.43        5.49294        9.86974
159000       0.573146         612.52        613.093         628.43        5.49228        9.84456
159500       0.576533        612.669        613.245         628.43        5.49267        9.69179
160000       0.590289        612.759        613.349         628.43        5.49089         9.5897
160500        0.59151         612.63        613.221         628.43        5.49246        9.71598
161000       0.574892        612.444        613.019         628.43        5.49127        9.91928
161500       0.572321        612.436        613.008         628.43        5.49008        9.93183
162000       0.574447        612.602        613.176         628.43        5.49193         9.7617
162500       0.583577        612.814        613.397         628.43        5.49165        9.54109
163000       0.588329        612.918        613.506         628.43        5.48994        9.43366
163500       0.591616        612.857        613.448         628.43        5.48959        9.49209
164000       0.579161        612.608        613.187         628.43        5.49354        9.74893
164500       0.568799        612.408        612.977         628.43        5.49172        9.96169
165000       0.571075        612.468        613.039         628.43        5.49188        9.89928
165500       0.582835        612.707         613.29         628.43        5.49496        9.64471
166000       0.589047        612.827        613.416         628.43        5.49207        9.52182
166500       0.589309        612.777        613.366         628.43        5.49123        9.57248
167000        0.57145        612.644        613.216         628.43        5.49138        9.72267
167500       0.579026        612.545        613.124         628.43        5.49066         9.8148
168000       0.580277        612.501        613.081         628.43        5.48918        9.85951
168500       0.575345        612.579        613.154         628.43        5.48952        9.78595
169000       0.597658         612.66        613.258         628.43        5.48795        9.68421
169500       0.581293        612.564        613.146         628.43        5.48759        9.79684
170000       0.571695        612.488        613.059         628.43         5.4865        9.88397
170500       0.575677        612.505        613.081         628.43        5.48546        9.86354
171000       0.580298        612.563        613.143         628.43        5.48453        9.80244
171500       0.577829        612.608        613.185         628.43        5.48344        9.76115
172000       0.592937        612.672        613.265         628.43        5.48266         9.6824
172500       0.578987         612.58        613.159         628.43        5.48305        9.78804
173000       0.579349        612.454        613.033         628.43         5.4819        9.91491
173500       0.571323         612.46        613.031         628.43        5.48108        9.91766
174000       0.585459        612.575        613.161         628.43        5.48032        9.78879
174500       0.579566        612.607        613.186         628.43        5.47899        9.76468
175000       0.573421        612.634        613.208         628.43        5.47808        9.74416
175500       0.593665        612.678        613.271         628.43        5.47704        9.68169
176000       0.583864        612.604        613.188         628.43        5.47637        9.76565
176500       0.568975        612.558        613.127         628.43        5.47523        9.82739
177000         0.5839         612.66        613.244         628.43        5.47536        9.71028
177500       0.578747         612.68        613.258         628.43        5.47381        9.69764
178000       0.579158        612.624        613.204         628.43        5.47284        9.75352
178500       0.580402          612.6        613.181         628.43        5.47161        9.77753
179000       0.584784        612.601        613.186         628.43        5.47052        9.77379
179500        0.57941        612.567        613.146         628.43        5.46957        9.81394
180000       0.574345        612.665         613.24         628.43        5.47155        9.71858
180500       0.587462        612.829        613.416         628.43        5.46927        9.54438
181000       0.580698        612.755        613.335         628.43        5.46965        9.62495
181500       0.582394        612.563        613.146         628.43         5.4703         9.8138
182000       0.575945        612.477        613.053         628.43        5.46795        9.90861
182500       0.578925        612.477        613.056         628.43        5.46688        9.90744
183000       0.571867        612.531        613.103         628.43        5.46663        9.86061
183500        0.57855        612.727        613.306         628.43        5.46843        9.65553
184000       0.595282        612.835         613.43         628.43        5.46598        9.53388
184500       0.585865        612.653        613.239         628.43          5.469        9.72181
185000       0.569396        612.438        613.008         628.43        5.46787        9.95433
185500       0.578057        612.447        613.025         628.43        5.46668        9.93807
186000       0.576354         612.54        613.116         628.43        5.46578        9.84809
186500       0.578451        612.664        613.243         628.43        5.46578        9.72133
187000       0.598775        612.767        613.365         628.43        5.46451        9.60003
187500       0.584723        612.641        613.226         628.43        5.46572        9.73863
188000       0.574743        612.466        613.041         628.43         5.4651        9.92418
188500        0.56882        612.474        613.043         628.43         5.4643        9.92306
189000       0.581049        612.633        613.214         628.43        5.46446        9.75117
189500       0.578357        612.759        613.338         628.43        5.46355        9.62857
190000       0.592027        612.812        613.404         628.43        5.46225        9.56388
190500       0.590544        612.677        613.268         628.43        5.46347        9.69872
191000       0.568281        612.486        613.055         628.43        5.46299        9.91243
191500       0.572867        612.458        613.031         628.43        5.46148        9.93724
192000        0.58014        612.593        613.173         628.43        5.46282        9.79397
192500       0.590448        612.771        613.361         628.43        5.46237        9.60629
193000        0.58361        612.795        613.379         628.43        5.46068        9.59049
193500       0.585826        612.699        613.285         628.43        5.46061        9.68439
194000       0.578418        612.546        613.124         628.43        5.46054        9.84499
194500       0.575505        612.474        613.049         628.43        5.45892        9.92193
195000       0.575298        612.521        613.097         628.43        5.45822        9.87517
195500       0.586802        612.655        613.242         628.43        5.45844        9.72957
196000       0.590214         612.69         613.28         628.43         5.4568        9.69271
196500       0.577931        612.592         613.17         628.43        5.45637        9.80342
197000       0.576568        612.505        613.082         628.43        5.45545         9.8926
197500        0.57612        612.485        613.061         628.43        5.45418        9.91436
198000       0.577249        612.537        613.114         628.43        5.45332         9.8624
198500        0.58635        612.624         613.21         628.43        5.45257        9.76695
199000       0.601896        612.641        613.243         628.43        5.45153        9.73524
199500       0.573987        612.548        613.122         628.43        5.45086        9.85752
200000       0.571664        612.494        613.066         628.43        5.45002        9.91385
200500       0.500636        612.491        612.992        626.962        5.26905        8.70111
201000        0.43534        612.477        612.912        625.657        5.09456        7.65014
201500       0.404108        612.476        612.881        624.495        4.92522        6.68946
202000       0.336454        612.417        612.753        623.458        4.76332        5.94133
202500       0.288182        612.316        612.604        622.522        4.60977        5.30811
203000       0.257683         612.26        612.518        621.676        4.45534        4.70208
203500       0.214061        612.257        612.471        620.916        4.30753        4.13757
204000       0.203845        612.248        612.452        620.237        4.16552        3.61957
204500       0.165703        612.225        612.391        619.626        4.02822        3.20721
205000       0.152569        612.187         612.34        619.075        3.89705        2.83818
205500       0.139045        612.155        612.294        619.075        3.89606        2.88429
206000       0.139666        612.163        612.302        619.075        3.89606         2.8763
206500       0.146738        612.191        612.337        619.075        3.89662        2.84086
207000       0.148983        612.203        612.352        619.075        3.89599        2.82733
207500       0.147714        612.187        612.335        619.075        3.89605        2.84361
208000       0.147135        612.162        612.309        619.075        3.89614         2.8697
208500       0.145693        612.133        612.279        619.075        3.89636        2.89995
209000       0.135698        612.134        612.269        619.075        3.89607        2.90932
209500       0.145204        612.161        612.307        619.075        3.89673        2.87143
210000       0.151948        612.183        612.335        619.075        3.89632        2.84339
210500       0.146968        612.168        612.315        619.075        3.89684        2.86282
211000       0.146279        612.141        612.288        619.075        3.89645        2.89065
211500       0.142327        612.124        612.267        619.075        3.89633        2.91197
212000       0.143645        612.125        612.269        619.075        3.89609        2.90993
212500       0.140137        612.145        612.286        619.075        3.89605        2.89328
213000       0.149871        612.168        612.318        619.075        3.89632        2.86033
213500       0.144588        612.172        612.317        619.075        3.89593        2.86185
214000       0.146508        612.166        612.313        619.075        3.89556        2.86665
214500       0.149264         612.15          612.3        619.075        3.89573        2.87944
215000         0.1421         612.13        612.272        619.075        3.89554         2.9075
215500       0.137321        612.139        612.276        619.075        3.89559        2.90341
216000       0.145427        612.176        612.322        619.075        3.89699        2.85596
216500       0.149824        612.197        612.347        619.075        3.89593        2.83159
217000       0.144157         612.19        612.334        619.075         3.8958        2.84493
217500       0.148781        612.182        612.331        619.075        3.89546        2.84873
218000       0.148251         612.16        612.308        619.075        3.89603        2.87103
218500       0.142633        612.131        612.273        619.075        3.89587        2.90577
219000       0.131843        612.146        612.278        619.075        3.89649        2.90017
219500        0.14785        612.199        612.347        619.075        3.89939        2.82856
220000       0.159057        612.212        612.371        619.075        3.89813         2.8059
220500       0.141898        612.173        612.315        619.075        3.89969        2.86003
221000       0.140926        612.157        612.298        619.075        3.89874        2.87795
221500       0.153213        612.149        612.302        619.075        3.89861        2.87438
222000       0.138902        612.133        612.272        619.075        3.89873        2.90413
222500       0.138706        612.147        612.286        619.075        3.89931        2.88958
223000       0.150122         612.18         612.33        619.075        3.89951        2.84548
223500       0.151947        612.175        612.327        619.075        3.89946        2.84843
224000       0.140043        612.152        612.292        619.075        3.89944        2.88382
224500        0.14514        612.147        612.292        619.075        3.89907        2.88385
225000       0.147077        612.146        612.293        619.075         3.8988        2.88289
225500       0.140608        612.152        612.292        619.075        3.89862        2.88407
226000        0.14539        612.166        612.311        619.075        3.89849        2.86513
226500       0.147207        612.177        612.324        619.075        3.89821        2.85273
227000       0.147468        612.173         612.32        619.075          3.898        2.85657
227500       0.146314        612.158        612.305        619.075        3.89784        2.87238
228000       0.142299        612.144        612.286        619.075         3.8977        2.89118
228500       0.135902         612.16        612.296        619.075        3.89828        2.88016
229000       0.148795        612.199        612.347        619.075        3.89891        2.82857
229500       0.146967        612.226        612.372        619.075        3.89832        2.80404
230000       0.151289        612.216        612.368        619.075        3.89835         2.8089
230500       0.147279        612.177        612.325        619.075        3.89942        2.85065
231000        0.14235        612.147        612.289        619.075        3.89882        2.88663
231500       0.138209         612.15        612.288        619.075         3.8986        2.88842
232000          0.142        612.184        612.326        619.075        3.89991        2.84935
232500       0.149186        612.221         612.37        619.075        3.89975        2.80482
233000       0.148533         612.23        612.379        619.075        3.89919         2.7969
233500       0.155479        612.191        612.346        619.075        3.90091        2.82745
234000       0.137051        612.148        612.285        619.075        3.90114        2.88823
234500       0.141951        612.144        612.286        619.075         3.9007        2.88825
235000       0.146024        612.159        612.305        619.075        3.90042        2.86981
235500       0.149087        612.167        612.317        619.075        3.90021        2.85811
236000       0.144945        612.151        612.296        619.075        3.90077        2.87768
236500       0.143424        612.145        612.288        619.075        3.90019        2.88651
237000       0.145823        612.145        612.291        619.075        3.89989        2.88398
237500       0.142859        612.146        612.289        619.075        3.89961        2.88605
238000       0.148446        612.149        612.298        619.075        3.89933        2.87793
238500       0.142777        612.151        612.293        619.075        3.89907        2.88235
239000       0.151625        612.136        612.288        619.075         3.8991        2.88764
239500       0.140423        612.117        612.257        619.075        3.89908        2.91844
240000       0.138009        612.127        612.265        619.075        3.89927        2.91074
240500       0.149104        612.159        612.308        619.075         3.8998        2.86661
241000       0.150179        612.166        612.316        619.075        3.89922        2.85924
241500       0.140582        612.154        612.294        619.075        3.89904        2.88144
242000       0.146038        612.157        612.303        619.075        3.89892        2.87302
242500       0.149251        612.155        612.304        619.075        3.89867        2.87175
243000       0.138691        612.149        612.288        619.075        3.89838        2.88858
243500       0.141423        612.171        612.312        619.075        3.89928        2.86336
244000       0.155423        612.186        612.341        619.075        3.89855        2.83482
244500       0.141017        612.177        612.318        619.075        3.89859        2.85837
245000       0.144329        612.171        612.316        619.075        3.89822        2.86081
245500       0.145859        612.178        612.324        619.075        3.89799         2.8532
246000         0.1464         612.18        612.327        619.075         3.8977        2.85062
246500       0.139119        612.183        612.322        619.075        3.89744         2.8551
247000       0.148582        612.198        612.347        619.075        3.89774        2.83059
247500        0.15049        612.197        612.348        619.075        3.89745        2.82974
248000       0.143116        612.172        612.315        619.075        3.89768        2.86225
248500       0.145662        612.159        612.305        619.075         3.8971        2.87292
249000       0.143089        612.152        612.295        619.075        3.89699        2.88258
249500       0.142153        612.158        612.301        619.075        3.89693        2.87733
250000       0.146101        612.178        612.324        619.075         3.8967        2.85446
